69.3357433137,78.3107807850536,49.8592577976703,66.2896846758573,66.808086464876,76.2792162402648,72.4473515801245,61.7549195332078,77.9830169742409,74.6624811292663,62.7417744019549,74.7815395107126,56.8817853560824,73.3832308444605,75.238499163843,79.7445133603684,66.0524317149584,65.9854285678128,63.8833774210967,66.183755638103,62.3954046806542,75.06869202649,63.4291073631507,80.4617787678026,67.919595251977,69.3357433137,78.3107807850536,49.8592577976703,66.2896846758573,66.808086464876,76.2792162402648,72.4473515801245,61.7549195332078,77.9830169742409,74.6624811292663,62.7417744019549,74.7815395107126,56.8817853560824,73.3832308444605,75.238499163843,79.7445133603684,66.0524317149584,65.9854285678128,63.8833774210967,66.183755638103,62.3954046806542,75.06869202649,63.4291073631507,80.4617787678026,67.919595251977
78.3107803187701,110.802780379217,69.3522663721348,85.3560913491801,83.3852651431435,90.5587940613146,89.2845458608693,77.4237767435455,93.8630191601894,104.79078214023,67.2975159107631,95.7427692735429,74.436320708293,90.0431297406469,88.8347356251675,103.375670781081,79.0715398270191,90.4949830371044,70.7326271893426,80.5009788386829,80.6341782619709,91.6053126483145,88.9639232290797,99.217302912538,90.2457279131924,78.3107803187701,110.802780379217,69.3522663721348,85.3560913491801,83.3852651431435,90.5587940613146,89.2845458608693,77.4237767435455,93.8630191601894,104.79078214023,67.2975159107631,95.7427692735429,74.436320708293,90.0431297406469,88.8347356251675,103.375670781081,79.0715398270191,90.4949830371044,70.7326271893426,80.5009788386829,80.6341782619709,91.6053126483145,88.9639232290797,99.217302912538,90.2457279131924
49.8592573313869,69.3522663721348,71.9110207422128,58.1295870120569,63.2187741316874,61.3184305457494,57.4228248821089,61.0857251969569,68.2664885100172,77.1328430228812,60.6833513416832,74.5407862669283,69.5636361077721,64.9878816839223,72.4225457440009,88.5510342877303,56.4279558318214,70.1709307000121,68.888265108679,63.953761966435,59.4523336914586,69.2733472004074,61.7950429503712,76.1121901132327,68.4506900985277,49.8592573313869,69.3522663721348,71.9110207422128,58.1295870120569,63.2187741316874,61.3184305457494,57.4228248821089,61.0857251969569,68.2664885100172,77.1328430228812,60.6833513416832,74.5407862669283,69.5636361077721,64.9878816839223,72.4225457440009,88.5510342877303,56.4279558318214,70.1709307000121,68.888265108679,63.953761966435,59.4523336914586,69.2733472004074,61.7950429503712,76.1121901132327,68.4506900985277
66.2896842095738,85.3560913491801,58.1295870120569,95.2661842032864,67.6817888451439,73.1159418035211,75.9788689570888,69.1580179241777,79.8539391082327,84.740636453029,67.6815311808032,80.8980533437149,65.3898114931197,84.500499789134,69.2056604863582,91.2017768904334,69.2028687911956,78.3543095990944,57.9425624361722,76.929675085963,74.1805466489654,72.2710382941941,74.5575252702911,80.429289341819,84.2399807082312,66.2896842095738,85.3560913491801,58.1295870120569,95.2661842032864,67.6817888451439,73.1159418035211,75.9788689570888,69.1580179241777,79.8539391082327,84.740636453029,67.6815311808032,80.8980533437149,65.3898114931197,84.500499789134,69.2056604863582,91.2017768904334,69.2028687911956,78.3543095990944,57.9425624361722,76.929675085963,74.1805466489654,72.2710382941941,74.5575252702911,80.429289341819,84.2399807082312
66.8080859985926,83.3852651431435,63.2187741316874,67.6817888451439,89.418276952485,80.2623831553694,74.3496716837467,72.756576526128,84.3712012950198,89.5680843424375,75.0788532716529,89.0832577299017,74.1158513026355,85.9820002890565,84.0867513633695,93.1243845130065,72.6876603078526,78.7495173060275,77.1112995305287,69.6098785344415,69.3489577453127,85.6642993064887,78.2846510659186,91.7306017115932,74.5205200503791,66.8080859985926,83.3852651431435,63.2187741316874,67.6817888451439,89.418276952485,80.2623831553694,74.3496716837467,72.756576526128,84.3712012950198,89.5680843424375,75.0788532716529,89.0832577299017,74.1158513026355,85.9820002890565,84.0867513633695,93.1243845130065,72.6876603078526,78.7495173060275,77.1112995305287,69.6098785344415,69.3489577453127,85.6642993064887,78.2846510659186,91.7306017115932,74.5205200503791
76.2792157739814,90.5587940613146,61.3184305457494,73.1159418035211,80.2623831553694,107.868804565435,89.4151965646737,82.1445752418271,88.1706617210151,85.5530294329464,83.2825081425625,87.0867145198177,68.9303736951978,84.621373601045,84.0625440712296,96.1293106261027,78.7300825234379,82.173169424593,84.3801994293493,84.1526866228415,74.0405204454832,76.4889199802838,83.0210571218068,99.7380591652992,79.2183193697301,76.2792157739814,90.5587940613146,61.3184305457494,73.1159418035211,80.2623831553694,107.868804565435,89.4151965646737,82.1445752418271,88.1706617210151,85.5530294329464,83.2825081425625,87.0867145198177,68.9303736951978,84.621373601045,84.0625440712296,96.1293106261027,78.7300825234379,82.173169424593,84.3801994293493,84.1526866228415,74.0405204454832,76.4889199802838,83.0210571218068,99.7380591652992,79.2183193697301
72.4473511138411,89.2845458608693,57.4228248821089,75.9788689570888,74.3496716837467,89.4151965646737,100.06459891103,74.6767422925998,85.7605446664996,82.3807099330951,78.506087707778,83.8538269351073,74.0030049674229,85.5211290057334,91.0400136707287,101.758262839622,80.5726893498991,86.2923285447326,74.3811970080585,78.3027757037908,82.9505441001577,81.2485345691578,79.5861709830611,90.4574274309574,81.9144338938699,72.4473511138411,89.2845458608693,57.4228248821089,75.9788689570888,74.3496716837467,89.4151965646737,100.06459891103,74.6767422925998,85.7605446664996,82.3807099330951,78.506087707778,83.8538269351073,74.0030049674229,85.5211290057334,91.0400136707287,101.758262839622,80.5726893498991,86.2923285447326,74.3811970080585,78.3027757037908,82.9505441001577,81.2485345691578,79.5861709830611,90.4574274309574,81.9144338938699
61.7549190669243,77.4237767435455,61.0857251969569,69.1580179241777,72.756576526128,82.1445752418271,74.6767422925998,94.7062818918865,77.9340365243141,81.4550533306808,74.6519570634299,76.42373883305,75.2263142194893,79.4282157732414,78.4477361842906,93.1685488164389,73.5478475586041,73.1930159769271,77.2019608748234,67.5957897291414,76.6344986973769,72.0784581050625,79.5904502394772,86.9973123960007,73.4621650173544,61.7549190669243,77.4237767435455,61.0857251969569,69.1580179241777,72.756576526128,82.1445752418271,74.6767422925998,94.7062818918865,77.9340365243141,81.4550533306808,74.6519570634299,76.42373883305,75.2263142194893,79.4282157732414,78.4477361842906,93.1685488164389,73.5478475586041,73.1930159769271,77.2019608748234,67.5957897291414,76.6344986973769,72.0784581050625,79.5904502394772,86.9973123960007,73.4621650173544
77.9830165079574,93.8630191601894,68.2664885100172,79.8539391082327,84.3712012950198,88.1706617210151,85.7605446664996,77.9340365243141,114.730296032961,95.8616648498027,78.9655709842137,96.0465976684429,70.8347689347106,88.5595489815872,95.9178226176072,109.395823588479,83.8610573758692,90.8827377696397,84.5464456480372,69.1772531619181,77.7358659542807,90.3676457077954,87.5129135377001,95.4141152868627,82.655036549337,77.9830165079574,93.8630191601894,68.2664885100172,79.8539391082327,84.3712012950198,88.1706617210151,85.7605446664996,77.9340365243141,114.730296032961,95.8616648498027,78.9655709842137,96.0465976684429,70.8347689347106,88.5595489815872,95.9178226176072,109.395823588479,83.8610573758692,90.8827377696397,84.5464456480372,69.1772531619181,77.7358659542807,90.3676457077954,87.5129135377001,95.4141152868627,82.655036549337
74.6624806629828,104.79078214023,77.1328430228812,84.740636453029,89.5680843424375,85.5530294329464,82.3807099330951,81.4550533306808,95.8616648498027,128.495917567926,66.2298506568857,109.250706092396,80.6995339141156,97.9169072179334,88.8242821263443,114.301929128403,76.6513664688096,88.0576606043992,75.1059551927154,81.0553966913151,82.1128330310623,95.9025369938323,80.649817919417,106.946621605757,94.6555926600346,74.6624806629828,104.79078214023,77.1328430228812,84.740636453029,89.5680843424375,85.5530294329464,82.3807099330951,81.4550533306808,95.8616648498027,128.495917567926,66.2298506568857,109.250706092396,80.6995339141156,97.9169072179334,88.8242821263443,114.301929128403,76.6513664688096,88.0576606043992,75.1059551927154,81.0553966913151,82.1128330310623,95.9025369938323,80.649817919417,106.946621605757,94.6555926600346
62.7417739356714,67.2975159107631,60.6833513416832,67.6815311808032,75.0788532716529,83.2825081425625,78.506087707778,74.6519570634299,78.9655709842137,66.2298506568857,94.5270853013365,77.9775101733594,72.846904332945,82.8801924943834,87.1906155660739,88.9218557782555,76.8338735157907,76.9654918607181,80.7564369121421,71.7943224914656,74.1775793317767,71.5713734545735,72.9405964315043,83.1836525920752,73.9011006720807,62.7417739356714,67.2975159107631,60.6833513416832,67.6815311808032,75.0788532716529,83.2825081425625,78.506087707778,74.6519570634299,78.9655709842137,66.2298506568857,94.5270853013365,77.9775101733594,72.846904332945,82.8801924943834,87.1906155660739,88.9218557782555,76.8338735157907,76.9654918607181,80.7564369121421,71.7943224914656,74.1775793317767,71.5713734545735,72.9405964315043,83.1836525920752,73.9011006720807
74.7815390444291,95.7427692735429,74.5407862669283,80.8980533437149,89.0832577299017,87.0867145198177,83.8538269351073,76.42373883305,96.0465976684429,109.250706092396,77.9775101733594,119.798200921757,79.6854088636057,96.9448929243277,96.0750487822222,109.039429400068,78.5489430611147,82.7359376990619,84.4934109206967,80.6285705409278,80.7643289950684,94.7525011140008,84.9863784697017,99.551618824244,85.8604188554529,74.7815390444291,95.7427692735429,74.5407862669283,80.8980533437149,89.0832577299017,87.0867145198177,83.8538269351073,76.42373883305,96.0465976684429,109.250706092396,77.9775101733594,119.798200921757,79.6854088636057,96.9448929243277,96.0750487822222,109.039429400068,78.5489430611147,82.7359376990619,84.4934109206967,80.6285705409278,80.7643289950684,94.7525011140008,84.9863784697017,99.551618824244,85.8604188554529
56.881784889799,74.436320708293,69.5636361077721,65.3898114931197,74.1158513026355,68.9303736951978,74.0030049674229,75.2263142194893,70.8347689347106,80.6995339141156,72.846904332945,79.6854088636057,92.6399392023928,75.1842214952381,79.1216816038032,98.8289674898459,68.3993232002413,79.4229410657077,70.8822170834584,71.6484379782364,74.8963128068062,82.2062472273644,76.8761613900496,84.5557663758652,75.3204930962737,56.881784889799,74.436320708293,69.5636361077721,65.3898114931197,74.1158513026355,68.9303736951978,74.0030049674229,75.2263142194893,70.8347689347106,80.6995339141156,72.846904332945,79.6854088636057,92.6399392023928,75.1842214952381,79.1216816038032,98.8289674898459,68.3993232002413,79.4229410657077,70.8822170834584,71.6484379782364,74.8963128068062,82.2062472273644,76.8761613900496,84.5557663758652,75.3204930962737
73.383230378177,90.0431297406469,64.9878816839223,84.500499789134,85.9820002890565,84.621373601045,85.5211290057334,79.4282157732414,88.5595489815872,97.9169072179334,82.8801924943834,96.9448929243277,75.1842214952381,109.050320809986,94.4461979094525,96.6211350129743,76.9243917018698,84.2144449153741,72.4797526650825,77.9356597941585,82.7997688844638,94.1296732091776,76.0211009954129,94.5177458215099,84.503250427607,73.383230378177,90.0431297406469,64.9878816839223,84.500499789134,85.9820002890565,84.621373601045,85.5211290057334,79.4282157732414,88.5595489815872,97.9169072179334,82.8801924943834,96.9448929243277,75.1842214952381,109.050320809986,94.4461979094525,96.6211350129743,76.9243917018698,84.2144449153741,72.4797526650825,77.9356597941585,82.7997688844638,94.1296732091776,76.0211009954129,94.5177458215099,84.503250427607
75.2384986975595,88.8347356251675,72.4225457440009,69.2056604863582,84.0867513633695,84.0625440712296,91.0400136707287,78.4477361842906,95.9178226176072,88.8242821263443,87.1906155660739,96.0750487822222,79.1216816038032,94.4461979094525,121.176878616532,109.829952714221,80.1138999899866,85.6111662555022,94.1261374620695,76.3441312395404,88.1258060736673,99.4052062915931,75.5361842206457,91.6558604941151,83.6632768148561,75.2384986975595,88.8347356251675,72.4225457440009,69.2056604863582,84.0867513633695,84.0625440712296,91.0400136707287,78.4477361842906,95.9178226176072,88.8242821263443,87.1906155660739,96.0750487822222,79.1216816038032,94.4461979094525,121.176878616532,109.829952714221,80.1138999899866,85.6111662555022,94.1261374620695,76.3441312395404,88.1258060736673,99.4052062915931,75.5361842206457,91.6558604941151,83.6632768148561
79.7445128940849,103.375670781081,88.5510342877303,91.2017768904334,93.1243845130065,96.1293106261027,101.758262839622,93.1685488164389,109.395823588479,114.301929128403,88.9218557782555,109.039429400068,98.8289674898459,96.6211350129743,109.829952714221,149.513364279364,92.7143243554718,108.404321337842,100.667805062873,95.8182350097992,102.960993796693,102.160072719214,88.9411398719675,113.912479664361,103.643334911537,79.7445128940849,103.375670781081,88.5510342877303,91.2017768904334,93.1243845130065,96.1293106261027,101.758262839622,93.1685488164389,109.395823588479,114.301929128403,88.9218557782555,109.039429400068,98.8289674898459,96.6211350129743,109.829952714221,149.513364279364,92.7143243554718,108.404321337842,100.667805062873,95.8182350097992,102.960993796693,102.160072719214,88.9411398719675,113.912479664361,103.643334911537
66.052431248675,79.0715398270191,56.4279558318214,69.2028687911956,72.6876603078526,78.7300825234379,80.5726893498991,73.5478475586041,83.8610573758692,76.6513664688096,76.8338735157907,78.5489430611147,68.3993232002413,76.9243917018698,80.1138999899866,92.7143243554718,84.1987646963755,76.3914779225698,74.0836529837724,63.0145115158052,74.244719687637,71.5567656069636,79.3572675820238,86.2898220367419,76.6079665221922,66.052431248675,79.0715398270191,56.4279558318214,69.2028687911956,72.6876603078526,78.7300825234379,80.5726893498991,73.5478475586041,83.8610573758692,76.6513664688096,76.8338735157907,78.5489430611147,68.3993232002413,76.9243917018698,80.1138999899866,92.7143243554718,84.1987646963755,76.3914779225698,74.0836529837724,63.0145115158052,74.244719687637,71.5567656069636,79.3572675820238,86.2898220367419,76.6079665221922
65.9854281015294,90.4949830371044,70.1709307000121,78.3543095990944,78.7495173060275,82.173169424593,86.2923285447326,73.1930159769271,90.8827377696397,88.0576606043992,76.9654918607181,82.7359376990619,79.4229410657077,84.2144449153741,85.6111662555022,108.404321337842,76.3914779225698,99.6960745742611,73.384709796741,78.2089265795998,79.7156236987253,80.9734154547991,81.2062251313378,92.2910955590597,87.4965020345779,65.9854281015294,90.4949830371044,70.1709307000121,78.3543095990944,78.7495173060275,82.173169424593,86.2923285447326,73.1930159769271,90.8827377696397,88.0576606043992,76.9654918607181,82.7359376990619,79.4229410657077,84.2144449153741,85.6111662555022,108.404321337842,76.3914779225698,99.6960745742611,73.384709796741,78.2089265795998,79.7156236987253,80.9734154547991,81.2062251313378,92.2910955590597,87.4965020345779
63.8833769548132,70.7326271893426,68.888265108679,57.9425624361722,77.1112995305287,84.3801994293493,74.3811970080585,77.2019608748234,84.5464456480372,75.1059551927154,80.7564369121421,84.4934109206967,70.8822170834584,72.4797526650825,94.1261374620695,100.667805062873,74.0836529837724,73.384709796741,104.90302998514,75.91194726265,67.8128315854216,74.7125567614343,72.4797007518561,85.2851253552192,69.4364710276632,63.8833769548132,70.7326271893426,68.888265108679,57.9425624361722,77.1112995305287,84.3801994293493,74.3811970080585,77.2019608748234,84.5464456480372,75.1059551927154,80.7564369121421,84.4934109206967,70.8822170834584,72.4797526650825,94.1261374620695,100.667805062873,74.0836529837724,73.384709796741,104.90302998514,75.91194726265,67.8128315854216,74.7125567614343,72.4797007518561,85.2851253552192,69.4364710276632
66.1837551718195,80.5009788386829,63.953761966435,76.929675085963,69.6098785344415,84.1526866228415,78.3027757037908,67.5957897291414,69.1772531619181,81.0553966913151,71.7943224914656,80.6285705409278,71.6484379782364,77.9356597941585,76.3441312395404,95.8182350097992,63.0145115158052,78.2089265795998,75.91194726265,97.602015748616,69.6612249591919,72.5218594207307,64.3702530157641,86.5114502991891,83.1423946504686,66.1837551718195,80.5009788386829,63.953761966435,76.929675085963,69.6098785344415,84.1526866228415,78.3027757037908,67.5957897291414,69.1772531619181,81.0553966913151,71.7943224914656,80.6285705409278,71.6484379782364,77.9356597941585,76.3441312395404,95.8182350097992,63.0145115158052,78.2089265795998,75.91194726265,97.602015748616,69.6612249591919,72.5218594207307,64.3702530157641,86.5114502991891,83.1423946504686
62.3954042143707,80.6341782619709,59.4523336914586,74.1805466489654,69.3489577453127,74.0405204454832,82.9505441001577,76.6344986973769,77.7358659542807,82.1128330310623,74.1775793317767,80.7643289950684,74.8963128068062,82.7997688844638,88.1258060736673,102.960993796693,74.244719687637,79.7156236987253,67.8128315854216,69.6612249591919,90.1368921878781,78.1826553176583,70.2062412313131,82.6565523027129,80.3109995667125,62.3954042143707,80.6341782619709,59.4523336914586,74.1805466489654,69.3489577453127,74.0405204454832,82.9505441001577,76.6344986973769,77.7358659542807,82.1128330310623,74.1775793317767,80.7643289950684,74.8963128068062,82.7997688844638,88.1258060736673,102.960993796693,74.244719687637,79.7156236987253,67.8128315854216,69.6612249591919,90.1368921878781,78.1826553176583,70.2062412313131,82.6565523027129,80.3109995667125
75.0686915602066,91.6053126483145,69.2733472004074,72.2710382941941,85.6642993064887,76.4889199802838,81.2485345691578,72.0784581050625,90.3676457077954,95.9025369938323,71.5713734545735,94.7525011140008,82.2062472273644,94.1296732091776,99.4052062915931,102.160072719214,71.5567656069636,80.9734154547991,74.7125567614343,72.5218594207307,78.1826553176583,114.115841474851,70.9750636966786,92.9035952571863,77.7112752157023,75.0686915602066,91.6053126483145,69.2733472004074,72.2710382941941,85.6642993064887,76.4889199802838,81.2485345691578,72.0784581050625,90.3676457077954,95.9025369938323,71.5713734545735,94.7525011140008,82.2062472273644,94.1296732091776,99.4052062915931,102.160072719214,71.5567656069636,80.9734154547991,74.7125567614343,72.5218594207307,78.1826553176583,114.115841474851,70.9750636966786,92.9035952571863,77.7112752157023
63.4291068968673,88.9639232290797,61.7950429503712,74.5575252702911,78.2846510659186,83.0210571218068,79.5861709830611,79.5904502394772,87.5129135377001,80.649817919417,72.9405964315043,84.9863784697017,76.8761613900496,76.0211009954129,75.5361842206457,88.9411398719675,79.3572675820238,81.2062251313378,72.4797007518561,64.3702530157641,70.2062412313131,70.9750636966786,103.051087486278,86.1609341751613,76.2768469025185,63.4291068968673,88.9639232290797,61.7950429503712,74.5575252702911,78.2846510659186,83.0210571218068,79.5861709830611,79.5904502394772,87.5129135377001,80.649817919417,72.9405964315043,84.9863784697017,76.8761613900496,76.0211009954129,75.5361842206457,88.9411398719675,79.3572675820238,81.2062251313378,72.4797007518561,64.3702530157641,70.2062412313131,70.9750636966786,103.051087486278,86.1609341751613,76.2768469025185
80.4617783015192,99.217302912538,76.1121901132327,80.429289341819,91.7306017115932,99.7380591652992,90.4574274309574,86.9973123960007,95.4141152868627,106.946621605757,83.1836525920752,99.551618824244,84.5557663758652,94.5177458215099,91.6558604941151,113.912479664361,86.2898220367419,92.2910955590597,85.2851253552192,86.5114502991891,82.6565523027129,92.9035952571863,86.1609341751613,117.897514726381,92.050431153076,80.4617783015192,99.217302912538,76.1121901132327,80.429289341819,91.7306017115932,99.7380591652992,90.4574274309574,86.9973123960007,95.4141152868627,106.946621605757,83.1836525920752,99.551618824244,84.5557663758652,94.5177458215099,91.6558604941151,113.912479664361,86.2898220367419,92.2910955590597,85.2851253552192,86.5114502991891,82.6565523027129,92.9035952571863,86.1609341751613,117.897514726381,92.050431153076
67.9195947856935,90.2457279131924,68.4506900985277,84.2399807082312,74.5205200503791,79.2183193697301,81.9144338938699,73.4621650173544,82.655036549337,94.6555926600346,73.9011006720807,85.8604188554529,75.3204930962737,84.503250427607,83.6632768148561,103.643334911537,76.6079665221922,87.4965020345779,69.4364710276632,83.1423946504686,80.3109995667125,77.7112752157023,76.2768469025185,92.050431153076,96.7207630929435,67.9195947856935,90.2457279131924,68.4506900985277,84.2399807082312,74.5205200503791,79.2183193697301,81.9144338938699,73.4621650173544,82.655036549337,94.6555926600346,73.9011006720807,85.8604188554529,75.3204930962737,84.503250427607,83.6632768148561,103.643334911537,76.6079665221922,87.4965020345779,69.4364710276632,83.1423946504686,80.3109995667125,77.7112752157023,76.2768469025185,92.050431153076,96.7207630929435
69.3357433137,78.3107807850536,49.8592577976703,66.2896846758573,66.808086464876,76.2792162402648,72.4473515801245,61.7549195332078,77.9830169742409,74.6624811292663,62.7417744019549,74.7815395107126,56.8817853560824,73.3832308444605,75.238499163843,79.7445133603684,66.0524317149584,65.9854285678128,63.8833774210967,66.183755638103,62.3954046806542,75.06869202649,63.4291073631507,80.4617787678026,67.919595251977,69.3357433137,78.3107807850536,49.8592577976703,66.2896846758573,66.808086464876,76.2792162402648,72.4473515801245,61.7549195332078,77.9830169742409,74.6624811292663,62.7417744019549,74.7815395107126,56.8817853560824,73.3832308444605,75.238499163843,79.7445133603684,66.0524317149584,65.9854285678128,63.8833774210967,66.183755638103,62.3954046806542,75.06869202649,63.4291073631507,80.4617787678026,67.919595251977
78.3107803187701,110.802780379217,69.3522663721348,85.3560913491801,83.3852651431435,90.5587940613146,89.2845458608693,77.4237767435455,93.8630191601894,104.79078214023,67.2975159107631,95.7427692735429,74.436320708293,90.0431297406469,88.8347356251675,103.375670781081,79.0715398270191,90.4949830371044,70.7326271893426,80.5009788386829,80.6341782619709,91.6053126483145,88.9639232290797,99.217302912538,90.2457279131924,78.3107803187701,110.802780379217,69.3522663721348,85.3560913491801,83.3852651431435,90.5587940613146,89.2845458608693,77.4237767435455,93.8630191601894,104.79078214023,67.2975159107631,95.7427692735429,74.436320708293,90.0431297406469,88.8347356251675,103.375670781081,79.0715398270191,90.4949830371044,70.7326271893426,80.5009788386829,80.6341782619709,91.6053126483145,88.9639232290797,99.217302912538,90.2457279131924
49.8592573313869,69.3522663721348,71.9110207422128,58.1295870120569,63.2187741316874,61.3184305457494,57.4228248821089,61.0857251969569,68.2664885100172,77.1328430228812,60.6833513416832,74.5407862669283,69.5636361077721,64.9878816839223,72.4225457440009,88.5510342877303,56.4279558318214,70.1709307000121,68.888265108679,63.953761966435,59.4523336914586,69.2733472004074,61.7950429503712,76.1121901132327,68.4506900985277,49.8592573313869,69.3522663721348,71.9110207422128,58.1295870120569,63.2187741316874,61.3184305457494,57.4228248821089,61.0857251969569,68.2664885100172,77.1328430228812,60.6833513416832,74.5407862669283,69.5636361077721,64.9878816839223,72.4225457440009,88.5510342877303,56.4279558318214,70.1709307000121,68.888265108679,63.953761966435,59.4523336914586,69.2733472004074,61.7950429503712,76.1121901132327,68.4506900985277
66.2896842095738,85.3560913491801,58.1295870120569,95.2661842032864,67.6817888451439,73.1159418035211,75.9788689570888,69.1580179241777,79.8539391082327,84.740636453029,67.6815311808032,80.8980533437149,65.3898114931197,84.500499789134,69.2056604863582,91.2017768904334,69.2028687911956,78.3543095990944,57.9425624361722,76.929675085963,74.1805466489654,72.2710382941941,74.5575252702911,80.429289341819,84.2399807082312,66.2896842095738,85.3560913491801,58.1295870120569,95.2661842032864,67.6817888451439,73.1159418035211,75.9788689570888,69.1580179241777,79.8539391082327,84.740636453029,67.6815311808032,80.8980533437149,65.3898114931197,84.500499789134,69.2056604863582,91.2017768904334,69.2028687911956,78.3543095990944,57.9425624361722,76.929675085963,74.1805466489654,72.2710382941941,74.5575252702911,80.429289341819,84.2399807082312
66.8080859985926,83.3852651431435,63.2187741316874,67.6817888451439,89.418276952485,80.2623831553694,74.3496716837467,72.756576526128,84.3712012950198,89.5680843424375,75.0788532716529,89.0832577299017,74.1158513026355,85.9820002890565,84.0867513633695,93.1243845130065,72.6876603078526,78.7495173060275,77.1112995305287,69.6098785344415,69.3489577453127,85.6642993064887,78.2846510659186,91.7306017115932,74.5205200503791,66.8080859985926,83.3852651431435,63.2187741316874,67.6817888451439,89.418276952485,80.2623831553694,74.3496716837467,72.756576526128,84.3712012950198,89.5680843424375,75.0788532716529,89.0832577299017,74.1158513026355,85.9820002890565,84.0867513633695,93.1243845130065,72.6876603078526,78.7495173060275,77.1112995305287,69.6098785344415,69.3489577453127,85.6642993064887,78.2846510659186,91.7306017115932,74.5205200503791
76.2792157739814,90.5587940613146,61.3184305457494,73.1159418035211,80.2623831553694,107.868804565435,89.4151965646737,82.1445752418271,88.1706617210151,85.5530294329464,83.2825081425625,87.0867145198177,68.9303736951978,84.621373601045,84.0625440712296,96.1293106261027,78.7300825234379,82.173169424593,84.3801994293493,84.1526866228415,74.0405204454832,76.4889199802838,83.0210571218068,99.7380591652992,79.2183193697301,76.2792157739814,90.5587940613146,61.3184305457494,73.1159418035211,80.2623831553694,107.868804565435,89.4151965646737,82.1445752418271,88.1706617210151,85.5530294329464,83.2825081425625,87.0867145198177,68.9303736951978,84.621373601045,84.0625440712296,96.1293106261027,78.7300825234379,82.173169424593,84.3801994293493,84.1526866228415,74.0405204454832,76.4889199802838,83.0210571218068,99.7380591652992,79.2183193697301
72.4473511138411,89.2845458608693,57.4228248821089,75.9788689570888,74.3496716837467,89.4151965646737,100.06459891103,74.6767422925998,85.7605446664996,82.3807099330951,78.506087707778,83.8538269351073,74.0030049674229,85.5211290057334,91.0400136707287,101.758262839622,80.5726893498991,86.2923285447326,74.3811970080585,78.3027757037908,82.9505441001577,81.2485345691578,79.5861709830611,90.4574274309574,81.9144338938699,72.4473511138411,89.2845458608693,57.4228248821089,75.9788689570888,74.3496716837467,89.4151965646737,100.06459891103,74.6767422925998,85.7605446664996,82.3807099330951,78.506087707778,83.8538269351073,74.0030049674229,85.5211290057334,91.0400136707287,101.758262839622,80.5726893498991,86.2923285447326,74.3811970080585,78.3027757037908,82.9505441001577,81.2485345691578,79.5861709830611,90.4574274309574,81.9144338938699
61.7549190669243,77.4237767435455,61.0857251969569,69.1580179241777,72.756576526128,82.1445752418271,74.6767422925998,94.7062818918865,77.9340365243141,81.4550533306808,74.6519570634299,76.42373883305,75.2263142194893,79.4282157732414,78.4477361842906,93.1685488164389,73.5478475586041,73.1930159769271,77.2019608748234,67.5957897291414,76.6344986973769,72.0784581050625,79.5904502394772,86.9973123960007,73.4621650173544,61.7549190669243,77.4237767435455,61.0857251969569,69.1580179241777,72.756576526128,82.1445752418271,74.6767422925998,94.7062818918865,77.9340365243141,81.4550533306808,74.6519570634299,76.42373883305,75.2263142194893,79.4282157732414,78.4477361842906,93.1685488164389,73.5478475586041,73.1930159769271,77.2019608748234,67.5957897291414,76.6344986973769,72.0784581050625,79.5904502394772,86.9973123960007,73.4621650173544
77.9830165079574,93.8630191601894,68.2664885100172,79.8539391082327,84.3712012950198,88.1706617210151,85.7605446664996,77.9340365243141,114.730296032961,95.8616648498027,78.9655709842137,96.0465976684429,70.8347689347106,88.5595489815872,95.9178226176072,109.395823588479,83.8610573758692,90.8827377696397,84.5464456480372,69.1772531619181,77.7358659542807,90.3676457077954,87.5129135377001,95.4141152868627,82.655036549337,77.9830165079574,93.8630191601894,68.2664885100172,79.8539391082327,84.3712012950198,88.1706617210151,85.7605446664996,77.9340365243141,114.730296032961,95.8616648498027,78.9655709842137,96.0465976684429,70.8347689347106,88.5595489815872,95.9178226176072,109.395823588479,83.8610573758692,90.8827377696397,84.5464456480372,69.1772531619181,77.7358659542807,90.3676457077954,87.5129135377001,95.4141152868627,82.655036549337
74.6624806629828,104.79078214023,77.1328430228812,84.740636453029,89.5680843424375,85.5530294329464,82.3807099330951,81.4550533306808,95.8616648498027,128.495917567926,66.2298506568857,109.250706092396,80.6995339141156,97.9169072179334,88.8242821263443,114.301929128403,76.6513664688096,88.0576606043992,75.1059551927154,81.0553966913151,82.1128330310623,95.9025369938323,80.649817919417,106.946621605757,94.6555926600346,74.6624806629828,104.79078214023,77.1328430228812,84.740636453029,89.5680843424375,85.5530294329464,82.3807099330951,81.4550533306808,95.8616648498027,128.495917567926,66.2298506568857,109.250706092396,80.6995339141156,97.9169072179334,88.8242821263443,114.301929128403,76.6513664688096,88.0576606043992,75.1059551927154,81.0553966913151,82.1128330310623,95.9025369938323,80.649817919417,106.946621605757,94.6555926600346
62.7417739356714,67.2975159107631,60.6833513416832,67.6815311808032,75.0788532716529,83.2825081425625,78.506087707778,74.6519570634299,78.9655709842137,66.2298506568857,94.5270853013365,77.9775101733594,72.846904332945,82.8801924943834,87.1906155660739,88.9218557782555,76.8338735157907,76.9654918607181,80.7564369121421,71.7943224914656,74.1775793317767,71.5713734545735,72.9405964315043,83.1836525920752,73.9011006720807,62.7417739356714,67.2975159107631,60.6833513416832,67.6815311808032,75.0788532716529,83.2825081425625,78.506087707778,74.6519570634299,78.9655709842137,66.2298506568857,94.5270853013365,77.9775101733594,72.846904332945,82.8801924943834,87.1906155660739,88.9218557782555,76.8338735157907,76.9654918607181,80.7564369121421,71.7943224914656,74.1775793317767,71.5713734545735,72.9405964315043,83.1836525920752,73.9011006720807
74.7815390444291,95.7427692735429,74.5407862669283,80.8980533437149,89.0832577299017,87.0867145198177,83.8538269351073,76.42373883305,96.0465976684429,109.250706092396,77.9775101733594,119.798200921757,79.6854088636057,96.9448929243277,96.0750487822222,109.039429400068,78.5489430611147,82.7359376990619,84.4934109206967,80.6285705409278,80.7643289950684,94.7525011140008,84.9863784697017,99.551618824244,85.8604188554529,74.7815390444291,95.7427692735429,74.5407862669283,80.8980533437149,89.0832577299017,87.0867145198177,83.8538269351073,76.42373883305,96.0465976684429,109.250706092396,77.9775101733594,119.798200921757,79.6854088636057,96.9448929243277,96.0750487822222,109.039429400068,78.5489430611147,82.7359376990619,84.4934109206967,80.6285705409278,80.7643289950684,94.7525011140008,84.9863784697017,99.551618824244,85.8604188554529
56.881784889799,74.436320708293,69.5636361077721,65.3898114931197,74.1158513026355,68.9303736951978,74.0030049674229,75.2263142194893,70.8347689347106,80.6995339141156,72.846904332945,79.6854088636057,92.6399392023928,75.1842214952381,79.1216816038032,98.8289674898459,68.3993232002413,79.4229410657077,70.8822170834584,71.6484379782364,74.8963128068062,82.2062472273644,76.8761613900496,84.5557663758652,75.3204930962737,56.881784889799,74.436320708293,69.5636361077721,65.3898114931197,74.1158513026355,68.9303736951978,74.0030049674229,75.2263142194893,70.8347689347106,80.6995339141156,72.846904332945,79.6854088636057,92.6399392023928,75.1842214952381,79.1216816038032,98.8289674898459,68.3993232002413,79.4229410657077,70.8822170834584,71.6484379782364,74.8963128068062,82.2062472273644,76.8761613900496,84.5557663758652,75.3204930962737
73.383230378177,90.0431297406469,64.9878816839223,84.500499789134,85.9820002890565,84.621373601045,85.5211290057334,79.4282157732414,88.5595489815872,97.9169072179334,82.8801924943834,96.9448929243277,75.1842214952381,109.050320809986,94.4461979094525,96.6211350129743,76.9243917018698,84.2144449153741,72.4797526650825,77.9356597941585,82.7997688844638,94.1296732091776,76.0211009954129,94.5177458215099,84.503250427607,73.383230378177,90.0431297406469,64.9878816839223,84.500499789134,85.9820002890565,84.621373601045,85.5211290057334,79.4282157732414,88.5595489815872,97.9169072179334,82.8801924943834,96.9448929243277,75.1842214952381,109.050320809986,94.4461979094525,96.6211350129743,76.9243917018698,84.2144449153741,72.4797526650825,77.9356597941585,82.7997688844638,94.1296732091776,76.0211009954129,94.5177458215099,84.503250427607
75.2384986975595,88.8347356251675,72.4225457440009,69.2056604863582,84.0867513633695,84.0625440712296,91.0400136707287,78.4477361842906,95.9178226176072,88.8242821263443,87.1906155660739,96.0750487822222,79.1216816038032,94.4461979094525,121.176878616532,109.829952714221,80.1138999899866,85.6111662555022,94.1261374620695,76.3441312395404,88.1258060736673,99.4052062915931,75.5361842206457,91.6558604941151,83.6632768148561,75.2384986975595,88.8347356251675,72.4225457440009,69.2056604863582,84.0867513633695,84.0625440712296,91.0400136707287,78.4477361842906,95.9178226176072,88.8242821263443,87.1906155660739,96.0750487822222,79.1216816038032,94.4461979094525,121.176878616532,109.829952714221,80.1138999899866,85.6111662555022,94.1261374620695,76.3441312395404,88.1258060736673,99.4052062915931,75.5361842206457,91.6558604941151,83.6632768148561
79.7445128940849,103.375670781081,88.5510342877303,91.2017768904334,93.1243845130065,96.1293106261027,101.758262839622,93.1685488164389,109.395823588479,114.301929128403,88.9218557782555,109.039429400068,98.8289674898459,96.6211350129743,109.829952714221,149.513364279364,92.7143243554718,108.404321337842,100.667805062873,95.8182350097992,102.960993796693,102.160072719214,88.9411398719675,113.912479664361,103.643334911537,79.7445128940849,103.375670781081,88.5510342877303,91.2017768904334,93.1243845130065,96.1293106261027,101.758262839622,93.1685488164389,109.395823588479,114.301929128403,88.9218557782555,109.039429400068,98.8289674898459,96.6211350129743,109.829952714221,149.513364279364,92.7143243554718,108.404321337842,100.667805062873,95.8182350097992,102.960993796693,102.160072719214,88.9411398719675,113.912479664361,103.643334911537
66.052431248675,79.0715398270191,56.4279558318214,69.2028687911956,72.6876603078526,78.7300825234379,80.5726893498991,73.5478475586041,83.8610573758692,76.6513664688096,76.8338735157907,78.5489430611147,68.3993232002413,76.9243917018698,80.1138999899866,92.7143243554718,84.1987646963755,76.3914779225698,74.0836529837724,63.0145115158052,74.244719687637,71.5567656069636,79.3572675820238,86.2898220367419,76.6079665221922,66.052431248675,79.0715398270191,56.4279558318214,69.2028687911956,72.6876603078526,78.7300825234379,80.5726893498991,73.5478475586041,83.8610573758692,76.6513664688096,76.8338735157907,78.5489430611147,68.3993232002413,76.9243917018698,80.1138999899866,92.7143243554718,84.1987646963755,76.3914779225698,74.0836529837724,63.0145115158052,74.244719687637,71.5567656069636,79.3572675820238,86.2898220367419,76.6079665221922
65.9854281015294,90.4949830371044,70.1709307000121,78.3543095990944,78.7495173060275,82.173169424593,86.2923285447326,73.1930159769271,90.8827377696397,88.0576606043992,76.9654918607181,82.7359376990619,79.4229410657077,84.2144449153741,85.6111662555022,108.404321337842,76.3914779225698,99.6960745742611,73.384709796741,78.2089265795998,79.7156236987253,80.9734154547991,81.2062251313378,92.2910955590597,87.4965020345779,65.9854281015294,90.4949830371044,70.1709307000121,78.3543095990944,78.7495173060275,82.173169424593,86.2923285447326,73.1930159769271,90.8827377696397,88.0576606043992,76.9654918607181,82.7359376990619,79.4229410657077,84.2144449153741,85.6111662555022,108.404321337842,76.3914779225698,99.6960745742611,73.384709796741,78.2089265795998,79.7156236987253,80.9734154547991,81.2062251313378,92.2910955590597,87.4965020345779
63.8833769548132,70.7326271893426,68.888265108679,57.9425624361722,77.1112995305287,84.3801994293493,74.3811970080585,77.2019608748234,84.5464456480372,75.1059551927154,80.7564369121421,84.4934109206967,70.8822170834584,72.4797526650825,94.1261374620695,100.667805062873,74.0836529837724,73.384709796741,104.90302998514,75.91194726265,67.8128315854216,74.7125567614343,72.4797007518561,85.2851253552192,69.4364710276632,63.8833769548132,70.7326271893426,68.888265108679,57.9425624361722,77.1112995305287,84.3801994293493,74.3811970080585,77.2019608748234,84.5464456480372,75.1059551927154,80.7564369121421,84.4934109206967,70.8822170834584,72.4797526650825,94.1261374620695,100.667805062873,74.0836529837724,73.384709796741,104.90302998514,75.91194726265,67.8128315854216,74.7125567614343,72.4797007518561,85.2851253552192,69.4364710276632
66.1837551718195,80.5009788386829,63.953761966435,76.929675085963,69.6098785344415,84.1526866228415,78.3027757037908,67.5957897291414,69.1772531619181,81.0553966913151,71.7943224914656,80.6285705409278,71.6484379782364,77.9356597941585,76.3441312395404,95.8182350097992,63.0145115158052,78.2089265795998,75.91194726265,97.602015748616,69.6612249591919,72.5218594207307,64.3702530157641,86.5114502991891,83.1423946504686,66.1837551718195,80.5009788386829,63.953761966435,76.929675085963,69.6098785344415,84.1526866228415,78.3027757037908,67.5957897291414,69.1772531619181,81.0553966913151,71.7943224914656,80.6285705409278,71.6484379782364,77.9356597941585,76.3441312395404,95.8182350097992,63.0145115158052,78.2089265795998,75.91194726265,97.602015748616,69.6612249591919,72.5218594207307,64.3702530157641,86.5114502991891,83.1423946504686
62.3954042143707,80.6341782619709,59.4523336914586,74.1805466489654,69.3489577453127,74.0405204454832,82.9505441001577,76.6344986973769,77.7358659542807,82.1128330310623,74.1775793317767,80.7643289950684,74.8963128068062,82.7997688844638,88.1258060736673,102.960993796693,74.244719687637,79.7156236987253,67.8128315854216,69.6612249591919,90.1368921878781,78.1826553176583,70.2062412313131,82.6565523027129,80.3109995667125,62.3954042143707,80.6341782619709,59.4523336914586,74.1805466489654,69.3489577453127,74.0405204454832,82.9505441001577,76.6344986973769,77.7358659542807,82.1128330310623,74.1775793317767,80.7643289950684,74.8963128068062,82.7997688844638,88.1258060736673,102.960993796693,74.244719687637,79.7156236987253,67.8128315854216,69.6612249591919,90.1368921878781,78.1826553176583,70.2062412313131,82.6565523027129,80.3109995667125
75.0686915602066,91.6053126483145,69.2733472004074,72.2710382941941,85.6642993064887,76.4889199802838,81.2485345691578,72.0784581050625,90.3676457077954,95.9025369938323,71.5713734545735,94.7525011140008,82.2062472273644,94.1296732091776,99.4052062915931,102.160072719214,71.5567656069636,80.9734154547991,74.7125567614343,72.5218594207307,78.1826553176583,114.115841474851,70.9750636966786,92.9035952571863,77.7112752157023,75.0686915602066,91.6053126483145,69.2733472004074,72.2710382941941,85.6642993064887,76.4889199802838,81.2485345691578,72.0784581050625,90.3676457077954,95.9025369938323,71.5713734545735,94.7525011140008,82.2062472273644,94.1296732091776,99.4052062915931,102.160072719214,71.5567656069636,80.9734154547991,74.7125567614343,72.5218594207307,78.1826553176583,114.115841474851,70.9750636966786,92.9035952571863,77.7112752157023
