76.1069274738923,53.4049234619741,78.9254273654961,80.0070242258314,62.7538706657443,60.9500267668471,65.5228349778683,58.6543930454117,66.4887543334576,69.4999439603343,70.572404499504,35.9854252470966,65.8190759671874,67.0229362713208,69.0761087354401,65.4293349487411,59.6515612153428,61.5298875804702,59.9193257367663,73.9496229768532,62.8102884790094,53.5786746521005,73.7002801795731,52.7514275806265,82.8260710413275,76.1069274738923,53.4049234619741,78.9254273654961,80.0070242258314,62.7538706657443,60.9500267668471,65.5228349778683,58.6543930454117,66.4887543334576,69.4999439603343,70.572404499504,35.9854252470966,65.8190759671874,67.0229362713208,69.0761087354401,65.4293349487411,59.6515612153428,61.5298875804702,59.9193257367663,73.9496229768532,62.8102884790094,53.5786746521005,73.7002801795731,52.7514275806265,82.8260710413275
53.4047945566813,81.209632165381,87.4607911914343,91.2806080483113,79.0806287747351,66.7851761559139,74.8189407484025,55.5112811280427,68.240182154227,77.2605345172693,80.3665451356401,41.1284002343069,70.121021309653,78.9878254229358,66.4236231967434,59.377826016073,58.3381899729129,57.2652218692027,66.9744056801852,64.0593684815268,76.7365536260477,69.7068640068837,63.9307861602514,66.9077834856672,82.8897162216639,53.4047945566813,81.209632165381,87.4607911914343,91.2806080483113,79.0806287747351,66.7851761559139,74.8189407484025,55.5112811280427,68.240182154227,77.2605345172693,80.3665451356401,41.1284002343069,70.121021309653,78.9878254229358,66.4236231967434,59.377826016073,58.3381899729129,57.2652218692027,66.9744056801852,64.0593684815268,76.7365536260477,69.7068640068837,63.9307861602514,66.9077834856672,82.8897162216639
78.9252984602033,87.4607911914343,134.563846105278,108.819974836686,98.0790378085129,100.475187484972,86.8415118401462,72.7719965792228,88.6084501478088,106.378429074422,96.5555583720503,43.5307090753257,94.0326679750638,99.4209760653868,88.4619128305261,95.2830362348783,74.2701696522187,74.9510198642349,77.2264039262372,98.8765102337504,109.396880753059,85.4782913289609,76.9787571973655,88.4576465163555,104.994793223739,78.9252984602033,87.4607911914343,134.563846105278,108.819974836686,98.0790378085129,100.475187484972,86.8415118401462,72.7719965792228,88.6084501478088,106.378429074422,96.5555583720503,43.5307090753257,94.0326679750638,99.4209760653868,88.4619128305261,95.2830362348783,74.2701696522187,74.9510198642349,77.2264039262372,98.8765102337504,109.396880753059,85.4782913289609,76.9787571973655,88.4576465163555,104.994793223739
80.0068953205386,91.2806080483113,108.819974836686,141.424347307699,107.614607681083,87.5269794062453,96.864120870772,78.0431461059681,95.5324467385278,104.59103432484,107.824603944305,54.0770277323974,99.3391396819181,102.25859198936,100.211785072803,86.2404958983368,82.4171099145538,83.0249149611337,84.8229656885135,83.0271538097053,98.8490429790279,84.2566453872313,97.7909050514617,74.2058625477072,111.027521568979,80.0068953205386,91.2806080483113,108.819974836686,141.424347307699,107.614607681083,87.5269794062453,96.864120870772,78.0431461059681,95.5324467385278,104.59103432484,107.824603944305,54.0770277323974,99.3391396819181,102.25859198936,100.211785072803,86.2404958983368,82.4171099145538,83.0249149611337,84.8229656885135,83.0271538097053,98.8490429790279,84.2566453872313,97.7909050514617,74.2058625477072,111.027521568979
62.7537417604515,79.0806287747351,98.0790378085129,107.614607681083,123.82026973542,72.1259568571871,74.9727690011466,73.5164284703337,84.1776183065738,101.491535576003,98.6424556627619,53.8447828618741,83.3744073783963,97.7736015113,87.1650602896139,79.8193675224839,73.9412095643511,76.8255631496074,81.1087531671033,76.7794880606492,95.3570119976687,75.3135688063835,87.2837010432808,76.0541129840775,100.568643862203,62.7537417604515,79.0806287747351,98.0790378085129,107.614607681083,123.82026973542,72.1259568571871,74.9727690011466,73.5164284703337,84.1776183065738,101.491535576003,98.6424556627619,53.8447828618741,83.3744073783963,97.7736015113,87.1650602896139,79.8193675224839,73.9412095643511,76.8255631496074,81.1087531671033,76.7794880606492,95.3570119976687,75.3135688063835,87.2837010432808,76.0541129840775,100.568643862203
60.9498978615544,66.7851761559139,100.475187484972,87.5269794062453,72.1259568571871,107.567179367471,79.6663915188187,64.9649287940262,77.8336123965656,81.7314781951544,86.4064692205104,35.6850313842416,76.4560675133711,92.0307501267844,82.1081528009327,89.3824527413803,61.062073201119,66.08272104736,73.5420402762113,80.8209500806442,81.7506806324309,72.7825363518805,63.6949860249679,73.6204076701662,84.7567556262176,60.9498978615544,66.7851761559139,100.475187484972,87.5269794062453,72.1259568571871,107.567179367471,79.6663915188187,64.9649287940262,77.8336123965656,81.7314781951544,86.4064692205104,35.6850313842416,76.4560675133711,92.0307501267844,82.1081528009327,89.3824527413803,61.062073201119,66.08272104736,73.5420402762113,80.8209500806442,81.7506806324309,72.7825363518805,63.6949860249679,73.6204076701662,84.7567556262176
65.5227060725755,74.8189407484025,86.8415118401462,96.864120870772,74.9727690011466,79.6663915188187,92.5763026652335,65.7038049734133,74.0700975364655,70.3457026195396,82.9426200446984,46.0207369932529,72.0228257478897,87.6359479408554,67.9124240985842,69.9027021094402,53.683069405524,61.7659146659802,75.6944243614021,65.2272131285621,75.7010194698627,65.7580182213695,68.1039880713059,63.8655139945592,85.3067295015039,65.5227060725755,74.8189407484025,86.8415118401462,96.864120870772,74.9727690011466,79.6663915188187,92.5763026652335,65.7038049734133,74.0700975364655,70.3457026195396,82.9426200446984,46.0207369932529,72.0228257478897,87.6359479408554,67.9124240985842,69.9027021094402,53.683069405524,61.7659146659802,75.6944243614021,65.2272131285621,75.7010194698627,65.7580182213695,68.1039880713059,63.8655139945592,85.3067295015039
58.6542641401189,55.5112811280427,72.7719965792228,78.0431461059681,73.5164284703337,64.9649287940262,65.7038049734133,78.6269725032053,67.875795498482,66.9949157042281,73.4877732509929,35.175797912871,59.3092538777722,76.7333816943808,68.0804991463375,62.9604000177007,55.0559837100171,60.2116121875718,70.5296197101754,72.4486153173959,66.2745448789008,54.8530469021643,70.11126935684,58.7109071344622,79.3088931996442,58.6542641401189,55.5112811280427,72.7719965792228,78.0431461059681,73.5164284703337,64.9649287940262,65.7038049734133,78.6269725032053,67.875795498482,66.9949157042281,73.4877732509929,35.175797912871,59.3092538777722,76.7333816943808,68.0804991463375,62.9604000177007,55.0559837100171,60.2116121875718,70.5296197101754,72.4486153173959,66.2745448789008,54.8530469021643,70.11126935684,58.7109071344622,79.3088931996442
66.4886254281649,68.240182154227,88.6084501478088,95.5324467385278,84.1776183065738,77.8336123965656,74.0700975364655,67.875795498482,88.1115488541008,82.7114024985294,89.1202339454449,45.9354175818731,74.5792744990721,90.531819885659,80.9486811761887,77.2272622270945,68.1740911717033,72.1604494131892,81.6609595694613,69.0139537906525,78.7634499255364,74.2377160986869,80.8015233862553,66.6868652694349,87.2041599698452,66.4886254281649,68.240182154227,88.6084501478088,95.5324467385278,84.1776183065738,77.8336123965656,74.0700975364655,67.875795498482,88.1115488541008,82.7114024985294,89.1202339454449,45.9354175818731,74.5792744990721,90.531819885659,80.9486811761887,77.2272622270945,68.1740911717033,72.1604494131892,81.6609595694613,69.0139537906525,78.7634499255364,74.2377160986869,80.8015233862553,66.6868652694349,87.2041599698452
69.4998150550416,77.2605345172693,106.378429074422,104.59103432484,101.491535576003,81.7314781951544,70.3457026195396,66.9949157042281,82.7114024985294,116.912162126473,95.1240216035356,44.5999608473381,94.2363657508324,94.8413744343347,83.2896401025631,78.4455212467066,79.5526336542588,81.6020946263068,73.5768254979708,89.9133064212369,88.3261386965315,84.8176404410097,80.353364289603,80.5283746129226,99.8607875884936,69.4998150550416,77.2605345172693,106.378429074422,104.59103432484,101.491535576003,81.7314781951544,70.3457026195396,66.9949157042281,82.7114024985294,116.912162126473,95.1240216035356,44.5999608473381,94.2363657508324,94.8413744343347,83.2896401025631,78.4455212467066,79.5526336542588,81.6020946263068,73.5768254979708,89.9133064212369,88.3261386965315,84.8176404410097,80.353364289603,80.5283746129226,99.8607875884936
70.5722755942112,80.3665451356401,96.5555583720503,107.824603944305,98.6424556627619,86.4064692205104,82.9426200446984,73.4877732509929,89.1202339454449,95.1240216035356,112.60847673454,46.4290051016882,91.3237072314249,101.03860638979,92.7139668158413,80.3513656875485,76.6307589901314,75.0069307953127,86.9578308678529,82.6669509267455,81.5635364149348,82.6700707309455,91.8945518272101,79.4715116499865,98.4924154765059,70.5722755942112,80.3665451356401,96.5555583720503,107.824603944305,98.6424556627619,86.4064692205104,82.9426200446984,73.4877732509929,89.1202339454449,95.1240216035356,112.60847673454,46.4290051016882,91.3237072314249,101.03860638979,92.7139668158413,80.3513656875485,76.6307589901314,75.0069307953127,86.9578308678529,82.6669509267455,81.5635364149348,82.6700707309455,91.8945518272101,79.4715116499865,98.4924154765059
35.9852963418039,41.1284002343069,43.5307090753257,54.0770277323974,53.8447828618741,35.6850313842416,46.0207369932529,35.175797912871,45.9354175818731,44.5999608473381,46.4290051016882,51.1395722246929,48.2169659835574,47.3460020205953,39.5124557847937,29.4910419173323,38.2154152106178,44.9555822094249,43.0016016878151,37.9473105373451,35.5394776996156,26.1921361699725,46.726638882381,28.4860965824034,48.8825404737819,35.9852963418039,41.1284002343069,43.5307090753257,54.0770277323974,53.8447828618741,35.6850313842416,46.0207369932529,35.175797912871,45.9354175818731,44.5999608473381,46.4290051016882,51.1395722246929,48.2169659835574,47.3460020205953,39.5124557847937,29.4910419173323,38.2154152106178,44.9555822094249,43.0016016878151,37.9473105373451,35.5394776996156,26.1921361699725,46.726638882381,28.4860965824034,48.8825404737819
65.8189470618946,70.121021309653,94.0326679750638,99.3391396819181,83.3744073783963,76.4560675133711,72.0228257478897,59.3092538777722,74.5792744990721,94.2363657508324,91.3237072314249,48.2169659835574,105.017153452378,87.9041963737073,83.8665473458626,71.0252727023813,65.0935006816034,79.0039209167376,67.1753438188178,85.3969616134863,75.1331335888233,70.7518232321813,85.8213048921266,65.9020026064029,88.9990949118371,65.8189470618946,70.121021309653,94.0326679750638,99.3391396819181,83.3744073783963,76.4560675133711,72.0228257478897,59.3092538777722,74.5792744990721,94.2363657508324,91.3237072314249,48.2169659835574,105.017153452378,87.9041963737073,83.8665473458626,71.0252727023813,65.0935006816034,79.0039209167376,67.1753438188178,85.3969616134863,75.1331335888233,70.7518232321813,85.8213048921266,65.9020026064029,88.9990949118371
67.022807366028,78.9878254229358,99.4209760653868,102.25859198936,97.7736015113,92.0307501267844,87.6359479408554,76.7333816943808,90.531819885659,94.8413744343347,101.03860638979,47.3460020205953,87.9041963737073,111.92957738281,87.8500735077682,86.2196313944776,64.0469694094136,81.2272301781279,89.3242882011847,77.3706764378591,86.8868914923213,86.3583906173085,82.9485797463601,79.6878726054921,98.2247239740441,67.022807366028,78.9878254229358,99.4209760653868,102.25859198936,97.7736015113,92.0307501267844,87.6359479408554,76.7333816943808,90.531819885659,94.8413744343347,101.03860638979,47.3460020205953,87.9041963737073,111.92957738281,87.8500735077682,86.2196313944776,64.0469694094136,81.2272301781279,89.3242882011847,77.3706764378591,86.8868914923213,86.3583906173085,82.9485797463601,79.6878726054921,98.2247239740441
69.0759798301473,66.4236231967434,88.4619128305261,100.211785072803,87.1650602896139,82.1081528009327,67.9124240985842,68.0804991463375,80.9486811761887,83.2896401025631,92.7139668158413,39.5124557847937,83.8665473458626,87.8500735077682,106.783728263007,84.6215607237776,71.2075600853531,78.4897251575247,73.5313896323582,83.3116487496219,80.9705443041054,71.7294789907925,95.5514414736745,66.9084986375572,96.0339440008408,69.0759798301473,66.4236231967434,88.4619128305261,100.211785072803,87.1650602896139,82.1081528009327,67.9124240985842,68.0804991463375,80.9486811761887,83.2896401025631,92.7139668158413,39.5124557847937,83.8665473458626,87.8500735077682,106.783728263007,84.6215607237776,71.2075600853531,78.4897251575247,73.5313896323582,83.3116487496219,80.9705443041054,71.7294789907925,95.5514414736745,66.9084986375572,96.0339440008408
65.4292060434484,59.377826016073,95.2830362348783,86.2404958983368,79.8193675224839,89.3824527413803,69.9027021094402,62.9604000177007,77.2272622270945,78.4455212467066,80.3513656875485,29.4910419173323,71.0252727023813,86.2196313944776,84.6215607237776,96.4146844206657,59.0306603559301,63.9302103851769,70.6215297472546,72.0238706350752,88.998132772056,70.6576376208067,75.1528573811091,66.8152575969883,88.0011469465346,65.4292060434484,59.377826016073,95.2830362348783,86.2404958983368,79.8193675224839,89.3824527413803,69.9027021094402,62.9604000177007,77.2272622270945,78.4455212467066,80.3513656875485,29.4910419173323,71.0252727023813,86.2196313944776,84.6215607237776,96.4146844206657,59.0306603559301,63.9302103851769,70.6215297472546,72.0238706350752,88.998132772056,70.6576376208067,75.1528573811091,66.8152575969883,88.0011469465346
59.65143231005,58.3381899729129,74.2701696522187,82.4171099145538,73.9412095643511,61.062073201119,53.683069405524,55.0559837100171,68.1740911717033,79.5526336542588,76.6307589901314,38.2154152106178,65.0935006816034,64.0469694094136,71.2075600853531,59.0306603559301,82.4861980235558,71.7769331618173,61.8109347752789,69.2250865316649,63.6444888202728,60.2669438982195,78.8882440461201,61.3650017753113,82.4875621366107,59.65143231005,58.3381899729129,74.2701696522187,82.4171099145538,73.9412095643511,61.062073201119,53.683069405524,55.0559837100171,68.1740911717033,79.5526336542588,76.6307589901314,38.2154152106178,65.0935006816034,64.0469694094136,71.2075600853531,59.0306603559301,82.4861980235558,71.7769331618173,61.8109347752789,69.2250865316649,63.6444888202728,60.2669438982195,78.8882440461201,61.3650017753113,82.4875621366107
61.5297586751774,57.2652218692027,74.9510198642349,83.0249149611337,76.8255631496074,66.08272104736,61.7659146659802,60.2116121875718,72.1604494131892,81.6020946263068,75.0069307953127,44.9555822094249,79.0039209167376,81.2272301781279,78.4897251575247,63.9302103851769,71.7769331618173,94.2682023307494,67.2164374039592,70.9934198421899,65.1672017597182,67.8250756104453,83.6137380766462,63.1275845858177,84.8679851379273,61.5297586751774,57.2652218692027,74.9510198642349,83.0249149611337,76.8255631496074,66.08272104736,61.7659146659802,60.2116121875718,72.1604494131892,81.6020946263068,75.0069307953127,44.9555822094249,79.0039209167376,81.2272301781279,78.4897251575247,63.9302103851769,71.7769331618173,94.2682023307494,67.2164374039592,70.9934198421899,65.1672017597182,67.8250756104453,83.6137380766462,63.1275845858177,84.8679851379273
59.9191968314736,66.9744056801852,77.2264039262372,84.8229656885135,81.1087531671033,73.5420402762113,75.6944243614021,70.5296197101754,81.6609595694613,73.5768254979708,86.9578308678529,43.0016016878151,67.1753438188178,89.3242882011847,73.5313896323582,70.6215297472546,61.8109347752789,67.2164374039592,90.1067196175226,69.697103758889,70.6060475174237,74.4519584382092,78.1566143983625,67.2432209444417,83.4783581700382,59.9191968314736,66.9744056801852,77.2264039262372,84.8229656885135,81.1087531671033,73.5420402762113,75.6944243614021,70.5296197101754,81.6609595694613,73.5768254979708,86.9578308678529,43.0016016878151,67.1753438188178,89.3242882011847,73.5313896323582,70.6215297472546,61.8109347752789,67.2164374039592,90.1067196175226,69.697103758889,70.6060475174237,74.4519584382092,78.1566143983625,67.2432209444417,83.4783581700382
73.9494940715605,64.0593684815268,98.8765102337504,83.0271538097053,76.7794880606492,80.8209500806442,65.2272131285621,72.4486153173959,69.0139537906525,89.9133064212369,82.6669509267455,37.9473105373451,85.3969616134863,77.3706764378591,83.3116487496219,72.0238706350752,69.2250865316649,70.9934198421899,69.697103758889,115.035603360868,73.8358576807481,64.2893798344933,76.6903326740578,71.7588083942673,92.4492131773561,73.9494940715605,64.0593684815268,98.8765102337504,83.0271538097053,76.7794880606492,80.8209500806442,65.2272131285621,72.4486153173959,69.0139537906525,89.9133064212369,82.6669509267455,37.9473105373451,85.3969616134863,77.3706764378591,83.3116487496219,72.0238706350752,69.2250865316649,70.9934198421899,69.697103758889,115.035603360868,73.8358576807481,64.2893798344933,76.6903326740578,71.7588083942673,92.4492131773561
62.8101595737166,76.7365536260477,109.396880753059,98.8490429790279,95.3570119976687,81.7506806324309,75.7010194698627,66.2745448789008,78.7634499255364,88.3261386965315,81.5635364149348,35.5394776996156,75.1331335888233,86.8868914923213,80.9705443041054,88.998132772056,63.6444888202728,65.1672017597182,70.6060475174237,73.8358576807481,113.621313509922,76.7763731788513,69.5150632197802,79.3167641272334,90.7619558996734,62.8101595737166,76.7365536260477,109.396880753059,98.8490429790279,95.3570119976687,81.7506806324309,75.7010194698627,66.2745448789008,78.7634499255364,88.3261386965315,81.5635364149348,35.5394776996156,75.1331335888233,86.8868914923213,80.9705443041054,88.998132772056,63.6444888202728,65.1672017597182,70.6060475174237,73.8358576807481,113.621313509922,76.7763731788513,69.5150632197802,79.3167641272334,90.7619558996734
53.5785457468077,69.7068640068837,85.4782913289609,84.2566453872313,75.3135688063835,72.7825363518805,65.7580182213695,54.8530469021643,74.2377160986869,84.8176404410097,82.6700707309455,26.1921361699725,70.7518232321813,86.3583906173085,71.7294789907925,70.6576376208067,60.2669438982195,67.8250756104453,74.4519584382092,64.2893798344933,76.7763731788513,93.0590699317748,65.894910100663,71.7332735714708,82.6982242713475,53.5785457468077,69.7068640068837,85.4782913289609,84.2566453872313,75.3135688063835,72.7825363518805,65.7580182213695,54.8530469021643,74.2377160986869,84.8176404410097,82.6700707309455,26.1921361699725,70.7518232321813,86.3583906173085,71.7294789907925,70.6576376208067,60.2669438982195,67.8250756104453,74.4519584382092,64.2893798344933,76.7763731788513,93.0590699317748,65.894910100663,71.7332735714708,82.6982242713475
73.7001512742803,63.9307861602514,76.9787571973655,97.7909050514617,87.2837010432808,63.6949860249679,68.1039880713059,70.11126935684,80.8015233862553,80.353364289603,91.8945518272101,46.726638882381,85.8213048921266,82.9485797463601,95.5514414736745,75.1528573811091,78.8882440461201,83.6137380766462,78.1566143983625,76.6903326740578,69.5150632197802,65.894910100663,116.624804645845,59.7345139166184,101.198595584145,73.7001512742803,63.9307861602514,76.9787571973655,97.7909050514617,87.2837010432808,63.6949860249679,68.1039880713059,70.11126935684,80.8015233862553,80.353364289603,91.8945518272101,46.726638882381,85.8213048921266,82.9485797463601,95.5514414736745,75.1528573811091,78.8882440461201,83.6137380766462,78.1566143983625,76.6903326740578,69.5150632197802,65.894910100663,116.624804645845,59.7345139166184,101.198595584145
52.7512986753337,66.9077834856672,88.4576465163555,74.2058625477072,76.0541129840775,73.6204076701662,63.8655139945592,58.7109071344622,66.6868652694349,80.5283746129226,79.4715116499865,28.4860965824034,65.9020026064029,79.6878726054921,66.9084986375572,66.8152575969883,61.3650017753113,63.1275845858177,67.2432209444417,71.7588083942673,79.3167641272334,71.7332735714708,59.7345139166184,79.6275289833565,75.0886674850221,52.7512986753337,66.9077834856672,88.4576465163555,74.2058625477072,76.0541129840775,73.6204076701662,63.8655139945592,58.7109071344622,66.6868652694349,80.5283746129226,79.4715116499865,28.4860965824034,65.9020026064029,79.6878726054921,66.9084986375572,66.8152575969883,61.3650017753113,63.1275845858177,67.2432209444417,71.7588083942673,79.3167641272334,71.7332735714708,59.7345139166184,79.6275289833565,75.0886674850221
82.8259421360347,82.8897162216639,104.994793223739,111.027521568979,100.568643862203,84.7567556262176,85.3067295015039,79.3088931996442,87.2041599698452,99.8607875884936,98.4924154765059,48.8825404737819,88.9990949118371,98.2247239740441,96.0339440008408,88.0011469465346,82.4875621366107,84.8679851379273,83.4783581700382,92.4492131773561,90.7619558996734,82.6982242713475,101.198595584145,75.0886674850221,119.101698372528,82.8259421360347,82.8897162216639,104.994793223739,111.027521568979,100.568643862203,84.7567556262176,85.3067295015039,79.3088931996442,87.2041599698452,99.8607875884936,98.4924154765059,48.8825404737819,88.9990949118371,98.2247239740441,96.0339440008408,88.0011469465346,82.4875621366107,84.8679851379273,83.4783581700382,92.4492131773561,90.7619558996734,82.6982242713475,101.198595584145,75.0886674850221,119.101698372528
76.1069274738923,53.4049234619741,78.9254273654961,80.0070242258314,62.7538706657443,60.9500267668471,65.5228349778683,58.6543930454117,66.4887543334576,69.4999439603343,70.572404499504,35.9854252470966,65.8190759671874,67.0229362713208,69.0761087354401,65.4293349487411,59.6515612153428,61.5298875804702,59.9193257367663,73.9496229768532,62.8102884790094,53.5786746521005,73.7002801795731,52.7514275806265,82.8260710413275,76.1069274738923,53.4049234619741,78.9254273654961,80.0070242258314,62.7538706657443,60.9500267668471,65.5228349778683,58.6543930454117,66.4887543334576,69.4999439603343,70.572404499504,35.9854252470966,65.8190759671874,67.0229362713208,69.0761087354401,65.4293349487411,59.6515612153428,61.5298875804702,59.9193257367663,73.9496229768532,62.8102884790094,53.5786746521005,73.7002801795731,52.7514275806265,82.8260710413275
53.4047945566813,81.209632165381,87.4607911914343,91.2806080483113,79.0806287747351,66.7851761559139,74.8189407484025,55.5112811280427,68.240182154227,77.2605345172693,80.3665451356401,41.1284002343069,70.121021309653,78.9878254229358,66.4236231967434,59.377826016073,58.3381899729129,57.2652218692027,66.9744056801852,64.0593684815268,76.7365536260477,69.7068640068837,63.9307861602514,66.9077834856672,82.8897162216639,53.4047945566813,81.209632165381,87.4607911914343,91.2806080483113,79.0806287747351,66.7851761559139,74.8189407484025,55.5112811280427,68.240182154227,77.2605345172693,80.3665451356401,41.1284002343069,70.121021309653,78.9878254229358,66.4236231967434,59.377826016073,58.3381899729129,57.2652218692027,66.9744056801852,64.0593684815268,76.7365536260477,69.7068640068837,63.9307861602514,66.9077834856672,82.8897162216639
78.9252984602033,87.4607911914343,134.563846105278,108.819974836686,98.0790378085129,100.475187484972,86.8415118401462,72.7719965792228,88.6084501478088,106.378429074422,96.5555583720503,43.5307090753257,94.0326679750638,99.4209760653868,88.4619128305261,95.2830362348783,74.2701696522187,74.9510198642349,77.2264039262372,98.8765102337504,109.396880753059,85.4782913289609,76.9787571973655,88.4576465163555,104.994793223739,78.9252984602033,87.4607911914343,134.563846105278,108.819974836686,98.0790378085129,100.475187484972,86.8415118401462,72.7719965792228,88.6084501478088,106.378429074422,96.5555583720503,43.5307090753257,94.0326679750638,99.4209760653868,88.4619128305261,95.2830362348783,74.2701696522187,74.9510198642349,77.2264039262372,98.8765102337504,109.396880753059,85.4782913289609,76.9787571973655,88.4576465163555,104.994793223739
80.0068953205386,91.2806080483113,108.819974836686,141.424347307699,107.614607681083,87.5269794062453,96.864120870772,78.0431461059681,95.5324467385278,104.59103432484,107.824603944305,54.0770277323974,99.3391396819181,102.25859198936,100.211785072803,86.2404958983368,82.4171099145538,83.0249149611337,84.8229656885135,83.0271538097053,98.8490429790279,84.2566453872313,97.7909050514617,74.2058625477072,111.027521568979,80.0068953205386,91.2806080483113,108.819974836686,141.424347307699,107.614607681083,87.5269794062453,96.864120870772,78.0431461059681,95.5324467385278,104.59103432484,107.824603944305,54.0770277323974,99.3391396819181,102.25859198936,100.211785072803,86.2404958983368,82.4171099145538,83.0249149611337,84.8229656885135,83.0271538097053,98.8490429790279,84.2566453872313,97.7909050514617,74.2058625477072,111.027521568979
62.7537417604515,79.0806287747351,98.0790378085129,107.614607681083,123.82026973542,72.1259568571871,74.9727690011466,73.5164284703337,84.1776183065738,101.491535576003,98.6424556627619,53.8447828618741,83.3744073783963,97.7736015113,87.1650602896139,79.8193675224839,73.9412095643511,76.8255631496074,81.1087531671033,76.7794880606492,95.3570119976687,75.3135688063835,87.2837010432808,76.0541129840775,100.568643862203,62.7537417604515,79.0806287747351,98.0790378085129,107.614607681083,123.82026973542,72.1259568571871,74.9727690011466,73.5164284703337,84.1776183065738,101.491535576003,98.6424556627619,53.8447828618741,83.3744073783963,97.7736015113,87.1650602896139,79.8193675224839,73.9412095643511,76.8255631496074,81.1087531671033,76.7794880606492,95.3570119976687,75.3135688063835,87.2837010432808,76.0541129840775,100.568643862203
60.9498978615544,66.7851761559139,100.475187484972,87.5269794062453,72.1259568571871,107.567179367471,79.6663915188187,64.9649287940262,77.8336123965656,81.7314781951544,86.4064692205104,35.6850313842416,76.4560675133711,92.0307501267844,82.1081528009327,89.3824527413803,61.062073201119,66.08272104736,73.5420402762113,80.8209500806442,81.7506806324309,72.7825363518805,63.6949860249679,73.6204076701662,84.7567556262176,60.9498978615544,66.7851761559139,100.475187484972,87.5269794062453,72.1259568571871,107.567179367471,79.6663915188187,64.9649287940262,77.8336123965656,81.7314781951544,86.4064692205104,35.6850313842416,76.4560675133711,92.0307501267844,82.1081528009327,89.3824527413803,61.062073201119,66.08272104736,73.5420402762113,80.8209500806442,81.7506806324309,72.7825363518805,63.6949860249679,73.6204076701662,84.7567556262176
65.5227060725755,74.8189407484025,86.8415118401462,96.864120870772,74.9727690011466,79.6663915188187,92.5763026652335,65.7038049734133,74.0700975364655,70.3457026195396,82.9426200446984,46.0207369932529,72.0228257478897,87.6359479408554,67.9124240985842,69.9027021094402,53.683069405524,61.7659146659802,75.6944243614021,65.2272131285621,75.7010194698627,65.7580182213695,68.1039880713059,63.8655139945592,85.3067295015039,65.5227060725755,74.8189407484025,86.8415118401462,96.864120870772,74.9727690011466,79.6663915188187,92.5763026652335,65.7038049734133,74.0700975364655,70.3457026195396,82.9426200446984,46.0207369932529,72.0228257478897,87.6359479408554,67.9124240985842,69.9027021094402,53.683069405524,61.7659146659802,75.6944243614021,65.2272131285621,75.7010194698627,65.7580182213695,68.1039880713059,63.8655139945592,85.3067295015039
58.6542641401189,55.5112811280427,72.7719965792228,78.0431461059681,73.5164284703337,64.9649287940262,65.7038049734133,78.6269725032053,67.875795498482,66.9949157042281,73.4877732509929,35.175797912871,59.3092538777722,76.7333816943808,68.0804991463375,62.9604000177007,55.0559837100171,60.2116121875718,70.5296197101754,72.4486153173959,66.2745448789008,54.8530469021643,70.11126935684,58.7109071344622,79.3088931996442,58.6542641401189,55.5112811280427,72.7719965792228,78.0431461059681,73.5164284703337,64.9649287940262,65.7038049734133,78.6269725032053,67.875795498482,66.9949157042281,73.4877732509929,35.175797912871,59.3092538777722,76.7333816943808,68.0804991463375,62.9604000177007,55.0559837100171,60.2116121875718,70.5296197101754,72.4486153173959,66.2745448789008,54.8530469021643,70.11126935684,58.7109071344622,79.3088931996442
66.4886254281649,68.240182154227,88.6084501478088,95.5324467385278,84.1776183065738,77.8336123965656,74.0700975364655,67.875795498482,88.1115488541008,82.7114024985294,89.1202339454449,45.9354175818731,74.5792744990721,90.531819885659,80.9486811761887,77.2272622270945,68.1740911717033,72.1604494131892,81.6609595694613,69.0139537906525,78.7634499255364,74.2377160986869,80.8015233862553,66.6868652694349,87.2041599698452,66.4886254281649,68.240182154227,88.6084501478088,95.5324467385278,84.1776183065738,77.8336123965656,74.0700975364655,67.875795498482,88.1115488541008,82.7114024985294,89.1202339454449,45.9354175818731,74.5792744990721,90.531819885659,80.9486811761887,77.2272622270945,68.1740911717033,72.1604494131892,81.6609595694613,69.0139537906525,78.7634499255364,74.2377160986869,80.8015233862553,66.6868652694349,87.2041599698452
69.4998150550416,77.2605345172693,106.378429074422,104.59103432484,101.491535576003,81.7314781951544,70.3457026195396,66.9949157042281,82.7114024985294,116.912162126473,95.1240216035356,44.5999608473381,94.2363657508324,94.8413744343347,83.2896401025631,78.4455212467066,79.5526336542588,81.6020946263068,73.5768254979708,89.9133064212369,88.3261386965315,84.8176404410097,80.353364289603,80.5283746129226,99.8607875884936,69.4998150550416,77.2605345172693,106.378429074422,104.59103432484,101.491535576003,81.7314781951544,70.3457026195396,66.9949157042281,82.7114024985294,116.912162126473,95.1240216035356,44.5999608473381,94.2363657508324,94.8413744343347,83.2896401025631,78.4455212467066,79.5526336542588,81.6020946263068,73.5768254979708,89.9133064212369,88.3261386965315,84.8176404410097,80.353364289603,80.5283746129226,99.8607875884936
70.5722755942112,80.3665451356401,96.5555583720503,107.824603944305,98.6424556627619,86.4064692205104,82.9426200446984,73.4877732509929,89.1202339454449,95.1240216035356,112.60847673454,46.4290051016882,91.3237072314249,101.03860638979,92.7139668158413,80.3513656875485,76.6307589901314,75.0069307953127,86.9578308678529,82.6669509267455,81.5635364149348,82.6700707309455,91.8945518272101,79.4715116499865,98.4924154765059,70.5722755942112,80.3665451356401,96.5555583720503,107.824603944305,98.6424556627619,86.4064692205104,82.9426200446984,73.4877732509929,89.1202339454449,95.1240216035356,112.60847673454,46.4290051016882,91.3237072314249,101.03860638979,92.7139668158413,80.3513656875485,76.6307589901314,75.0069307953127,86.9578308678529,82.6669509267455,81.5635364149348,82.6700707309455,91.8945518272101,79.4715116499865,98.4924154765059
35.9852963418039,41.1284002343069,43.5307090753257,54.0770277323974,53.8447828618741,35.6850313842416,46.0207369932529,35.175797912871,45.9354175818731,44.5999608473381,46.4290051016882,51.1395722246929,48.2169659835574,47.3460020205953,39.5124557847937,29.4910419173323,38.2154152106178,44.9555822094249,43.0016016878151,37.9473105373451,35.5394776996156,26.1921361699725,46.726638882381,28.4860965824034,48.8825404737819,35.9852963418039,41.1284002343069,43.5307090753257,54.0770277323974,53.8447828618741,35.6850313842416,46.0207369932529,35.175797912871,45.9354175818731,44.5999608473381,46.4290051016882,51.1395722246929,48.2169659835574,47.3460020205953,39.5124557847937,29.4910419173323,38.2154152106178,44.9555822094249,43.0016016878151,37.9473105373451,35.5394776996156,26.1921361699725,46.726638882381,28.4860965824034,48.8825404737819
65.8189470618946,70.121021309653,94.0326679750638,99.3391396819181,83.3744073783963,76.4560675133711,72.0228257478897,59.3092538777722,74.5792744990721,94.2363657508324,91.3237072314249,48.2169659835574,105.017153452378,87.9041963737073,83.8665473458626,71.0252727023813,65.0935006816034,79.0039209167376,67.1753438188178,85.3969616134863,75.1331335888233,70.7518232321813,85.8213048921266,65.9020026064029,88.9990949118371,65.8189470618946,70.121021309653,94.0326679750638,99.3391396819181,83.3744073783963,76.4560675133711,72.0228257478897,59.3092538777722,74.5792744990721,94.2363657508324,91.3237072314249,48.2169659835574,105.017153452378,87.9041963737073,83.8665473458626,71.0252727023813,65.0935006816034,79.0039209167376,67.1753438188178,85.3969616134863,75.1331335888233,70.7518232321813,85.8213048921266,65.9020026064029,88.9990949118371
67.022807366028,78.9878254229358,99.4209760653868,102.25859198936,97.7736015113,92.0307501267844,87.6359479408554,76.7333816943808,90.531819885659,94.8413744343347,101.03860638979,47.3460020205953,87.9041963737073,111.92957738281,87.8500735077682,86.2196313944776,64.0469694094136,81.2272301781279,89.3242882011847,77.3706764378591,86.8868914923213,86.3583906173085,82.9485797463601,79.6878726054921,98.2247239740441,67.022807366028,78.9878254229358,99.4209760653868,102.25859198936,97.7736015113,92.0307501267844,87.6359479408554,76.7333816943808,90.531819885659,94.8413744343347,101.03860638979,47.3460020205953,87.9041963737073,111.92957738281,87.8500735077682,86.2196313944776,64.0469694094136,81.2272301781279,89.3242882011847,77.3706764378591,86.8868914923213,86.3583906173085,82.9485797463601,79.6878726054921,98.2247239740441
69.0759798301473,66.4236231967434,88.4619128305261,100.211785072803,87.1650602896139,82.1081528009327,67.9124240985842,68.0804991463375,80.9486811761887,83.2896401025631,92.7139668158413,39.5124557847937,83.8665473458626,87.8500735077682,106.783728263007,84.6215607237776,71.2075600853531,78.4897251575247,73.5313896323582,83.3116487496219,80.9705443041054,71.7294789907925,95.5514414736745,66.9084986375572,96.0339440008408,69.0759798301473,66.4236231967434,88.4619128305261,100.211785072803,87.1650602896139,82.1081528009327,67.9124240985842,68.0804991463375,80.9486811761887,83.2896401025631,92.7139668158413,39.5124557847937,83.8665473458626,87.8500735077682,106.783728263007,84.6215607237776,71.2075600853531,78.4897251575247,73.5313896323582,83.3116487496219,80.9705443041054,71.7294789907925,95.5514414736745,66.9084986375572,96.0339440008408
65.4292060434484,59.377826016073,95.2830362348783,86.2404958983368,79.8193675224839,89.3824527413803,69.9027021094402,62.9604000177007,77.2272622270945,78.4455212467066,80.3513656875485,29.4910419173323,71.0252727023813,86.2196313944776,84.6215607237776,96.4146844206657,59.0306603559301,63.9302103851769,70.6215297472546,72.0238706350752,88.998132772056,70.6576376208067,75.1528573811091,66.8152575969883,88.0011469465346,65.4292060434484,59.377826016073,95.2830362348783,86.2404958983368,79.8193675224839,89.3824527413803,69.9027021094402,62.9604000177007,77.2272622270945,78.4455212467066,80.3513656875485,29.4910419173323,71.0252727023813,86.2196313944776,84.6215607237776,96.4146844206657,59.0306603559301,63.9302103851769,70.6215297472546,72.0238706350752,88.998132772056,70.6576376208067,75.1528573811091,66.8152575969883,88.0011469465346
59.65143231005,58.3381899729129,74.2701696522187,82.4171099145538,73.9412095643511,61.062073201119,53.683069405524,55.0559837100171,68.1740911717033,79.5526336542588,76.6307589901314,38.2154152106178,65.0935006816034,64.0469694094136,71.2075600853531,59.0306603559301,82.4861980235558,71.7769331618173,61.8109347752789,69.2250865316649,63.6444888202728,60.2669438982195,78.8882440461201,61.3650017753113,82.4875621366107,59.65143231005,58.3381899729129,74.2701696522187,82.4171099145538,73.9412095643511,61.062073201119,53.683069405524,55.0559837100171,68.1740911717033,79.5526336542588,76.6307589901314,38.2154152106178,65.0935006816034,64.0469694094136,71.2075600853531,59.0306603559301,82.4861980235558,71.7769331618173,61.8109347752789,69.2250865316649,63.6444888202728,60.2669438982195,78.8882440461201,61.3650017753113,82.4875621366107
61.5297586751774,57.2652218692027,74.9510198642349,83.0249149611337,76.8255631496074,66.08272104736,61.7659146659802,60.2116121875718,72.1604494131892,81.6020946263068,75.0069307953127,44.9555822094249,79.0039209167376,81.2272301781279,78.4897251575247,63.9302103851769,71.7769331618173,94.2682023307494,67.2164374039592,70.9934198421899,65.1672017597182,67.8250756104453,83.6137380766462,63.1275845858177,84.8679851379273,61.5297586751774,57.2652218692027,74.9510198642349,83.0249149611337,76.8255631496074,66.08272104736,61.7659146659802,60.2116121875718,72.1604494131892,81.6020946263068,75.0069307953127,44.9555822094249,79.0039209167376,81.2272301781279,78.4897251575247,63.9302103851769,71.7769331618173,94.2682023307494,67.2164374039592,70.9934198421899,65.1672017597182,67.8250756104453,83.6137380766462,63.1275845858177,84.8679851379273
59.9191968314736,66.9744056801852,77.2264039262372,84.8229656885135,81.1087531671033,73.5420402762113,75.6944243614021,70.5296197101754,81.6609595694613,73.5768254979708,86.9578308678529,43.0016016878151,67.1753438188178,89.3242882011847,73.5313896323582,70.6215297472546,61.8109347752789,67.2164374039592,90.1067196175226,69.697103758889,70.6060475174237,74.4519584382092,78.1566143983625,67.2432209444417,83.4783581700382,59.9191968314736,66.9744056801852,77.2264039262372,84.8229656885135,81.1087531671033,73.5420402762113,75.6944243614021,70.5296197101754,81.6609595694613,73.5768254979708,86.9578308678529,43.0016016878151,67.1753438188178,89.3242882011847,73.5313896323582,70.6215297472546,61.8109347752789,67.2164374039592,90.1067196175226,69.697103758889,70.6060475174237,74.4519584382092,78.1566143983625,67.2432209444417,83.4783581700382
73.9494940715605,64.0593684815268,98.8765102337504,83.0271538097053,76.7794880606492,80.8209500806442,65.2272131285621,72.4486153173959,69.0139537906525,89.9133064212369,82.6669509267455,37.9473105373451,85.3969616134863,77.3706764378591,83.3116487496219,72.0238706350752,69.2250865316649,70.9934198421899,69.697103758889,115.035603360868,73.8358576807481,64.2893798344933,76.6903326740578,71.7588083942673,92.4492131773561,73.9494940715605,64.0593684815268,98.8765102337504,83.0271538097053,76.7794880606492,80.8209500806442,65.2272131285621,72.4486153173959,69.0139537906525,89.9133064212369,82.6669509267455,37.9473105373451,85.3969616134863,77.3706764378591,83.3116487496219,72.0238706350752,69.2250865316649,70.9934198421899,69.697103758889,115.035603360868,73.8358576807481,64.2893798344933,76.6903326740578,71.7588083942673,92.4492131773561
62.8101595737166,76.7365536260477,109.396880753059,98.8490429790279,95.3570119976687,81.7506806324309,75.7010194698627,66.2745448789008,78.7634499255364,88.3261386965315,81.5635364149348,35.5394776996156,75.1331335888233,86.8868914923213,80.9705443041054,88.998132772056,63.6444888202728,65.1672017597182,70.6060475174237,73.8358576807481,113.621313509922,76.7763731788513,69.5150632197802,79.3167641272334,90.7619558996734,62.8101595737166,76.7365536260477,109.396880753059,98.8490429790279,95.3570119976687,81.7506806324309,75.7010194698627,66.2745448789008,78.7634499255364,88.3261386965315,81.5635364149348,35.5394776996156,75.1331335888233,86.8868914923213,80.9705443041054,88.998132772056,63.6444888202728,65.1672017597182,70.6060475174237,73.8358576807481,113.621313509922,76.7763731788513,69.5150632197802,79.3167641272334,90.7619558996734
53.5785457468077,69.7068640068837,85.4782913289609,84.2566453872313,75.3135688063835,72.7825363518805,65.7580182213695,54.8530469021643,74.2377160986869,84.8176404410097,82.6700707309455,26.1921361699725,70.7518232321813,86.3583906173085,71.7294789907925,70.6576376208067,60.2669438982195,67.8250756104453,74.4519584382092,64.2893798344933,76.7763731788513,93.0590699317748,65.894910100663,71.7332735714708,82.6982242713475,53.5785457468077,69.7068640068837,85.4782913289609,84.2566453872313,75.3135688063835,72.7825363518805,65.7580182213695,54.8530469021643,74.2377160986869,84.8176404410097,82.6700707309455,26.1921361699725,70.7518232321813,86.3583906173085,71.7294789907925,70.6576376208067,60.2669438982195,67.8250756104453,74.4519584382092,64.2893798344933,76.7763731788513,93.0590699317748,65.894910100663,71.7332735714708,82.6982242713475
