225.948703127159,175.078160189484,210.981194094432,198.872161288692,169.416758951645,206.440216975043,192.135236947192,177.377251920971,186.328131367016,157.604135254492,203.504217614035,172.780466023104,215.095387450796,198.011863246997,216.54370483227,214.092568189655,188.4038370807,209.8403125375,159.307483467359,184.863671236439,187.08547883005,198.115034641255,190.705342914187,213.936947164194,202.771813640986,174.487403851435,198.092236139189,184.974221093737,185.600668584204,171.817276723393,179.900808280771,166.879183466904,190.164045042851,182.397653503139,183.204932104976,199.993669623156,189.629112414329,194.258485428991,178.574306475592,170.443486113244,176.582540250724,175.846622035813,219.170007257758,195.447632190636,175.227795099686,182.369575777534,175.055206042419,201.839516099543,176.848496196721,202.615833641848,225.948703127159,175.078160189484,210.981194094432,198.872161288692,169.416758951645,206.440216975043,192.135236947192,177.377251920971,186.328131367016,157.604135254492,203.504217614035,172.780466023104,215.095387450796,198.011863246997,216.54370483227,214.092568189655,188.4038370807,209.8403125375,159.307483467359,184.863671236439,187.08547883005,198.115034641255,190.705342914187,213.936947164194,202.771813640986,174.487403851435,198.092236139189,184.974221093737,185.600668584204,171.817276723393,179.900808280771,166.879183466904,190.164045042851,182.397653503139,183.204932104976,199.993669623156,189.629112414329,194.258485428991,178.574306475592,170.443486113244,176.582540250724,175.846622035813,219.170007257758,195.447632190636,175.227795099686,182.369575777534,175.055206042419,201.839516099543,176.848496196721,202.615833641848
175.07816007718,208.433776869151,203.87054124898,183.279501508548,170.213964847327,194.556197530464,183.348476501693,160.801953621635,176.370099032895,132.463721962612,198.31333197517,168.17230839229,205.582723493885,178.839843386454,202.975787389331,210.611622151478,182.095742433215,194.756944296007,155.083714205715,169.425015552802,160.026814536429,175.621924722156,183.417131584119,197.137458974964,199.479724134659,176.229860980925,188.554526944844,177.212005644457,172.497916426315,169.35551182758,173.383897915179,169.790809734507,178.560796258609,190.193368657044,176.682959937283,184.838167215198,182.47741346249,174.944244370897,168.161228172696,169.922789863384,166.168124683769,172.646794101212,201.399559876309,208.780829009139,165.460716067144,201.057312794538,170.466320682886,180.767700436025,185.802864937904,187.238850529934,175.07816007718,208.433776869151,203.87054124898,183.279501508548,170.213964847327,194.556197530464,183.348476501693,160.801953621635,176.370099032895,132.463721962612,198.31333197517,168.17230839229,205.582723493885,178.839843386454,202.975787389331,210.611622151478,182.095742433215,194.756944296007,155.083714205715,169.425015552802,160.026814536429,175.621924722156,183.417131584119,197.137458974964,199.479724134659,176.229860980925,188.554526944844,177.212005644457,172.497916426315,169.35551182758,173.383897915179,169.790809734507,178.560796258609,190.193368657044,176.682959937283,184.838167215198,182.47741346249,174.944244370897,168.161228172696,169.922789863384,166.168124683769,172.646794101212,201.399559876309,208.780829009139,165.460716067144,201.057312794538,170.466320682886,180.767700436025,185.802864937904,187.238850529934
210.981193982128,203.87054124898,280.932083280515,208.04213586771,203.558723283971,226.573808924899,212.43344894359,203.894793151107,216.794980836909,166.085029993384,237.50284957813,197.969868928713,238.770491852048,223.09874311049,255.207718307747,237.14771302922,219.10389922592,226.369258085657,178.739155024485,203.108484115744,203.160315706451,207.176931902248,227.501416483058,231.721553370936,239.699096572476,216.434524996328,213.021815271296,216.04813787879,207.318932832281,206.202049804934,206.927913633862,212.127633913045,222.0466533046,217.430101560772,199.652521459517,223.372063322069,216.586808587579,221.757115097867,184.756629113137,183.606990563987,201.902835343635,214.394308668209,232.970794356158,233.414866110317,185.636118779928,231.132842344502,195.378763600431,226.843254171266,213.712323294612,232.606505310228,210.981193982128,203.87054124898,280.932083280515,208.04213586771,203.558723283971,226.573808924899,212.43344894359,203.894793151107,216.794980836909,166.085029993384,237.50284957813,197.969868928713,238.770491852048,223.09874311049,255.207718307747,237.14771302922,219.10389922592,226.369258085657,178.739155024485,203.108484115744,203.160315706451,207.176931902248,227.501416483058,231.721553370936,239.699096572476,216.434524996328,213.021815271296,216.04813787879,207.318932832281,206.202049804934,206.927913633862,212.127633913045,222.0466533046,217.430101560772,199.652521459517,223.372063322069,216.586808587579,221.757115097867,184.756629113137,183.606990563987,201.902835343635,214.394308668209,232.970794356158,233.414866110317,185.636118779928,231.132842344502,195.378763600431,226.843254171266,213.712323294612,232.606505310228
198.872161176388,183.279501508548,208.04213586771,242.13419530175,176.157513620258,220.089059684131,194.994241267205,184.74085141008,206.801190136501,158.555566184193,215.960832373293,182.368389038441,243.613725307629,201.251511570266,214.267607643285,227.047233810929,209.765961597667,223.664743036161,155.695503695812,183.180240203627,183.137979545746,211.981481505563,195.82985022692,203.301890299769,217.842368052905,199.859207468138,209.332840230953,197.85990871884,193.772988735225,185.503430339792,193.99133413118,180.04401561238,198.324518912584,190.890586138132,185.746637557802,203.97253292791,202.932697200492,202.381245482962,187.218712387109,193.441366474425,179.082992889977,195.261274658377,220.715110079608,211.266159121137,185.966865337669,203.676405476579,173.763615580165,195.902914729733,202.723760722841,214.70955410736,198.872161176388,183.279501508548,208.04213586771,242.13419530175,176.157513620258,220.089059684131,194.994241267205,184.74085141008,206.801190136501,158.555566184193,215.960832373293,182.368389038441,243.613725307629,201.251511570266,214.267607643285,227.047233810929,209.765961597667,223.664743036161,155.695503695812,183.180240203627,183.137979545746,211.981481505563,195.82985022692,203.301890299769,217.842368052905,199.859207468138,209.332840230953,197.85990871884,193.772988735225,185.503430339792,193.99133413118,180.04401561238,198.324518912584,190.890586138132,185.746637557802,203.97253292791,202.932697200492,202.381245482962,187.218712387109,193.441366474425,179.082992889977,195.261274658377,220.715110079608,211.266159121137,185.966865337669,203.676405476579,173.763615580165,195.902914729733,202.723760722841,214.70955410736
169.416758839341,170.213964847327,203.558723283971,176.157513620258,216.396400356874,200.47871035007,171.429646916925,167.617850191587,195.353914008931,155.480476058258,199.389428883534,164.739124852958,195.086802494594,183.834731997336,202.941141804788,201.95488238853,179.979528761702,202.4123667193,147.858426339972,186.255293163041,178.221274244765,189.363358129366,184.657471240793,190.574679417539,203.855126404421,177.253642659378,192.914099538317,170.5303903952,162.929778290655,169.505695342643,175.40571188298,181.963641355251,182.69438707229,180.767158307727,179.446460241791,188.13153175804,192.724542466775,179.077283493908,160.547279580961,164.865521561782,170.065771972195,186.613001975602,199.10564046802,212.075040648158,174.03450081886,195.842267611774,160.947791779156,179.289510924168,181.571688140558,194.249028198494,169.416758839341,170.213964847327,203.558723283971,176.157513620258,216.396400356874,200.47871035007,171.429646916925,167.617850191587,195.353914008931,155.480476058258,199.389428883534,164.739124852958,195.086802494594,183.834731997336,202.941141804788,201.95488238853,179.979528761702,202.4123667193,147.858426339972,186.255293163041,178.221274244765,189.363358129366,184.657471240793,190.574679417539,203.855126404421,177.253642659378,192.914099538317,170.5303903952,162.929778290655,169.505695342643,175.40571188298,181.963641355251,182.69438707229,180.767158307727,179.446460241791,188.13153175804,192.724542466775,179.077283493908,160.547279580961,164.865521561782,170.065771972195,186.613001975602,199.10564046802,212.075040648158,174.03450081886,195.842267611774,160.947791779156,179.289510924168,181.571688140558,194.249028198494
206.440216862739,194.556197530464,226.573808924899,220.089059684131,200.47871035007,273.970155168546,198.96198515152,191.375625665102,220.136272023238,160.013424597387,233.378570229622,202.161507061068,234.043911245528,225.392422387816,236.612360688765,237.279432985041,209.107026638323,223.203635098169,167.135141288573,214.012286896291,198.051265816833,225.358012766009,215.223624722501,222.734922148272,234.372369211804,204.244585960905,212.410980187976,213.111808453217,200.52835497932,198.230092087942,196.911427665199,193.709495414866,212.774814451483,215.966171321515,202.54731843625,217.324781015309,224.029302485262,217.9666060954,206.710868249024,192.336770806349,194.386219323141,205.393293924459,241.305813654925,218.947089754974,202.369092115252,225.87682584528,197.689812357974,195.118690752196,197.494675038419,216.806263929837,206.440216862739,194.556197530464,226.573808924899,220.089059684131,200.47871035007,273.970155168546,198.96198515152,191.375625665102,220.136272023238,160.013424597387,233.378570229622,202.161507061068,234.043911245528,225.392422387816,236.612360688765,237.279432985041,209.107026638323,223.203635098169,167.135141288573,214.012286896291,198.051265816833,225.358012766009,215.223624722501,222.734922148272,234.372369211804,204.244585960905,212.410980187976,213.111808453217,200.52835497932,198.230092087942,196.911427665199,193.709495414866,212.774814451483,215.966171321515,202.54731843625,217.324781015309,224.029302485262,217.9666060954,206.710868249024,192.336770806349,194.386219323141,205.393293924459,241.305813654925,218.947089754974,202.369092115252,225.87682584528,197.689812357974,195.118690752196,197.494675038419,216.806263929837
192.135236834887,183.348476501693,212.43344894359,194.994241267205,171.429646916925,198.96198515152,228.989027971601,173.566130340903,182.282682941459,148.223585254945,209.86082384531,179.590107713929,211.256272838545,191.634959884238,214.347260747158,209.310965837958,183.605748810052,206.80041270815,152.901543103963,172.012377459862,174.181698173284,183.362008262145,194.442247764455,216.87963012599,201.710745364829,186.347151511007,193.928711400678,183.044525578458,178.972206674367,164.976828744734,179.231925758337,157.165220849412,195.724364741043,182.540618519771,179.130318348578,195.788833636862,202.596746153984,190.868426481592,179.671436959801,178.452162262897,190.195566561572,168.303538237975,212.099293145206,203.229075938165,170.324576285185,197.97625823954,169.563672468196,203.155133174816,195.129372568991,210.801916013897,192.135236834887,183.348476501693,212.43344894359,194.994241267205,171.429646916925,198.96198515152,228.989027971601,173.566130340903,182.282682941459,148.223585254945,209.86082384531,179.590107713929,211.256272838545,191.634959884238,214.347260747158,209.310965837958,183.605748810052,206.80041270815,152.901543103963,172.012377459862,174.181698173284,183.362008262145,194.442247764455,216.87963012599,201.710745364829,186.347151511007,193.928711400678,183.044525578458,178.972206674367,164.976828744734,179.231925758337,157.165220849412,195.724364741043,182.540618519771,179.130318348578,195.788833636862,202.596746153984,190.868426481592,179.671436959801,178.452162262897,190.195566561572,168.303538237975,212.099293145206,203.229075938165,170.324576285185,197.97625823954,169.563672468196,203.155133174816,195.129372568991,210.801916013897
177.377251808666,160.801953621635,203.894793151107,184.74085141008,167.617850191587,191.375625665102,173.566130340903,203.506069309134,180.62732696787,143.994537903986,184.560899154604,162.059669034785,187.50188809892,182.497050588079,206.248210564991,189.764352249434,188.995024730287,193.079210034122,138.756337510257,158.508244791627,152.333972472411,181.136139313329,175.727159762145,179.550010432916,196.300065833097,176.910049158336,180.100487560694,178.20760265306,179.944911826191,160.185909051619,175.670010800561,174.358994010908,185.562747587674,168.236919730745,172.472380666539,188.3926937144,187.742223773027,179.219651736641,153.836456659172,160.4372896209,171.688685292583,180.339658766623,180.849734185855,183.567773504098,160.132932353061,189.62078521115,148.778126884544,191.254354326567,167.024067987796,198.691021032651,177.377251808666,160.801953621635,203.894793151107,184.74085141008,167.617850191587,191.375625665102,173.566130340903,203.506069309134,180.62732696787,143.994537903986,184.560899154604,162.059669034785,187.50188809892,182.497050588079,206.248210564991,189.764352249434,188.995024730287,193.079210034122,138.756337510257,158.508244791627,152.333972472411,181.136139313329,175.727159762145,179.550010432916,196.300065833097,176.910049158336,180.100487560694,178.20760265306,179.944911826191,160.185909051619,175.670010800561,174.358994010908,185.562747587674,168.236919730745,172.472380666539,188.3926937144,187.742223773027,179.219651736641,153.836456659172,160.4372896209,171.688685292583,180.339658766623,180.849734185855,183.567773504098,160.132932353061,189.62078521115,148.778126884544,191.254354326567,167.024067987796,198.691021032651
186.328131254712,176.370099032895,216.794980836909,206.801190136501,195.353914008931,220.136272023238,182.282682941459,180.62732696787,247.923512879441,169.235965536974,215.372872671474,182.42927536903,231.583116640099,200.183718239539,228.355803568956,220.135074921324,203.897187851497,206.393038454578,162.718195747625,195.599422642189,190.963203216839,207.917775979613,206.133885483401,210.877365132905,218.370010844544,202.880075196005,201.763358893536,187.776539320176,176.037424157239,178.313622040602,191.397789011666,191.59525205117,199.449199197655,189.125524216569,177.128357648797,198.4180383368,223.443097913415,201.743267602942,182.804917158266,180.48749909947,190.419453946568,201.58030763821,205.782757012198,217.865978344746,188.281836101739,202.879078511341,173.219970139548,188.916276025172,193.54814422399,213.737733714789,186.328131254712,176.370099032895,216.794980836909,206.801190136501,195.353914008931,220.136272023238,182.282682941459,180.62732696787,247.923512879441,169.235965536974,215.372872671474,182.42927536903,231.583116640099,200.183718239539,228.355803568956,220.135074921324,203.897187851497,206.393038454578,162.718195747625,195.599422642189,190.963203216839,207.917775979613,206.133885483401,210.877365132905,218.370010844544,202.880075196005,201.763358893536,187.776539320176,176.037424157239,178.313622040602,191.397789011666,191.59525205117,199.449199197655,189.125524216569,177.128357648797,198.4180383368,223.443097913415,201.743267602942,182.804917158266,180.48749909947,190.419453946568,201.58030763821,205.782757012198,217.865978344746,188.281836101739,202.879078511341,173.219970139548,188.916276025172,193.54814422399,213.737733714789
157.604135142187,132.463721962612,166.085029993384,158.555566184193,155.480476058258,160.013424597387,148.223585254945,143.994537903986,169.235965536974,185.90451195325,168.289028536131,141.818646279129,182.112369613694,162.711153626221,186.969477390481,174.376650734906,154.573899493674,172.565468743435,128.380047859639,156.18988050663,161.265865167967,153.61846997733,149.969801959877,181.810868456449,161.184389760481,167.099519027795,169.58942368969,153.839141640425,146.969179942189,141.216575407203,158.284687844673,145.031837263267,164.450798028314,142.910777475069,144.8904180232,174.958085333586,179.928709817068,158.44816629353,130.716907757337,147.218758113494,149.029501587704,147.802968010011,163.287449342951,165.615797530342,132.905170034312,150.250758815382,147.612855878161,162.051683147281,156.312384573662,172.713582482811,157.604135142187,132.463721962612,166.085029993384,158.555566184193,155.480476058258,160.013424597387,148.223585254945,143.994537903986,169.235965536974,185.90451195325,168.289028536131,141.818646279129,182.112369613694,162.711153626221,186.969477390481,174.376650734906,154.573899493674,172.565468743435,128.380047859639,156.18988050663,161.265865167967,153.61846997733,149.969801959877,181.810868456449,161.184389760481,167.099519027795,169.58942368969,153.839141640425,146.969179942189,141.216575407203,158.284687844673,145.031837263267,164.450798028314,142.910777475069,144.8904180232,174.958085333586,179.928709817068,158.44816629353,130.716907757337,147.218758113494,149.029501587704,147.802968010011,163.287449342951,165.615797530342,132.905170034312,150.250758815382,147.612855878161,162.051683147281,156.312384573662,172.713582482811
203.504217501731,198.31333197517,237.50284957813,215.960832373293,199.389428883534,233.378570229622,209.86082384531,184.560899154604,215.372872671474,168.289028536131,261.772674258282,193.739861831913,241.807124549547,213.262713166661,243.41286616966,242.341828319793,205.864582337933,231.758574644575,174.940184371532,201.240694536402,203.729530390555,213.307997789333,219.279393101156,232.089889718568,231.000811300195,204.903236752561,221.60037546723,206.686919204268,201.207403651045,197.330367498502,196.236485111866,191.426084044389,210.540178374043,214.074976226197,201.496949616414,215.588181647113,225.0316115555,217.192061029348,200.935950271475,197.495897793734,202.6730200246,214.927131971369,236.13517442669,231.811912673068,195.996520672033,210.454768212517,190.951106311722,203.782180680184,205.527545001515,226.843680924258,203.504217501731,198.31333197517,237.50284957813,215.960832373293,199.389428883534,233.378570229622,209.86082384531,184.560899154604,215.372872671474,168.289028536131,261.772674258282,193.739861831913,241.807124549547,213.262713166661,243.41286616966,242.341828319793,205.864582337933,231.758574644575,174.940184371532,201.240694536402,203.729530390555,213.307997789333,219.279393101156,232.089889718568,231.000811300195,204.903236752561,221.60037546723,206.686919204268,201.207403651045,197.330367498502,196.236485111866,191.426084044389,210.540178374043,214.074976226197,201.496949616414,215.588181647113,225.0316115555,217.192061029348,200.935950271475,197.495897793734,202.6730200246,214.927131971369,236.13517442669,231.811912673068,195.996520672033,210.454768212517,190.951106311722,203.782180680184,205.527545001515,226.843680924258
172.7804659108,168.17230839229,197.969868928713,182.368389038441,164.739124852958,202.161507061068,179.590107713929,162.059669034785,182.42927536903,141.818646279129,193.739861831913,214.811475731078,208.88582517385,190.735270504409,204.218202901418,200.115778764375,182.086017833331,203.677116638727,147.997861905644,160.750488004334,163.010544870746,175.081000272975,187.861345182384,193.848863389716,181.609059176331,176.68974472529,181.148277962235,180.324318619794,174.416407221967,177.528620854748,176.109316600263,170.824856892025,185.425166804158,179.687100149699,155.195081085944,185.17137888354,180.309921942714,178.329852302368,162.523871803115,159.339698188768,164.707730244825,171.474570348733,185.568641656886,180.894440808024,168.275583193885,184.779431633922,164.684172330969,178.575745040588,168.306642621728,204.685160724671,172.7804659108,168.17230839229,197.969868928713,182.368389038441,164.739124852958,202.161507061068,179.590107713929,162.059669034785,182.42927536903,141.818646279129,193.739861831913,214.811475731078,208.88582517385,190.735270504409,204.218202901418,200.115778764375,182.086017833331,203.677116638727,147.997861905644,160.750488004334,163.010544870746,175.081000272975,187.861345182384,193.848863389716,181.609059176331,176.68974472529,181.148277962235,180.324318619794,174.416407221967,177.528620854748,176.109316600263,170.824856892025,185.425166804158,179.687100149699,155.195081085944,185.17137888354,180.309921942714,178.329852302368,162.523871803115,159.339698188768,164.707730244825,171.474570348733,185.568641656886,180.894440808024,168.275583193885,184.779431633922,164.684172330969,178.575745040588,168.306642621728,204.685160724671
215.095387338492,205.582723493885,238.770491852048,243.613725307629,195.086802494594,234.043911245528,211.256272838545,187.50188809892,231.583116640099,182.112369613694,241.807124549547,208.88582517385,305.157806857355,222.852940942532,247.176190554585,260.097857331792,222.713552144567,249.564526490801,176.404405569963,196.434704809037,212.722413916818,228.65694516987,218.669430008113,234.377567928872,225.050905415246,210.192120177649,224.424076629229,206.040897594545,211.950077247935,212.285636165721,218.412254288124,202.979156814141,219.297178387145,217.002637036964,205.404139624582,229.178590194852,221.056948692491,232.06765568427,199.653064092316,197.923459383215,203.324892381489,217.56433732222,242.021633916917,236.664591935708,200.82790393071,224.618525856644,202.06094517741,220.26773226007,217.605472135412,243.129263914351,215.095387338492,205.582723493885,238.770491852048,243.613725307629,195.086802494594,234.043911245528,211.256272838545,187.50188809892,231.583116640099,182.112369613694,241.807124549547,208.88582517385,305.157806857355,222.852940942532,247.176190554585,260.097857331792,222.713552144567,249.564526490801,176.404405569963,196.434704809037,212.722413916818,228.65694516987,218.669430008113,234.377567928872,225.050905415246,210.192120177649,224.424076629229,206.040897594545,211.950077247935,212.285636165721,218.412254288124,202.979156814141,219.297178387145,217.002637036964,205.404139624582,229.178590194852,221.056948692491,232.06765568427,199.653064092316,197.923459383215,203.324892381489,217.56433732222,242.021633916917,236.664591935708,200.82790393071,224.618525856644,202.06094517741,220.26773226007,217.605472135412,243.129263914351
198.011863134692,178.839843386454,223.09874311049,201.251511570266,183.834731997336,225.392422387816,191.634959884238,182.497050588079,200.183718239539,162.711153626221,213.262713166661,190.735270504409,222.852940942532,247.013408192962,235.585368558505,228.273730891411,202.452982644972,206.996978771608,155.926619797944,197.319594247584,203.590817350262,207.531194347483,200.47204204004,223.466808104447,208.995439487517,197.450098972583,204.169297286671,188.249636580209,179.491904858241,190.328572328372,191.472615908474,184.209375620597,196.211136098753,198.081039568671,186.163770075666,207.968854472644,209.689726864493,207.124193758809,179.574741191357,174.000770510268,184.053192979354,188.88349045433,227.459277302368,203.968785491291,185.216975973149,201.681686833664,189.659218450908,200.467739591644,197.596215267754,212.11738341069,198.011863134692,178.839843386454,223.09874311049,201.251511570266,183.834731997336,225.392422387816,191.634959884238,182.497050588079,200.183718239539,162.711153626221,213.262713166661,190.735270504409,222.852940942532,247.013408192962,235.585368558505,228.273730891411,202.452982644972,206.996978771608,155.926619797944,197.319594247584,203.590817350262,207.531194347483,200.47204204004,223.466808104447,208.995439487517,197.450098972583,204.169297286671,188.249636580209,179.491904858241,190.328572328372,191.472615908474,184.209375620597,196.211136098753,198.081039568671,186.163770075666,207.968854472644,209.689726864493,207.124193758809,179.574741191357,174.000770510268,184.053192979354,188.88349045433,227.459277302368,203.968785491291,185.216975973149,201.681686833664,189.659218450908,200.467739591644,197.596215267754,212.11738341069
216.543704719965,202.975787389331,255.207718307747,214.267607643285,202.941141804788,236.612360688765,214.347260747158,206.248210564991,228.355803568956,186.969477390481,243.41286616966,204.218202901418,247.176190554585,235.585368558505,300.372937106324,246.887433905924,224.28133504531,235.571406011062,182.50269329462,225.178253081789,223.338213831515,224.886092850177,227.077388379018,249.878562925809,241.30508966078,218.681726491348,230.05984867674,212.628314696087,211.880351142534,207.282548119951,221.416675341394,203.104323990326,236.653118335078,220.002434351351,217.694654073508,224.545552928474,235.031864575039,211.545781424329,199.256685845794,193.577296939787,218.45794878012,206.061767460459,233.665294378511,243.035763594501,194.324714823166,225.293329169953,199.785796984196,246.08490295123,218.36465874632,244.521086808371,216.543704719965,202.975787389331,255.207718307747,214.267607643285,202.941141804788,236.612360688765,214.347260747158,206.248210564991,228.355803568956,186.969477390481,243.41286616966,204.218202901418,247.176190554585,235.585368558505,300.372937106324,246.887433905924,224.28133504531,235.571406011062,182.50269329462,225.178253081789,223.338213831515,224.886092850177,227.077388379018,249.878562925809,241.30508966078,218.681726491348,230.05984867674,212.628314696087,211.880351142534,207.282548119951,221.416675341394,203.104323990326,236.653118335078,220.002434351351,217.694654073508,224.545552928474,235.031864575039,211.545781424329,199.256685845794,193.577296939787,218.45794878012,206.061767460459,233.665294378511,243.035763594501,194.324714823166,225.293329169953,199.785796984196,246.08490295123,218.36465874632,244.521086808371
214.092568077351,210.611622151478,237.14771302922,227.047233810929,201.95488238853,237.279432985041,209.310965837958,189.764352249434,220.135074921324,174.376650734906,242.341828319793,200.115778764375,260.097857331792,228.273730891411,246.887433905924,301.094114047376,212.221764605421,221.469658323891,176.358600381026,210.790497193349,215.287378880566,232.221589673757,219.575098051264,219.449215759798,239.104294165555,206.762153821122,229.902063087658,224.002978282412,218.012107996718,198.427298232744,218.871504593508,205.659513818135,212.337012523368,226.339563268989,215.55576614191,226.582373045552,217.077940531191,218.14902840773,193.72582215039,197.148811720786,205.419227834859,222.970757818526,250.409118665182,236.127035766308,196.616075425112,217.766950284178,194.907420548328,218.185275897705,209.76375909914,239.826769273472,214.092568077351,210.611622151478,237.14771302922,227.047233810929,201.95488238853,237.279432985041,209.310965837958,189.764352249434,220.135074921324,174.376650734906,242.341828319793,200.115778764375,260.097857331792,228.273730891411,246.887433905924,301.094114047376,212.221764605421,221.469658323891,176.358600381026,210.790497193349,215.287378880566,232.221589673757,219.575098051264,219.449215759798,239.104294165555,206.762153821122,229.902063087658,224.002978282412,218.012107996718,198.427298232744,218.871504593508,205.659513818135,212.337012523368,226.339563268989,215.55576614191,226.582373045552,217.077940531191,218.14902840773,193.72582215039,197.148811720786,205.419227834859,222.970757818526,250.409118665182,236.127035766308,196.616075425112,217.766950284178,194.907420548328,218.185275897705,209.76375909914,239.826769273472
188.403836968396,182.095742433215,219.10389922592,209.765961597667,179.979528761702,209.107026638323,183.605748810052,188.995024730287,203.897187851497,154.573899493674,205.864582337933,182.086017833331,222.713552144567,202.452982644972,224.28133504531,212.221764605421,240.989669062277,217.458263240612,172.063539266265,187.374119259338,186.947106745851,194.430940412207,197.726715211275,201.796605242639,213.52289032786,191.880429507174,208.926380321521,177.533035938217,182.483226356535,181.797717186506,197.764795474785,173.962395949874,199.453526337723,197.914253383746,190.943796686552,196.62714471608,199.754659975579,199.608615377035,169.66631452882,177.479368864956,181.368608994745,196.013704859663,208.979841693911,229.706872747187,177.545345871768,201.716436003189,155.724676895603,198.07744430357,200.244344868699,208.466471950872,188.403836968396,182.095742433215,219.10389922592,209.765961597667,179.979528761702,209.107026638323,183.605748810052,188.995024730287,203.897187851497,154.573899493674,205.864582337933,182.086017833331,222.713552144567,202.452982644972,224.28133504531,212.221764605421,240.989669062277,217.458263240612,172.063539266265,187.374119259338,186.947106745851,194.430940412207,197.726715211275,201.796605242639,213.52289032786,191.880429507174,208.926380321521,177.533035938217,182.483226356535,181.797717186506,197.764795474785,173.962395949874,199.453526337723,197.914253383746,190.943796686552,196.62714471608,199.754659975579,199.608615377035,169.66631452882,177.479368864956,181.368608994745,196.013704859663,208.979841693911,229.706872747187,177.545345871768,201.716436003189,155.724676895603,198.07744430357,200.244344868699,208.466471950872
209.840312425196,194.756944296007,226.369258085657,223.664743036161,202.4123667193,223.203635098169,206.80041270815,193.079210034122,206.393038454578,172.565468743435,231.758574644575,203.677116638727,249.564526490801,206.996978771608,235.571406011062,221.469658323891,217.458263240612,268.287626903153,171.087150119924,192.63919017961,205.151543400345,213.424199734619,217.332190141895,228.906358892663,222.252395256655,206.480050384342,214.612079871266,198.279995569663,205.244361043289,197.323818090884,198.529729389324,188.799835899618,209.690982859853,202.755606325825,203.30833170906,214.414986971868,211.750383388933,208.610183453754,195.752570793483,198.288772878876,197.668122256803,204.988066915585,226.915239904758,235.014439280177,187.52715440963,214.861773757516,180.915895737036,207.821697371427,206.123615284082,234.21503433858,209.840312425196,194.756944296007,226.369258085657,223.664743036161,202.4123667193,223.203635098169,206.80041270815,193.079210034122,206.393038454578,172.565468743435,231.758574644575,203.677116638727,249.564526490801,206.996978771608,235.571406011062,221.469658323891,217.458263240612,268.287626903153,171.087150119924,192.63919017961,205.151543400345,213.424199734619,217.332190141895,228.906358892663,222.252395256655,206.480050384342,214.612079871266,198.279995569663,205.244361043289,197.323818090884,198.529729389324,188.799835899618,209.690982859853,202.755606325825,203.30833170906,214.414986971868,211.750383388933,208.610183453754,195.752570793483,198.288772878876,197.668122256803,204.988066915585,226.915239904758,235.014439280177,187.52715440963,214.861773757516,180.915895737036,207.821697371427,206.123615284082,234.21503433858
159.307483355055,155.083714205715,178.739155024485,155.695503695812,147.858426339972,167.135141288573,152.901543103963,138.756337510257,162.718195747625,128.380047859639,174.940184371532,147.997861905644,176.404405569963,155.926619797944,182.50269329462,176.358600381026,172.063539266265,171.087150119924,161.52855997377,156.426575457141,152.304158123428,152.439210983464,157.940482743433,171.975269089865,168.871361173331,158.416501892241,175.152284920978,152.097807872047,148.654560762465,140.101010120304,151.313332052465,143.311560176521,159.599630347619,158.481225047082,152.315367077895,161.633682016615,170.320361311888,159.919791722523,146.168252305846,141.630203096847,150.449466175259,145.897273309207,177.23159864889,178.435897838006,143.146740589301,167.396292062293,132.950771160277,162.988528337708,156.631408824059,168.960368295528,159.307483355055,155.083714205715,178.739155024485,155.695503695812,147.858426339972,167.135141288573,152.901543103963,138.756337510257,162.718195747625,128.380047859639,174.940184371532,147.997861905644,176.404405569963,155.926619797944,182.50269329462,176.358600381026,172.063539266265,171.087150119924,161.52855997377,156.426575457141,152.304158123428,152.439210983464,157.940482743433,171.975269089865,168.871361173331,158.416501892241,175.152284920978,152.097807872047,148.654560762465,140.101010120304,151.313332052465,143.311560176521,159.599630347619,158.481225047082,152.315367077895,161.633682016615,170.320361311888,159.919791722523,146.168252305846,141.630203096847,150.449466175259,145.897273309207,177.23159864889,178.435897838006,143.146740589301,167.396292062293,132.950771160277,162.988528337708,156.631408824059,168.960368295528
184.863671124135,169.425015552802,203.108484115744,183.180240203627,186.255293163041,214.012286896291,172.012377459862,158.508244791627,195.599422642189,156.18988050663,201.240694536402,160.750488004334,196.434704809037,197.319594247584,225.178253081789,210.790497193349,187.374119259338,192.63919017961,156.426575457141,231.017020206949,193.746924509022,198.147927834674,190.780207074878,208.039328091888,201.135109249564,176.188313983359,206.99542112386,170.093575733322,175.548809176439,169.282266167965,171.096038515884,163.28518098344,189.218961150128,185.943935661684,181.502658221596,186.282392813673,205.438243997859,178.925724950106,178.960511977363,166.69139947696,182.589846577129,173.474813964521,215.363934452912,212.1410322136,167.34638860096,189.015059084908,173.060871849241,184.954865180217,178.85732666621,187.439349840281,184.863671124135,169.425015552802,203.108484115744,183.180240203627,186.255293163041,214.012286896291,172.012377459862,158.508244791627,195.599422642189,156.18988050663,201.240694536402,160.750488004334,196.434704809037,197.319594247584,225.178253081789,210.790497193349,187.374119259338,192.63919017961,156.426575457141,231.017020206949,193.746924509022,198.147927834674,190.780207074878,208.039328091888,201.135109249564,176.188313983359,206.99542112386,170.093575733322,175.548809176439,169.282266167965,171.096038515884,163.28518098344,189.218961150128,185.943935661684,181.502658221596,186.282392813673,205.438243997859,178.925724950106,178.960511977363,166.69139947696,182.589846577129,173.474813964521,215.363934452912,212.1410322136,167.34638860096,189.015059084908,173.060871849241,184.954865180217,178.85732666621,187.439349840281
187.085478717745,160.026814536429,203.160315706451,183.137979545746,178.221274244765,198.051265816833,174.181698173284,152.333972472411,190.963203216839,161.265865167967,203.729530390555,163.010544870746,212.722413916818,203.590817350262,223.338213831515,215.287378880566,186.947106745851,205.151543400345,152.304158123428,193.746924509022,234.590268978823,192.022738103981,193.98762741359,213.40284980306,202.932460674375,178.873202819999,197.625083268866,155.417003869385,164.806457531693,166.85037069824,168.865016157846,162.607425577185,178.257645292895,186.651969096787,182.161513183664,185.640554260767,189.831448387157,185.254478492426,163.360604508695,167.037904989049,174.833028938575,172.22248753189,215.620586404803,213.350204088229,156.603094117566,171.586303710709,167.611607958831,189.564843154328,179.164083235792,204.716615153186,187.085478717745,160.026814536429,203.160315706451,183.137979545746,178.221274244765,198.051265816833,174.181698173284,152.333972472411,190.963203216839,161.265865167967,203.729530390555,163.010544870746,212.722413916818,203.590817350262,223.338213831515,215.287378880566,186.947106745851,205.151543400345,152.304158123428,193.746924509022,234.590268978823,192.022738103981,193.98762741359,213.40284980306,202.932460674375,178.873202819999,197.625083268866,155.417003869385,164.806457531693,166.85037069824,168.865016157846,162.607425577185,178.257645292895,186.651969096787,182.161513183664,185.640554260767,189.831448387157,185.254478492426,163.360604508695,167.037904989049,174.833028938575,172.22248753189,215.620586404803,213.350204088229,156.603094117566,171.586303710709,167.611607958831,189.564843154328,179.164083235792,204.716615153186
198.115034528951,175.621924722156,207.176931902248,211.981481505563,189.363358129366,225.358012766009,183.362008262145,181.136139313329,207.917775979613,153.61846997733,213.307997789333,175.081000272975,228.65694516987,207.531194347483,224.886092850177,232.221589673757,194.430940412207,213.424199734619,152.439210983464,198.147927834674,192.022738103981,238.280506473083,202.245863925298,197.008421896083,226.751043827661,186.021500842976,206.811989286426,185.772308231497,189.910955996969,180.241153740729,189.119833843851,182.678630377421,202.312584565317,194.353582556641,193.141569737617,202.813062345441,200.446616408261,196.336427931273,182.110849843976,173.974670328169,186.032831584506,190.206530845539,222.662612904262,204.757689731102,188.102967851656,196.220142106529,179.584869722083,200.075918421522,191.064329670977,213.856395427331,198.115034528951,175.621924722156,207.176931902248,211.981481505563,189.363358129366,225.358012766009,183.362008262145,181.136139313329,207.917775979613,153.61846997733,213.307997789333,175.081000272975,228.65694516987,207.531194347483,224.886092850177,232.221589673757,194.430940412207,213.424199734619,152.439210983464,198.147927834674,192.022738103981,238.280506473083,202.245863925298,197.008421896083,226.751043827661,186.021500842976,206.811989286426,185.772308231497,189.910955996969,180.241153740729,189.119833843851,182.678630377421,202.312584565317,194.353582556641,193.141569737617,202.813062345441,200.446616408261,196.336427931273,182.110849843976,173.974670328169,186.032831584506,190.206530845539,222.662612904262,204.757689731102,188.102967851656,196.220142106529,179.584869722083,200.075918421522,191.064329670977,213.856395427331
190.705342801883,183.417131584119,227.501416483058,195.82985022692,184.657471240793,215.223624722501,194.442247764455,175.727159762145,206.133885483401,149.969801959877,219.279393101156,187.861345182384,218.669430008113,200.47204204004,227.077388379018,219.575098051264,197.726715211275,217.332190141895,157.940482743433,190.780207074878,193.98762741359,202.245863925298,242.464719988393,209.119354558239,219.758292193557,201.520062000651,193.521439837883,185.291776355649,192.984165385321,176.037514461701,186.044122629594,185.375184745351,195.992433938702,199.757043125918,185.487195236921,199.130316157569,191.611071103117,200.805421137377,178.685131685824,172.92577711063,200.090953236461,194.356991316962,220.436990754204,226.397510661025,183.446678340869,198.281876960823,176.422412209764,187.322613264721,188.281842589749,220.24282458896,190.705342801883,183.417131584119,227.501416483058,195.82985022692,184.657471240793,215.223624722501,194.442247764455,175.727159762145,206.133885483401,149.969801959877,219.279393101156,187.861345182384,218.669430008113,200.47204204004,227.077388379018,219.575098051264,197.726715211275,217.332190141895,157.940482743433,190.780207074878,193.98762741359,202.245863925298,242.464719988393,209.119354558239,219.758292193557,201.520062000651,193.521439837883,185.291776355649,192.984165385321,176.037514461701,186.044122629594,185.375184745351,195.992433938702,199.757043125918,185.487195236921,199.130316157569,191.611071103117,200.805421137377,178.685131685824,172.92577711063,200.090953236461,194.356991316962,220.436990754204,226.397510661025,183.446678340869,198.281876960823,176.422412209764,187.322613264721,188.281842589749,220.24282458896
