267.190383611528,203.399664217838,184.885064601805,187.504709267092,185.619836110398,192.449630488021,227.663932600835,228.425562575722,217.92658233188,204.428352089602,181.264283122599,189.844259811718,215.678811713214,219.926411331747,196.870333127633,201.459594764882,180.27057813067,200.387157950288,227.878034393545,183.322890345332,169.055878197354,196.478964650269,177.623984405867,208.663754821741,222.74768041747,187.785530468288,200.107874139869,204.99058740366,222.937696606619,213.103945496275,227.016937958681,204.920705788706,183.165929227339,167.918284861396,195.21368836768,207.383071080305,190.104626122796,186.024034919188,206.640476230734,198.708577968205,178.660510551419,207.573037140121,230.78858233503,217.109535099413,206.609838462879,201.039904281149,195.470568031923,188.583389531897,194.951685959685,183.122298384286,267.190383611528,203.399664217838,184.885064601805,187.504709267092,185.619836110398,192.449630488021,227.663932600835,228.425562575722,217.92658233188,204.428352089602,181.264283122599,189.844259811718,215.678811713214,219.926411331747,196.870333127633,201.459594764882,180.27057813067,200.387157950288,227.878034393545,183.322890345332,169.055878197354,196.478964650269,177.623984405867,208.663754821741,222.74768041747,187.785530468288,200.107874139869,204.99058740366,222.937696606619,213.103945496275,227.016937958681,204.920705788706,183.165929227339,167.918284861396,195.21368836768,207.383071080305,190.104626122796,186.024034919188,206.640476230734,198.708577968205,178.660510551419,207.573037140121,230.78858233503,217.109535099413,206.609838462879,201.039904281149,195.470568031923,188.583389531897,194.951685959685,183.122298384286
203.399640514853,259.058919485412,196.73797268633,181.502987546435,180.349884989262,183.791428886491,220.046081269829,215.491320223472,224.50289421113,197.542913210148,191.053097357677,198.024222853176,213.596945079579,209.791837367035,198.128016189211,210.286596332265,179.6950213356,197.270846338576,232.009166559016,189.707330030863,186.077129192862,188.713434144669,172.5228178596,206.945530290354,188.718700367995,196.976914233929,217.00479025325,192.157972997,218.178107121507,204.796263726597,212.119727410026,223.521441312209,194.397714608552,195.913853330943,191.802193080905,204.473007778406,189.828590023747,182.340226894064,202.978389753763,198.069204970808,174.54312238662,210.740177147454,228.033754557703,211.903063539464,184.335408417152,204.6055357902,204.168724402691,200.055743962264,207.916812776253,198.713875761641,203.399640514853,259.058919485412,196.73797268633,181.502987546435,180.349884989262,183.791428886491,220.046081269829,215.491320223472,224.50289421113,197.542913210148,191.053097357677,198.024222853176,213.596945079579,209.791837367035,198.128016189211,210.286596332265,179.6950213356,197.270846338576,232.009166559016,189.707330030863,186.077129192862,188.713434144669,172.5228178596,206.945530290354,188.718700367995,196.976914233929,217.00479025325,192.157972997,218.178107121507,204.796263726597,212.119727410026,223.521441312209,194.397714608552,195.913853330943,191.802193080905,204.473007778406,189.828590023747,182.340226894064,202.978389753763,198.069204970808,174.54312238662,210.740177147454,228.033754557703,211.903063539464,184.335408417152,204.6055357902,204.168724402691,200.055743962264,207.916812776253,198.713875761641
184.88504089882,196.73797268633,198.116291699065,160.607204008528,172.848485167985,176.210130383601,195.906522296747,200.881250352831,193.358412265755,182.948718296809,174.44555671047,172.421446620808,196.552934314143,179.394416749893,172.250383911787,188.143689261836,151.728424136943,164.565555987345,203.12654349064,164.121413185565,172.188186072575,166.193189728686,159.698948138056,181.783833464451,179.636892075582,164.677645567164,180.408038856555,177.143223390528,184.573831903032,178.611941873445,180.716946882673,192.890749644821,168.640110313488,163.845269796789,177.554820245298,185.867319426466,169.560921852111,164.295844388816,170.525791878393,180.659762330612,160.510832452611,189.84365427953,207.456801197298,186.810200980512,173.141578022304,176.329366092716,172.435497104009,184.911043837752,173.600990986631,174.772959829687,184.88504089882,196.73797268633,198.116291699065,160.607204008528,172.848485167985,176.210130383601,195.906522296747,200.881250352831,193.358412265755,182.948718296809,174.44555671047,172.421446620808,196.552934314143,179.394416749893,172.250383911787,188.143689261836,151.728424136943,164.565555987345,203.12654349064,164.121413185565,172.188186072575,166.193189728686,159.698948138056,181.783833464451,179.636892075582,164.677645567164,180.408038856555,177.143223390528,184.573831903032,178.611941873445,180.716946882673,192.890749644821,168.640110313488,163.845269796789,177.554820245298,185.867319426466,169.560921852111,164.295844388816,170.525791878393,180.659762330612,160.510832452611,189.84365427953,207.456801197298,186.810200980512,173.141578022304,176.329366092716,172.435497104009,184.911043837752,173.600990986631,174.772959829687
187.504685564108,181.502987546435,160.607204008528,213.033059646275,158.732316239404,164.786537394606,199.861334909956,186.718258747676,188.214541252747,166.201071219893,157.079968628198,160.358339601405,185.927695297927,171.486733277124,173.661007660095,175.807137896296,164.197727035478,169.321807387256,193.271824732526,162.057391354029,162.440679762106,168.171227822275,167.345765322731,172.990662185429,182.965013615062,177.800489037035,163.560440902112,178.490218190151,189.083564290772,183.750009439013,186.999353211342,185.491704496043,159.390309733737,163.871761583874,164.906634926097,189.719318850027,164.846644825926,153.921132474485,175.674734049316,172.810823529639,162.598152046034,192.04595535705,177.863530984983,182.168657837451,172.212431515952,179.507663382504,182.565566245165,181.917079392072,167.733435261701,158.049811577506,187.504685564108,181.502987546435,160.607204008528,213.033059646275,158.732316239404,164.786537394606,199.861334909956,186.718258747676,188.214541252747,166.201071219893,157.079968628198,160.358339601405,185.927695297927,171.486733277124,173.661007660095,175.807137896296,164.197727035478,169.321807387256,193.271824732526,162.057391354029,162.440679762106,168.171227822275,167.345765322731,172.990662185429,182.965013615062,177.800489037035,163.560440902112,178.490218190151,189.083564290772,183.750009439013,186.999353211342,185.491704496043,159.390309733737,163.871761583874,164.906634926097,189.719318850027,164.846644825926,153.921132474485,175.674734049316,172.810823529639,162.598152046034,192.04595535705,177.863530984983,182.168657837451,172.212431515952,179.507663382504,182.565566245165,181.917079392072,167.733435261701,158.049811577506
185.619812407413,180.349884989262,172.848485167985,158.732316239404,207.863368481325,169.367596957509,194.987447114132,201.920076523081,192.833202166211,182.595537926281,166.713586674111,159.771729886993,195.724458156449,186.431144919222,167.442353805721,186.577589314466,152.357502077819,168.780472178477,201.5384392462,174.777744553777,156.027422898832,168.266699534008,161.736814392569,179.988834857291,189.839719144103,177.93040389657,177.596182658879,172.300083991776,181.435730014375,175.575682197889,173.824006464759,178.708371767201,156.03686031033,162.947015787171,173.986423889521,169.996367409084,167.491455896473,152.576591537185,171.979586465318,165.249992972003,165.138413291188,175.631811979899,189.020798973833,185.555492699838,175.372120549393,170.494641575477,164.324503360898,179.486711815142,164.420714074249,164.95390094265,185.619812407413,180.349884989262,172.848485167985,158.732316239404,207.863368481325,169.367596957509,194.987447114132,201.920076523081,192.833202166211,182.595537926281,166.713586674111,159.771729886993,195.724458156449,186.431144919222,167.442353805721,186.577589314466,152.357502077819,168.780472178477,201.5384392462,174.777744553777,156.027422898832,168.266699534008,161.736814392569,179.988834857291,189.839719144103,177.93040389657,177.596182658879,172.300083991776,181.435730014375,175.575682197889,173.824006464759,178.708371767201,156.03686031033,162.947015787171,173.986423889521,169.996367409084,167.491455896473,152.576591537185,171.979586465318,165.249992972003,165.138413291188,175.631811979899,189.020798973833,185.555492699838,175.372120549393,170.494641575477,164.324503360898,179.486711815142,164.420714074249,164.95390094265
192.449606785036,183.791428886491,176.210130383601,164.786537394606,169.367596957509,245.617367078562,197.358153887408,212.052370778419,205.124060049749,189.079479963081,161.681608412686,173.447166391553,190.137970353894,183.407236829188,172.823454728951,181.096456467328,153.322906916266,180.972719951636,203.200633840537,171.976756847413,160.785048934492,188.081499141342,164.521125124154,201.351172612306,191.113023761274,181.058252903117,167.771670530241,184.098971478133,193.423580250687,188.104146811403,186.099352352498,193.811522495788,176.7995103436,168.261866616271,180.851468593493,179.242522695515,174.598701518877,161.704523545591,163.149668760336,181.827612120209,166.674702550481,181.824457343909,197.177004797504,193.604753696335,176.598626995458,179.281091043849,172.151224038672,178.754971347464,166.432704477769,157.881810691219,192.449606785036,183.791428886491,176.210130383601,164.786537394606,169.367596957509,245.617367078562,197.358153887408,212.052370778419,205.124060049749,189.079479963081,161.681608412686,173.447166391553,190.137970353894,183.407236829188,172.823454728951,181.096456467328,153.322906916266,180.972719951636,203.200633840537,171.976756847413,160.785048934492,188.081499141342,164.521125124154,201.351172612306,191.113023761274,181.058252903117,167.771670530241,184.098971478133,193.423580250687,188.104146811403,186.099352352498,193.811522495788,176.7995103436,168.261866616271,180.851468593493,179.242522695515,174.598701518877,161.704523545591,163.149668760336,181.827612120209,166.674702550481,181.824457343909,197.177004797504,193.604753696335,176.598626995458,179.281091043849,172.151224038672,178.754971347464,166.432704477769,157.881810691219
227.66390889785,220.046081269829,195.906522296747,199.861334909956,194.987447114132,197.358153887408,276.648767809375,231.940886098762,236.784277184211,219.07644873386,188.336973190883,202.82077564678,210.518103193766,217.583331670224,197.794101943506,213.147826426841,179.03173745961,201.490678929202,223.998075327629,183.201836120054,183.54694400703,200.468766282831,176.813894560293,215.793214885165,217.735284499004,208.579860883786,204.258513847348,211.033236142883,221.539342081477,214.39068434082,216.483350106328,215.738623253681,189.843962127337,181.743301065967,207.044900633926,214.109450809916,197.757307364109,193.271158597004,196.696023950532,210.137627345695,184.27952298114,211.703283507055,224.423099761064,223.036190633154,194.755174076204,207.020048347471,212.608923914608,198.007868515701,195.780918725563,200.081814727513,227.66390889785,220.046081269829,195.906522296747,199.861334909956,194.987447114132,197.358153887408,276.648767809375,231.940886098762,236.784277184211,219.07644873386,188.336973190883,202.82077564678,210.518103193766,217.583331670224,197.794101943506,213.147826426841,179.03173745961,201.490678929202,223.998075327629,183.201836120054,183.54694400703,200.468766282831,176.813894560293,215.793214885165,217.735284499004,208.579860883786,204.258513847348,211.033236142883,221.539342081477,214.39068434082,216.483350106328,215.738623253681,189.843962127337,181.743301065967,207.044900633926,214.109450809916,197.757307364109,193.271158597004,196.696023950532,210.137627345695,184.27952298114,211.703283507055,224.423099761064,223.036190633154,194.755174076204,207.020048347471,212.608923914608,198.007868515701,195.780918725563,200.081814727513
228.425538872737,215.491320223472,200.881250352831,186.718258747676,201.920076523081,212.052370778419,231.940886098762,271.142723956347,227.313295809546,214.012021027726,199.741496472868,191.038198451353,221.775266987697,214.013842507111,202.866278947343,214.009123388452,189.525760509923,202.296526027571,230.136727167384,194.286234394768,181.186200393949,203.620367313582,182.775248640186,212.221059349517,221.139001701966,206.114026619737,206.277425966403,194.762341941163,231.2525719023,222.381454897507,212.201608032176,213.062733521989,188.511226870452,194.218761815093,205.561760149967,209.717214591197,191.164617689873,198.766895385491,193.494721199259,216.222990211555,175.405125635047,215.052227087709,220.099193253816,231.94314997071,201.867061933923,204.624230709086,197.866845887233,199.783071925191,190.428483292316,193.738998133379,228.425538872737,215.491320223472,200.881250352831,186.718258747676,201.920076523081,212.052370778419,231.940886098762,271.142723956347,227.313295809546,214.012021027726,199.741496472868,191.038198451353,221.775266987697,214.013842507111,202.866278947343,214.009123388452,189.525760509923,202.296526027571,230.136727167384,194.286234394768,181.186200393949,203.620367313582,182.775248640186,212.221059349517,221.139001701966,206.114026619737,206.277425966403,194.762341941163,231.2525719023,222.381454897507,212.201608032176,213.062733521989,188.511226870452,194.218761815093,205.561760149967,209.717214591197,191.164617689873,198.766895385491,193.494721199259,216.222990211555,175.405125635047,215.052227087709,220.099193253816,231.94314997071,201.867061933923,204.624230709086,197.866845887233,199.783071925191,190.428483292316,193.738998133379
217.926558628895,224.50289421113,193.358412265755,188.214541252747,192.833202166211,205.124060049749,236.784277184211,227.313295809546,269.001783132034,205.575630443825,193.864710984462,194.699529637714,202.832594815774,217.609304603275,205.02127743947,222.987693311218,186.793699778245,207.368438186558,232.491488258245,183.711211328881,191.454008210257,191.885924271809,184.056514325912,220.47590535774,200.804742547938,207.056032301123,206.749734792609,208.220064133956,220.30366209343,213.343660154327,218.193621278952,218.759852808087,190.30462121175,178.449696326325,197.421071980858,200.288861751934,200.803023039692,188.556205988242,195.651215380558,206.287182920564,188.495030052584,221.123308539366,223.714244321768,204.710833606894,197.502526459935,205.222118343395,205.468940717658,200.189721080436,195.528360620906,198.382076656241,217.926558628895,224.50289421113,193.358412265755,188.214541252747,192.833202166211,205.124060049749,236.784277184211,227.313295809546,269.001783132034,205.575630443825,193.864710984462,194.699529637714,202.832594815774,217.609304603275,205.02127743947,222.987693311218,186.793699778245,207.368438186558,232.491488258245,183.711211328881,191.454008210257,191.885924271809,184.056514325912,220.47590535774,200.804742547938,207.056032301123,206.749734792609,208.220064133956,220.30366209343,213.343660154327,218.193621278952,218.759852808087,190.30462121175,178.449696326325,197.421071980858,200.288861751934,200.803023039692,188.556205988242,195.651215380558,206.287182920564,188.495030052584,221.123308539366,223.714244321768,204.710833606894,197.502526459935,205.222118343395,205.468940717658,200.189721080436,195.528360620906,198.382076656241
204.428328386617,197.542913210148,182.948718296809,166.201071219893,182.595537926281,189.079479963081,219.07644873386,214.012021027726,205.575630443825,243.32499866171,193.492566986129,170.539285207723,195.934409986826,196.50032595192,179.794960226098,191.865379186202,179.368001938408,179.406652115646,215.86568410717,185.359970735121,170.457875109387,166.976873865786,156.63865697024,204.572567370028,201.675884065708,184.772114520859,190.699711027582,180.984370043479,197.131357221392,195.735087276839,197.765437329535,204.392836194584,172.64713622698,171.706910294809,193.660891267701,186.603197207999,172.434815678717,179.244695168882,185.018122675736,184.974694857333,174.365461555075,181.875175594061,217.547423527556,200.710227302489,184.050400208427,177.37279728115,187.225110588419,189.339520265955,168.48623475336,173.130232916029,204.428328386617,197.542913210148,182.948718296809,166.201071219893,182.595537926281,189.079479963081,219.07644873386,214.012021027726,205.575630443825,243.32499866171,193.492566986129,170.539285207723,195.934409986826,196.50032595192,179.794960226098,191.865379186202,179.368001938408,179.406652115646,215.86568410717,185.359970735121,170.457875109387,166.976873865786,156.63865697024,204.572567370028,201.675884065708,184.772114520859,190.699711027582,180.984370043479,197.131357221392,195.735087276839,197.765437329535,204.392836194584,172.64713622698,171.706910294809,193.660891267701,186.603197207999,172.434815678717,179.244695168882,185.018122675736,184.974694857333,174.365461555075,181.875175594061,217.547423527556,200.710227302489,184.050400208427,177.37279728115,187.225110588419,189.339520265955,168.48623475336,173.130232916029
181.264259419615,191.053097357677,174.44555671047,157.079968628198,166.713586674111,161.681608412686,188.336973190883,199.741496472868,193.864710984462,193.492566986129,215.782570460072,163.943066942154,181.516043460967,185.410108802844,178.038795115179,181.747626998586,168.064863112694,167.170454468865,199.131336056194,165.485571997234,161.318515729665,157.479757909142,155.875759424238,179.485295150198,181.455777821365,170.613086967267,181.921716426719,167.542279021318,173.630774950768,183.37312548644,192.603819426455,199.405439532936,158.973820857246,169.024812714533,180.02655101482,170.431917798928,165.807982795806,161.138851133942,172.536734096619,183.322924635011,161.633628882018,181.299745025131,195.274126186951,181.403796244778,176.696106058158,172.12679342824,180.562819336815,186.858665692442,167.293007239014,151.26623520708,181.264259419615,191.053097357677,174.44555671047,157.079968628198,166.713586674111,161.681608412686,188.336973190883,199.741496472868,193.864710984462,193.492566986129,215.782570460072,163.943066942154,181.516043460967,185.410108802844,178.038795115179,181.747626998586,168.064863112694,167.170454468865,199.131336056194,165.485571997234,161.318515729665,157.479757909142,155.875759424238,179.485295150198,181.455777821365,170.613086967267,181.921716426719,167.542279021318,173.630774950768,183.37312548644,192.603819426455,199.405439532936,158.973820857246,169.024812714533,180.02655101482,170.431917798928,165.807982795806,161.138851133942,172.536734096619,183.322924635011,161.633628882018,181.299745025131,195.274126186951,181.403796244778,176.696106058158,172.12679342824,180.562819336815,186.858665692442,167.293007239014,151.26623520708
189.844236108733,198.024222853176,172.421446620808,160.358339601405,159.771729886993,173.447166391553,202.82077564678,191.038198451353,194.699529637714,170.539285207723,163.943066942154,216.368975790651,179.686613951602,184.85872693788,169.293746807956,182.811562992815,145.047851339163,167.610571623406,205.215621036315,165.149908091891,169.341855205882,174.880203993931,151.672882549786,188.469135313506,172.858317472768,165.490843963313,162.472029077862,182.451743749096,179.815620510707,179.091148294675,177.21275466653,199.329669331752,154.916776025515,162.106425225918,173.072253981689,183.388161478881,179.887707201779,165.999964978754,183.191350866054,179.354554743033,160.808165788363,179.248500665722,197.146334241952,206.940708216175,162.521160075517,168.964344109707,172.347788135129,180.800125799622,183.930757931242,165.467380388021,189.844236108733,198.024222853176,172.421446620808,160.358339601405,159.771729886993,173.447166391553,202.82077564678,191.038198451353,194.699529637714,170.539285207723,163.943066942154,216.368975790651,179.686613951602,184.85872693788,169.293746807956,182.811562992815,145.047851339163,167.610571623406,205.215621036315,165.149908091891,169.341855205882,174.880203993931,151.672882549786,188.469135313506,172.858317472768,165.490843963313,162.472029077862,182.451743749096,179.815620510707,179.091148294675,177.21275466653,199.329669331752,154.916776025515,162.106425225918,173.072253981689,183.388161478881,179.887707201779,165.999964978754,183.191350866054,179.354554743033,160.808165788363,179.248500665722,197.146334241952,206.940708216175,162.521160075517,168.964344109707,172.347788135129,180.800125799622,183.930757931242,165.467380388021
215.678788010229,213.596945079579,196.552934314143,185.927695297927,195.724458156449,190.137970353894,210.518103193766,221.775266987697,202.832594815774,195.934409986826,181.516043460967,179.686613951602,252.621991369165,197.459581873861,186.021037147976,198.892875543096,176.700898138245,187.212753864225,225.03462869821,193.119011716704,183.684256605875,185.48843747023,174.100498698332,203.891859791542,205.301667194407,189.858597255062,192.987089831977,196.660362550544,217.361258153057,195.655563344503,209.489581073738,198.815827440045,189.290346861462,182.870346226425,202.599319376856,206.039318286149,181.762692097513,173.110754174811,194.474778815308,201.158884568521,168.221171474696,207.868996444701,211.385018812714,210.044356225678,194.73056574919,193.51373205274,190.976056252366,209.917374590083,186.896457777408,188.891297327539,215.678788010229,213.596945079579,196.552934314143,185.927695297927,195.724458156449,190.137970353894,210.518103193766,221.775266987697,202.832594815774,195.934409986826,181.516043460967,179.686613951602,252.621991369165,197.459581873861,186.021037147976,198.892875543096,176.700898138245,187.212753864225,225.03462869821,193.119011716704,183.684256605875,185.48843747023,174.100498698332,203.891859791542,205.301667194407,189.858597255062,192.987089831977,196.660362550544,217.361258153057,195.655563344503,209.489581073738,198.815827440045,189.290346861462,182.870346226425,202.599319376856,206.039318286149,181.762692097513,173.110754174811,194.474778815308,201.158884568521,168.221171474696,207.868996444701,211.385018812714,210.044356225678,194.73056574919,193.51373205274,190.976056252366,209.917374590083,186.896457777408,188.891297327539
219.926387628762,209.791837367035,179.394416749893,171.486733277124,186.431144919222,183.407236829188,217.583331670224,214.013842507111,217.609304603275,196.50032595192,185.410108802844,184.85872693788,197.459581873861,245.770898832031,186.94123309721,189.294751830949,166.461003346168,191.706082889339,231.273136641125,176.932890841291,176.166611758684,188.647817315567,182.078981574057,196.801349968628,209.249689735848,190.164120073326,200.910053139298,194.880242410548,226.138251544739,190.812313246485,214.864883253191,199.614550724655,184.578269278187,176.630278854746,189.039097796748,195.635520132515,190.875028425408,174.647427993539,191.272785363766,188.532644338821,175.055230020957,198.965118596575,224.591680586512,204.158106044466,197.685066743437,201.36023019843,187.646799130375,204.808020326903,208.696117353498,181.996811404409,219.926387628762,209.791837367035,179.394416749893,171.486733277124,186.431144919222,183.407236829188,217.583331670224,214.013842507111,217.609304603275,196.50032595192,185.410108802844,184.85872693788,197.459581873861,245.770898832031,186.94123309721,189.294751830949,166.461003346168,191.706082889339,231.273136641125,176.932890841291,176.166611758684,188.647817315567,182.078981574057,196.801349968628,209.249689735848,190.164120073326,200.910053139298,194.880242410548,226.138251544739,190.812313246485,214.864883253191,199.614550724655,184.578269278187,176.630278854746,189.039097796748,195.635520132515,190.875028425408,174.647427993539,191.272785363766,188.532644338821,175.055230020957,198.965118596575,224.591680586512,204.158106044466,197.685066743437,201.36023019843,187.646799130375,204.808020326903,208.696117353498,181.996811404409
196.870309424648,198.128016189211,172.250383911787,173.661007660095,167.442353805721,172.823454728951,197.794101943506,202.866278947343,205.02127743947,179.794960226098,178.038795115179,169.293746807956,186.021037147976,186.94123309721,212.574693138933,195.217759101069,168.767124014121,183.412071728994,201.683069886993,164.979774383165,156.911859562092,179.344484969119,171.737713753446,192.724058519737,185.237289722324,176.616979670606,193.194344203212,170.934902556493,192.693558297373,191.559892988016,212.586241978196,185.790562992196,163.951149509118,173.417052350154,173.566679989541,185.651407254937,156.775443439711,154.409390317916,185.509275004044,178.750185399759,163.176739300852,199.305927447871,204.5729963309,194.114317359169,178.447194270552,186.811155536613,185.707891845977,187.402951976307,173.560544024118,170.05946807769,196.870309424648,198.128016189211,172.250383911787,173.661007660095,167.442353805721,172.823454728951,197.794101943506,202.866278947343,205.02127743947,179.794960226098,178.038795115179,169.293746807956,186.021037147976,186.94123309721,212.574693138933,195.217759101069,168.767124014121,183.412071728994,201.683069886993,164.979774383165,156.911859562092,179.344484969119,171.737713753446,192.724058519737,185.237289722324,176.616979670606,193.194344203212,170.934902556493,192.693558297373,191.559892988016,212.586241978196,185.790562992196,163.951149509118,173.417052350154,173.566679989541,185.651407254937,156.775443439711,154.409390317916,185.509275004044,178.750185399759,163.176739300852,199.305927447871,204.5729963309,194.114317359169,178.447194270552,186.811155536613,185.707891845977,187.402951976307,173.560544024118,170.05946807769
201.459571061898,210.286596332265,188.143689261836,175.807137896296,186.577589314466,181.096456467328,213.147826426841,214.009123388452,222.987693311218,191.865379186202,181.747626998586,182.811562992815,198.892875543096,189.294751830949,195.217759101069,242.599472964014,180.110211348545,188.385880620312,209.179148405092,171.615527468683,178.919454739278,197.600380655259,168.393858748262,206.345092943373,181.599402882523,199.194298164,200.672134840321,184.582484101664,195.914779184825,193.60202883322,199.651753244403,201.682726959912,174.672443735624,174.611961603447,196.337747642336,198.091065576667,179.983243524871,180.31540953471,190.730025504904,196.738665470399,184.069458948339,211.751137272052,216.523053051791,201.627870271345,184.740359251129,192.75850907443,192.748283210775,193.137819169917,181.449297643954,181.865066989899,201.459571061898,210.286596332265,188.143689261836,175.807137896296,186.577589314466,181.096456467328,213.147826426841,214.009123388452,222.987693311218,191.865379186202,181.747626998586,182.811562992815,198.892875543096,189.294751830949,195.217759101069,242.599472964014,180.110211348545,188.385880620312,209.179148405092,171.615527468683,178.919454739278,197.600380655259,168.393858748262,206.345092943373,181.599402882523,199.194298164,200.672134840321,184.582484101664,195.914779184825,193.60202883322,199.651753244403,201.682726959912,174.672443735624,174.611961603447,196.337747642336,198.091065576667,179.983243524871,180.31540953471,190.730025504904,196.738665470399,184.069458948339,211.751137272052,216.523053051791,201.627870271345,184.740359251129,192.75850907443,192.748283210775,193.137819169917,181.449297643954,181.865066989899
180.270554427685,179.6950213356,151.728424136943,164.197727035478,152.357502077819,153.322906916266,179.03173745961,189.525760509923,186.793699778245,179.368001938408,168.064863112694,145.047851339163,176.700898138245,166.461003346168,168.767124014121,180.110211348545,211.376588498694,171.561777689738,194.959045428293,156.411888062969,147.729782305927,161.562662498344,147.217807435617,185.299899870111,172.670001023251,167.845111523275,171.336127547864,167.543480450042,185.967346114568,177.005711672099,183.668903374291,184.816305687044,147.714945516577,161.543795629426,178.100120029593,170.77286204058,161.658272356247,153.122002964726,163.292582607048,172.926863841061,156.847442180796,190.853133050228,181.90413992716,167.189525999375,166.526616842384,162.127486928268,182.889576338819,165.06793164854,159.6432644251,152.42997129327,180.270554427685,179.6950213356,151.728424136943,164.197727035478,152.357502077819,153.322906916266,179.03173745961,189.525760509923,186.793699778245,179.368001938408,168.064863112694,145.047851339163,176.700898138245,166.461003346168,168.767124014121,180.110211348545,211.376588498694,171.561777689738,194.959045428293,156.411888062969,147.729782305927,161.562662498344,147.217807435617,185.299899870111,172.670001023251,167.845111523275,171.336127547864,167.543480450042,185.967346114568,177.005711672099,183.668903374291,184.816305687044,147.714945516577,161.543795629426,178.100120029593,170.77286204058,161.658272356247,153.122002964726,163.292582607048,172.926863841061,156.847442180796,190.853133050228,181.90413992716,167.189525999375,166.526616842384,162.127486928268,182.889576338819,165.06793164854,159.6432644251,152.42997129327
200.387134247303,197.270846338576,164.565555987345,169.321807387256,168.780472178477,180.972719951636,201.490678929202,202.296526027571,207.368438186558,179.406652115646,167.170454468865,167.610571623406,187.212753864225,191.706082889339,183.412071728994,188.385880620312,171.561777689738,214.635301236432,206.127601652547,168.019611048423,143.049803257656,180.86385462098,164.902454440541,189.618765238603,186.422279657766,182.026081575041,183.036104927486,180.117751964156,194.411207606683,189.852993153068,200.883785912317,194.536101880774,149.964585919436,165.643578322357,191.570610470364,178.939669340558,173.222795123707,154.805337040895,174.438697694412,183.43002801972,175.310188396509,187.942969154312,198.985855350914,185.798971712231,175.743118038497,176.547377230262,199.840838190522,173.630263051666,180.798014530819,159.469864802384,200.387134247303,197.270846338576,164.565555987345,169.321807387256,168.780472178477,180.972719951636,201.490678929202,202.296526027571,207.368438186558,179.406652115646,167.170454468865,167.610571623406,187.212753864225,191.706082889339,183.412071728994,188.385880620312,171.561777689738,214.635301236432,206.127601652547,168.019611048423,143.049803257656,180.86385462098,164.902454440541,189.618765238603,186.422279657766,182.026081575041,183.036104927486,180.117751964156,194.411207606683,189.852993153068,200.883785912317,194.536101880774,149.964585919436,165.643578322357,191.570610470364,178.939669340558,173.222795123707,154.805337040895,174.438697694412,183.43002801972,175.310188396509,187.942969154312,198.985855350914,185.798971712231,175.743118038497,176.547377230262,199.840838190522,173.630263051666,180.798014530819,159.469864802384
227.87801069056,232.009166559016,203.12654349064,193.271824732526,201.5384392462,203.200633840537,223.998075327629,230.136727167384,232.491488258245,215.86568410717,199.131336056194,205.215621036315,225.03462869821,231.273136641125,201.683069886993,209.179148405092,194.959045428293,206.127601652547,282.862972689774,207.243740099639,203.20344362232,198.517102948767,192.036457297643,211.438002243231,212.235713522097,205.150643196518,206.947940817771,210.764432181517,219.306678547535,217.404268302841,225.489513232667,233.094193214608,197.273302749245,203.88071994334,204.291772589348,206.871558683853,206.242671779397,184.216801758178,210.939796680187,206.746319117566,190.691942718207,217.942866618118,236.863469608411,218.980689726247,204.799729012149,206.305730102291,206.387074288602,223.203124218191,221.869504298077,190.921270101852,227.87801069056,232.009166559016,203.12654349064,193.271824732526,201.5384392462,203.200633840537,223.998075327629,230.136727167384,232.491488258245,215.86568410717,199.131336056194,205.215621036315,225.03462869821,231.273136641125,201.683069886993,209.179148405092,194.959045428293,206.127601652547,282.862972689774,207.243740099639,203.20344362232,198.517102948767,192.036457297643,211.438002243231,212.235713522097,205.150643196518,206.947940817771,210.764432181517,219.306678547535,217.404268302841,225.489513232667,233.094193214608,197.273302749245,203.88071994334,204.291772589348,206.871558683853,206.242671779397,184.216801758178,210.939796680187,206.746319117566,190.691942718207,217.942866618118,236.863469608411,218.980689726247,204.799729012149,206.305730102291,206.387074288602,223.203124218191,221.869504298077,190.921270101852
183.322866642347,189.707330030863,164.121413185565,162.057391354029,174.777744553777,171.976756847413,183.201836120054,194.286234394768,183.711211328881,185.359970735121,165.485571997234,165.149908091891,193.119011716704,176.932890841291,164.979774383165,171.615527468683,156.411888062969,168.019611048423,207.243740099639,210.745822028379,169.239297974486,158.188736866805,154.116086869753,183.583638458987,174.814899455036,178.837116969287,173.79424058547,164.514749309681,182.374151210593,182.303894009271,181.343818480274,193.385195099776,165.034194851614,170.183082064387,168.066665503568,183.84389927073,169.869136430144,146.336679668236,175.264299147457,163.630031102611,146.125215576277,176.836465530408,190.933523840796,192.870567263281,161.800799236989,177.287066902413,175.430288063963,177.566460065507,160.582448730824,155.787553211467,183.322866642347,189.707330030863,164.121413185565,162.057391354029,174.777744553777,171.976756847413,183.201836120054,194.286234394768,183.711211328881,185.359970735121,165.485571997234,165.149908091891,193.119011716704,176.932890841291,164.979774383165,171.615527468683,156.411888062969,168.019611048423,207.243740099639,210.745822028379,169.239297974486,158.188736866805,154.116086869753,183.583638458987,174.814899455036,178.837116969287,173.79424058547,164.514749309681,182.374151210593,182.303894009271,181.343818480274,193.385195099776,165.034194851614,170.183082064387,168.066665503568,183.84389927073,169.869136430144,146.336679668236,175.264299147457,163.630031102611,146.125215576277,176.836465530408,190.933523840796,192.870567263281,161.800799236989,177.287066902413,175.430288063963,177.566460065507,160.582448730824,155.787553211467
169.055854494369,186.077129192862,172.188186072575,162.440679762106,156.027422898832,160.785048934492,183.54694400703,181.186200393949,191.454008210257,170.457875109387,161.318515729665,169.341855205882,183.684256605875,176.166611758684,156.911859562092,178.919454739278,147.729782305927,143.049803257656,203.20344362232,169.239297974486,206.613301577894,160.270964011588,147.231332850589,179.076848944574,163.994830272766,180.456497908296,165.276575759633,167.946920365229,171.349570342541,173.494243705283,168.290735942222,183.004405996298,175.215906682115,156.039236174778,158.689521221924,179.957661487876,169.890469743672,155.215055050912,170.979084921459,170.368666597457,145.92391621931,190.143146530167,196.787625012451,168.286024311182,160.707481192317,178.491286532434,168.122917630891,191.180885374389,170.199758941167,173.992776904827,169.055854494369,186.077129192862,172.188186072575,162.440679762106,156.027422898832,160.785048934492,183.54694400703,181.186200393949,191.454008210257,170.457875109387,161.318515729665,169.341855205882,183.684256605875,176.166611758684,156.911859562092,178.919454739278,147.729782305927,143.049803257656,203.20344362232,169.239297974486,206.613301577894,160.270964011588,147.231332850589,179.076848944574,163.994830272766,180.456497908296,165.276575759633,167.946920365229,171.349570342541,173.494243705283,168.290735942222,183.004405996298,175.215906682115,156.039236174778,158.689521221924,179.957661487876,169.890469743672,155.215055050912,170.979084921459,170.368666597457,145.92391621931,190.143146530167,196.787625012451,168.286024311182,160.707481192317,178.491286532434,168.122917630891,191.180885374389,170.199758941167,173.992776904827
196.478940947285,188.713434144669,166.193189728686,168.171227822275,168.266699534008,188.081499141342,200.468766282831,203.620367313582,191.885924271809,166.976873865786,157.479757909142,174.880203993931,185.48843747023,188.647817315567,179.344484969119,197.600380655259,161.562662498344,180.86385462098,198.517102948767,158.188736866805,160.270964011588,226.664848471514,169.447543948868,191.10883096685,187.739785726525,180.191019170418,177.132116003219,184.713707153386,200.408836706832,188.019012334589,196.087585146069,183.917564362569,166.925300701739,163.492613298645,184.81181867353,183.920222960245,170.63077357468,163.872114324273,171.080964140809,184.722427246361,166.37270684933,191.451511062166,200.182545251559,194.856683346964,175.925507578752,186.006059534872,184.939067111821,182.205917738965,182.507494793144,171.003002102559,196.478940947285,188.713434144669,166.193189728686,168.171227822275,168.266699534008,188.081499141342,200.468766282831,203.620367313582,191.885924271809,166.976873865786,157.479757909142,174.880203993931,185.48843747023,188.647817315567,179.344484969119,197.600380655259,161.562662498344,180.86385462098,198.517102948767,158.188736866805,160.270964011588,226.664848471514,169.447543948868,191.10883096685,187.739785726525,180.191019170418,177.132116003219,184.713707153386,200.408836706832,188.019012334589,196.087585146069,183.917564362569,166.925300701739,163.492613298645,184.81181867353,183.920222960245,170.63077357468,163.872114324273,171.080964140809,184.722427246361,166.37270684933,191.451511062166,200.182545251559,194.856683346964,175.925507578752,186.006059534872,184.939067111821,182.205917738965,182.507494793144,171.003002102559
177.623960702883,172.5228178596,159.698948138056,167.345765322731,161.736814392569,164.521125124154,176.813894560293,182.775248640186,184.056514325912,156.63865697024,155.875759424238,151.672882549786,174.100498698332,182.078981574057,171.737713753446,168.393858748262,147.217807435617,164.902454440541,192.036457297643,154.116086869753,147.231332850589,169.447543948868,192.020458917118,161.059879387436,178.857678833851,165.624496277887,161.167602820175,161.612147849045,185.082832989679,168.634754934272,178.001085501881,172.439798877181,150.054900081612,157.348426055808,167.575834358805,170.709084168906,155.412765289874,141.912623868195,168.750501626878,157.324489214732,150.080692617884,176.716478436312,180.152779570169,177.9583951237,175.139964317155,173.225509305247,166.241464128358,172.012066486157,162.548926007859,149.176899228747,177.623960702883,172.5228178596,159.698948138056,167.345765322731,161.736814392569,164.521125124154,176.813894560293,182.775248640186,184.056514325912,156.63865697024,155.875759424238,151.672882549786,174.100498698332,182.078981574057,171.737713753446,168.393858748262,147.217807435617,164.902454440541,192.036457297643,154.116086869753,147.231332850589,169.447543948868,192.020458917118,161.059879387436,178.857678833851,165.624496277887,161.167602820175,161.612147849045,185.082832989679,168.634754934272,178.001085501881,172.439798877181,150.054900081612,157.348426055808,167.575834358805,170.709084168906,155.412765289874,141.912623868195,168.750501626878,157.324489214732,150.080692617884,176.716478436312,180.152779570169,177.9583951237,175.139964317155,173.225509305247,166.241464128358,172.012066486157,162.548926007859,149.176899228747
