217.10639050362,165.297082440111,180.229063324932,208.047694168402,193.77911466753,161.318229918853,147.954817171569,173.812971039269,173.026077005749,225.026281874147,163.578270996406,164.845855060244,191.175752810995,176.208116612171,182.414641199251,202.238270020772,160.937014106062,196.197590117149,157.307946565801,164.360513565137,162.293524282875,170.26353760089,210.830206330131,176.691798088555,210.922042581938,184.20738210304,183.69344334037,183.076389503108,171.073356149063,178.155275181606,191.591410365686,176.342697336549,218.135277422344,191.924564125115,184.928387795809,190.710999767936,205.881224731809,200.219996990118,185.093853321874,183.098967389777,183.609509980745,200.025959282725,195.898368681767,175.513973984214,184.738323955331,188.384480167546,161.412184765535,182.139166157623,164.673123742756,180.566610798409,217.10639050362,165.297082440111,180.229063324932,208.047694168402,193.77911466753,161.318229918853,147.954817171569,173.812971039269,173.026077005749,225.026281874147,163.578270996406,164.845855060244,191.175752810995,176.208116612171,182.414641199251,202.238270020772,160.937014106062,196.197590117149,157.307946565801,164.360513565137,162.293524282875,170.26353760089,210.830206330131,176.691798088555,210.922042581938,184.20738210304,183.69344334037,183.076389503108,171.073356149063,178.155275181606,191.591410365686,176.342697336549,218.135277422344,191.924564125115,184.928387795809,190.710999767936,205.881224731809,200.219996990118,185.093853321874,183.098967389777,183.609509980745,200.025959282725,195.898368681767,175.513973984214,184.738323955331,188.384480167546,161.412184765535,182.139166157623,164.673123742756,180.566610798409
165.297079598387,192.916459333667,157.394616425641,183.618799784333,153.646980212366,138.076721506235,120.401288862945,153.221098349739,149.783181897961,189.499773149393,144.556159830128,149.015875207246,168.407163387362,156.9982752994,168.892581248341,169.901655993314,138.718990726095,152.980560784296,140.769110047,144.246107815491,149.496999539971,149.534842563206,188.677777251641,164.980184987089,186.108679157642,157.152994809,155.005856634892,166.496300416002,154.847361608627,156.263986724775,165.468650588655,165.312710536917,183.962799935684,170.849371221871,161.416683289763,169.175974622373,162.65363646897,166.260472543913,166.844338802288,147.984685428862,158.807080154821,165.024945700418,165.170153437421,141.637023065244,152.542916569061,168.37395060709,149.286446677501,158.149656057754,144.663709190707,159.991950634714,165.297079598387,192.916459333667,157.394616425641,183.618799784333,153.646980212366,138.076721506235,120.401288862945,153.221098349739,149.783181897961,189.499773149393,144.556159830128,149.015875207246,168.407163387362,156.9982752994,168.892581248341,169.901655993314,138.718990726095,152.980560784296,140.769110047,144.246107815491,149.496999539971,149.534842563206,188.677777251641,164.980184987089,186.108679157642,157.152994809,155.005856634892,166.496300416002,154.847361608627,156.263986724775,165.468650588655,165.312710536917,183.962799935684,170.849371221871,161.416683289763,169.175974622373,162.65363646897,166.260472543913,166.844338802288,147.984685428862,158.807080154821,165.024945700418,165.170153437421,141.637023065244,152.542916569061,168.37395060709,149.286446677501,158.149656057754,144.663709190707,159.991950634714
180.229060483207,157.394616425641,215.460223293254,212.635672239482,196.630449302731,171.337794226673,146.086515857418,179.220024879199,164.921022982693,197.518280139831,170.428013877861,180.548492371645,191.842356685222,195.719869018697,193.407325342071,194.655512324862,167.107738011607,179.67465831963,167.357888199309,181.583612053418,167.580280905315,162.312732989076,210.96309788067,185.338527391983,221.106968004855,177.653468863847,185.429822877114,187.228081711417,164.943136842409,170.104328632142,193.91399506942,194.074196003655,212.304550693496,180.343361413224,182.952637342627,191.787131123873,194.454534638641,190.813724882976,192.952667768393,178.022458841038,191.657005168366,206.035608014117,190.660096811582,186.283047168856,190.920712240428,189.929307383959,185.464287694769,186.042690266352,169.095210601051,186.263760645817,180.229060483207,157.394616425641,215.460223293254,212.635672239482,196.630449302731,171.337794226673,146.086515857418,179.220024879199,164.921022982693,197.518280139831,170.428013877861,180.548492371645,191.842356685222,195.719869018697,193.407325342071,194.655512324862,167.107738011607,179.67465831963,167.357888199309,181.583612053418,167.580280905315,162.312732989076,210.96309788067,185.338527391983,221.106968004855,177.653468863847,185.429822877114,187.228081711417,164.943136842409,170.104328632142,193.91399506942,194.074196003655,212.304550693496,180.343361413224,182.952637342627,191.787131123873,194.454534638641,190.813724882976,192.952667768393,178.022458841038,191.657005168366,206.035608014117,190.660096811582,186.283047168856,190.920712240428,189.929307383959,185.464287694769,186.042690266352,169.095210601051,186.263760645817
208.047691326677,183.618799784333,212.635672239482,290.643112820286,224.11982141733,202.839337474876,177.872235267267,215.296461508015,214.632727291964,240.076308602274,198.775219350327,201.017260640308,226.60887723098,214.436569988062,212.797500925004,222.727339727882,180.115484960755,228.84532769275,181.755937433985,198.958996504133,187.685282916432,188.368077171956,233.551215866758,212.121816326925,247.186516908938,211.61419395093,223.75173842728,225.99016634263,210.237776397041,191.827953145302,213.823768812992,219.455308103475,245.299954304965,219.303011458466,219.51661880469,212.363139158313,229.669182753614,229.4464307467,212.522794223275,202.304321466195,213.796613745321,239.763964736197,232.402943551379,200.889639860892,218.251708050041,219.02634076215,203.612544458596,212.801686059862,190.425445180116,206.779858238255,208.047691326677,183.618799784333,212.635672239482,290.643112820286,224.11982141733,202.839337474876,177.872235267267,215.296461508015,214.632727291964,240.076308602274,198.775219350327,201.017260640308,226.60887723098,214.436569988062,212.797500925004,222.727339727882,180.115484960755,228.84532769275,181.755937433985,198.958996504133,187.685282916432,188.368077171956,233.551215866758,212.121816326925,247.186516908938,211.61419395093,223.75173842728,225.99016634263,210.237776397041,191.827953145302,213.823768812992,219.455308103475,245.299954304965,219.303011458466,219.51661880469,212.363139158313,229.669182753614,229.4464307467,212.522794223275,202.304321466195,213.796613745321,239.763964736197,232.402943551379,200.889639860892,218.251708050041,219.02634076215,203.612544458596,212.801686059862,190.425445180116,206.779858238255
193.779111825806,153.646980212366,196.630449302731,224.11982141733,270.238250928186,181.214717203346,173.42069472886,195.779182686153,208.095619488179,225.252291757334,187.954225789918,187.223105481087,209.589739752421,205.348732894447,202.51686027702,231.431590082351,193.91460629485,220.571949410845,193.784788048904,202.018470539684,170.667881230076,188.669540668862,244.057563771823,206.161524361684,236.027495224503,187.736850365663,197.11599111035,198.363780045048,197.23817678244,176.854108177007,193.706727816451,211.393339639962,236.741504246865,198.945987383859,207.866520341878,206.877727721171,225.393845554297,208.612134071642,201.55444423108,199.401901921433,216.511071948734,238.124635574262,199.962059516961,203.135668598598,197.424283548384,212.466965246756,212.224198462892,217.558809419266,168.849576626435,214.428752082352,193.779111825806,153.646980212366,196.630449302731,224.11982141733,270.238250928186,181.214717203346,173.42069472886,195.779182686153,208.095619488179,225.252291757334,187.954225789918,187.223105481087,209.589739752421,205.348732894447,202.51686027702,231.431590082351,193.91460629485,220.571949410845,193.784788048904,202.018470539684,170.667881230076,188.669540668862,244.057563771823,206.161524361684,236.027495224503,187.736850365663,197.11599111035,198.363780045048,197.23817678244,176.854108177007,193.706727816451,211.393339639962,236.741504246865,198.945987383859,207.866520341878,206.877727721171,225.393845554297,208.612134071642,201.55444423108,199.401901921433,216.511071948734,238.124635574262,199.962059516961,203.135668598598,197.424283548384,212.466965246756,212.224198462892,217.558809419266,168.849576626435,214.428752082352
161.318227077129,138.076721506235,171.337794226673,202.839337474876,181.214717203346,195.180713405277,140.746507444619,169.709496826379,157.414244000171,182.252718015203,152.536034881067,158.246227708407,169.63745824923,172.519892854131,179.984966166414,180.332475564546,156.69982314689,174.954180951113,162.519491240675,151.51790741305,152.629387561061,156.293572245809,189.41415256082,158.92701695856,207.468939276879,158.829355151569,184.881016235784,177.79640248623,173.551392162361,142.241812496316,165.343276047434,182.386106146661,198.098690014744,173.814808905951,162.967900389447,167.561614557275,176.481210246125,183.594520536828,163.806863121123,157.086322303911,169.555238980134,185.934830292203,177.292927609179,165.521473456127,181.223384352124,177.915263108049,169.55941827096,167.621894635723,144.051657394989,170.961976182581,161.318227077129,138.076721506235,171.337794226673,202.839337474876,181.214717203346,195.180713405277,140.746507444619,169.709496826379,157.414244000171,182.252718015203,152.536034881067,158.246227708407,169.63745824923,172.519892854131,179.984966166414,180.332475564546,156.69982314689,174.954180951113,162.519491240675,151.51790741305,152.629387561061,156.293572245809,189.41415256082,158.92701695856,207.468939276879,158.829355151569,184.881016235784,177.79640248623,173.551392162361,142.241812496316,165.343276047434,182.386106146661,198.098690014744,173.814808905951,162.967900389447,167.561614557275,176.481210246125,183.594520536828,163.806863121123,157.086322303911,169.555238980134,185.934830292203,177.292927609179,165.521473456127,181.223384352124,177.915263108049,169.55941827096,167.621894635723,144.051657394989,170.961976182581
147.954814329845,120.401288862945,146.086515857418,177.872235267267,173.42069472886,140.746507444619,178.182699867545,161.979535128586,163.110314612479,177.372961216794,135.096303147575,141.341056174265,156.350346580116,156.84157863935,148.127175642064,167.445712113116,139.256520325011,167.084663684774,143.301226028707,144.263323403289,134.748441172423,150.45532967574,192.839655298432,162.539422885814,184.80130470333,122.532857683438,149.948474237207,152.572358339204,154.167141891433,130.052993867081,159.209394961438,164.729380960794,174.984892054897,167.885413340196,160.563130768068,146.843086200119,174.744413453808,173.343933024467,152.654348098465,149.753526085147,172.358215167277,179.116885416542,162.280475517815,148.027884066339,155.700900770902,165.08933619989,150.639452794664,160.161563735872,120.900442516195,151.380954332646,147.954814329845,120.401288862945,146.086515857418,177.872235267267,173.42069472886,140.746507444619,178.182699867545,161.979535128586,163.110314612479,177.372961216794,135.096303147575,141.341056174265,156.350346580116,156.84157863935,148.127175642064,167.445712113116,139.256520325011,167.084663684774,143.301226028707,144.263323403289,134.748441172423,150.45532967574,192.839655298432,162.539422885814,184.80130470333,122.532857683438,149.948474237207,152.572358339204,154.167141891433,130.052993867081,159.209394961438,164.729380960794,174.984892054897,167.885413340196,160.563130768068,146.843086200119,174.744413453808,173.343933024467,152.654348098465,149.753526085147,172.358215167277,179.116885416542,162.280475517815,148.027884066339,155.700900770902,165.08933619989,150.639452794664,160.161563735872,120.900442516195,151.380954332646
173.812968197545,153.221098349739,179.220024879199,215.296461508015,195.779182686153,169.709496826379,161.979535128586,234.658555424759,187.734079979218,204.624820512737,172.584069380781,172.643590474642,194.340863670283,194.55216438695,178.883287467569,194.699959127154,168.211652500864,181.722135908021,171.523492343809,175.514715002493,171.002215155364,157.87093928949,221.02041467726,193.645146925145,219.141467075243,173.923377803035,178.723300252849,187.013446590917,182.136809065172,166.047387209575,201.603490005207,194.975749247651,213.579416731524,193.890689257015,179.0212826007,176.21208002282,207.451308892376,194.274756856696,177.921525416708,179.794155361901,178.596128514126,214.491168078081,202.866096510712,162.238093116736,192.922029207027,199.393818153621,205.851297057578,182.775139019416,168.756422114637,192.870922780091,173.812968197545,153.221098349739,179.220024879199,215.296461508015,195.779182686153,169.709496826379,161.979535128586,234.658555424759,187.734079979218,204.624820512737,172.584069380781,172.643590474642,194.340863670283,194.55216438695,178.883287467569,194.699959127154,168.211652500864,181.722135908021,171.523492343809,175.514715002493,171.002215155364,157.87093928949,221.02041467726,193.645146925145,219.141467075243,173.923377803035,178.723300252849,187.013446590917,182.136809065172,166.047387209575,201.603490005207,194.975749247651,213.579416731524,193.890689257015,179.0212826007,176.21208002282,207.451308892376,194.274756856696,177.921525416708,179.794155361901,178.596128514126,214.491168078081,202.866096510712,162.238093116736,192.922029207027,199.393818153621,205.851297057578,182.775139019416,168.756422114637,192.870922780091
173.026074164025,149.783181897961,164.921022982693,214.632727291964,208.095619488179,157.414244000171,163.110314612479,187.734079979218,238.451200534399,228.916845304169,176.452609205513,166.433490051926,201.507335741511,186.732749668646,179.132835835132,190.375583555078,172.727229527007,201.156039287626,171.462941575452,176.707992528801,161.728600140838,164.084493147864,220.952623628644,184.888277284148,215.435564870454,171.39991574742,187.349488234125,184.638136234317,187.914029748451,168.231963237446,185.552740670444,196.083977937101,216.825543095748,189.247193589985,188.309878138433,174.102774991554,219.133308802078,185.888694283824,171.085042287414,176.864959584654,195.237174947169,220.019997308371,195.35267039967,163.458779494441,181.70491994975,195.956557770474,166.585376634785,196.609036028206,152.877353872438,187.199121487864,173.026074164025,149.783181897961,164.921022982693,214.632727291964,208.095619488179,157.414244000171,163.110314612479,187.734079979218,238.451200534399,228.916845304169,176.452609205513,166.433490051926,201.507335741511,186.732749668646,179.132835835132,190.375583555078,172.727229527007,201.156039287626,171.462941575452,176.707992528801,161.728600140838,164.084493147864,220.952623628644,184.888277284148,215.435564870454,171.39991574742,187.349488234125,184.638136234317,187.914029748451,168.231963237446,185.552740670444,196.083977937101,216.825543095748,189.247193589985,188.309878138433,174.102774991554,219.133308802078,185.888694283824,171.085042287414,176.864959584654,195.237174947169,220.019997308371,195.35267039967,163.458779494441,181.70491994975,195.956557770474,166.585376634785,196.609036028206,152.877353872438,187.199121487864
225.026279032423,189.499773149393,197.518280139831,240.076308602274,225.252291757334,182.252718015203,177.372961216794,204.624820512737,228.916845304169,290.095266001676,196.225499282616,192.743168217136,227.304272680989,203.29846111242,208.776525345216,223.63783342177,194.254195454992,224.137632571161,191.968701499499,188.877231731449,190.181147122533,203.325360886546,245.754317406975,212.039219157467,241.328411252861,199.680767123974,209.23447153042,212.811741335345,205.135534270099,200.511917128697,213.589657275064,220.67417792041,250.117061464054,224.806786445312,217.018679295582,213.387060002236,258.750124401066,223.059476598875,213.733634470695,210.227190087237,205.461885583642,243.534554060772,227.549198093067,198.642847482973,216.001804340017,224.224984157259,184.103014028598,219.163414403594,183.018392879376,211.411170133471,225.026279032423,189.499773149393,197.518280139831,240.076308602274,225.252291757334,182.252718015203,177.372961216794,204.624820512737,228.916845304169,290.095266001676,196.225499282616,192.743168217136,227.304272680989,203.29846111242,208.776525345216,223.63783342177,194.254195454992,224.137632571161,191.968701499499,188.877231731449,190.181147122533,203.325360886546,245.754317406975,212.039219157467,241.328411252861,199.680767123974,209.23447153042,212.811741335345,205.135534270099,200.511917128697,213.589657275064,220.67417792041,250.117061464054,224.806786445312,217.018679295582,213.387060002236,258.750124401066,223.059476598875,213.733634470695,210.227190087237,205.461885583642,243.534554060772,227.549198093067,198.642847482973,216.001804340017,224.224984157259,184.103014028598,219.163414403594,183.018392879376,211.411170133471
163.578268154681,144.556159830128,170.428013877861,198.775219350327,187.954225789918,152.536034881067,135.096303147575,172.584069380781,176.452609205513,196.225499282616,203.623229285247,165.813155196786,180.633441493559,186.828735811349,176.899923109773,179.696281431348,156.867351008831,189.393230203342,158.442242554973,177.392104164707,161.943202696741,146.492097370502,209.323902919545,180.507491765634,206.609854545839,178.395459781061,177.600948011238,167.957149247255,171.938993882802,161.785955997913,186.114987227883,183.619166090163,214.833788819696,185.440974290332,183.414796973455,166.57338759669,188.532054134884,188.461295865023,176.756172502898,167.548386177594,174.453702020818,210.407850344586,183.815203541084,176.484026833828,183.918519233171,183.90696790979,181.962822152519,182.846175567367,151.223776900444,174.58892302443,163.578268154681,144.556159830128,170.428013877861,198.775219350327,187.954225789918,152.536034881067,135.096303147575,172.584069380781,176.452609205513,196.225499282616,203.623229285247,165.813155196786,180.633441493559,186.828735811349,176.899923109773,179.696281431348,156.867351008831,189.393230203342,158.442242554973,177.392104164707,161.943202696741,146.492097370502,209.323902919545,180.507491765634,206.609854545839,178.395459781061,177.600948011238,167.957149247255,171.938993882802,161.785955997913,186.114987227883,183.619166090163,214.833788819696,185.440974290332,183.414796973455,166.57338759669,188.532054134884,188.461295865023,176.756172502898,167.548386177594,174.453702020818,210.407850344586,183.815203541084,176.484026833828,183.918519233171,183.90696790979,181.962822152519,182.846175567367,151.223776900444,174.58892302443
164.84585221852,149.015875207246,180.548492371645,201.017260640308,187.223105481087,158.246227708407,141.341056174265,172.643590474642,166.433490051926,192.743168217136,165.813155196786,202.360326714148,181.020787685499,182.186107496985,174.871681892421,186.136233331554,160.718592097965,175.446423668966,161.372325073636,169.359305174152,150.981676359739,155.63634981054,215.05360472809,189.566966040998,208.471501454472,169.948605984487,174.240558067156,185.341688849764,162.054981195625,165.513114399898,188.194738672693,187.204121358836,209.2821494144,186.836429602485,190.899049879766,174.787571264719,191.383172518045,185.882774449563,188.531298720153,173.11254872331,180.518568466406,208.127843796932,184.331314492334,166.842152607328,182.088841826444,194.466762997759,182.407643477426,185.625412873054,162.326241816245,183.617665796236,164.84585221852,149.015875207246,180.548492371645,201.017260640308,187.223105481087,158.246227708407,141.341056174265,172.643590474642,166.433490051926,192.743168217136,165.813155196786,202.360326714148,181.020787685499,182.186107496985,174.871681892421,186.136233331554,160.718592097965,175.446423668966,161.372325073636,169.359305174152,150.981676359739,155.63634981054,215.05360472809,189.566966040998,208.471501454472,169.948605984487,174.240558067156,185.341688849764,162.054981195625,165.513114399898,188.194738672693,187.204121358836,209.2821494144,186.836429602485,190.899049879766,174.787571264719,191.383172518045,185.882774449563,188.531298720153,173.11254872331,180.518568466406,208.127843796932,184.331314492334,166.842152607328,182.088841826444,194.466762997759,182.407643477426,185.625412873054,162.326241816245,183.617665796236
191.175749969271,168.407163387362,191.842356685222,226.60887723098,209.589739752421,169.63745824923,156.350346580116,194.340863670283,201.507335741511,227.304272680989,180.633441493559,181.020787685499,231.998745420363,189.693122177448,198.656332518583,195.532025966762,174.139960900842,203.276776337445,168.840057022034,184.851565727023,180.571358312877,178.91779401483,229.545131097088,197.562309764983,224.935300184676,189.838225026228,190.840756045729,205.590219733071,189.178434137387,187.07968954884,202.040761907027,200.101535943646,227.011406896136,194.82103495873,191.801461822723,190.642251119334,213.802229381582,200.671322711681,200.981151169262,196.02136030208,191.639193157616,230.207732911291,206.331443259582,196.387976991268,190.714134284726,191.02202454425,190.283664888683,200.113887202249,170.127798572608,197.936474590936,191.175749969271,168.407163387362,191.842356685222,226.60887723098,209.589739752421,169.63745824923,156.350346580116,194.340863670283,201.507335741511,227.304272680989,180.633441493559,181.020787685499,231.998745420363,189.693122177448,198.656332518583,195.532025966762,174.139960900842,203.276776337445,168.840057022034,184.851565727023,180.571358312877,178.91779401483,229.545131097088,197.562309764983,224.935300184676,189.838225026228,190.840756045729,205.590219733071,189.178434137387,187.07968954884,202.040761907027,200.101535943646,227.011406896136,194.82103495873,191.801461822723,190.642251119334,213.802229381582,200.671322711681,200.981151169262,196.02136030208,191.639193157616,230.207732911291,206.331443259582,196.387976991268,190.714134284726,191.02202454425,190.283664888683,200.113887202249,170.127798572608,197.936474590936
176.208113770446,156.9982752994,195.719869018697,214.436569988062,205.348732894447,172.519892854131,156.84157863935,194.55216438695,186.732749668646,203.29846111242,186.828735811349,182.186107496985,189.693122177448,232.570147515991,191.128584222782,196.949084655998,184.372846212753,199.254527310127,180.120031380777,193.966119818484,181.328776851242,176.892344184111,230.834455188618,198.454284371814,228.040232529629,180.245056869324,186.02150849157,196.915171537805,182.116933461903,172.716245108948,198.420170668388,200.696038517358,224.670633450045,194.189873010026,193.313708319601,175.27236594629,200.628455141739,200.871311293969,188.062774710745,178.25738821633,203.002958314058,225.371499689054,198.881485377037,190.678041859611,208.77520909137,205.679740640592,198.870925190878,194.163740543459,167.875527628544,193.998210086766,176.208113770446,156.9982752994,195.719869018697,214.436569988062,205.348732894447,172.519892854131,156.84157863935,194.55216438695,186.732749668646,203.29846111242,186.828735811349,182.186107496985,189.693122177448,232.570147515991,191.128584222782,196.949084655998,184.372846212753,199.254527310127,180.120031380777,193.966119818484,181.328776851242,176.892344184111,230.834455188618,198.454284371814,228.040232529629,180.245056869324,186.02150849157,196.915171537805,182.116933461903,172.716245108948,198.420170668388,200.696038517358,224.670633450045,194.189873010026,193.313708319601,175.27236594629,200.628455141739,200.871311293969,188.062774710745,178.25738821633,203.002958314058,225.371499689054,198.881485377037,190.678041859611,208.77520909137,205.679740640592,198.870925190878,194.163740543459,167.875527628544,193.998210086766
182.414638357526,168.892581248341,193.407325342071,212.797500925004,202.51686027702,179.984966166414,148.127175642064,178.883287467569,179.132835835132,208.776525345216,176.899923109773,174.871681892421,198.656332518583,191.128584222782,233.064701407115,194.487935964283,176.816018818971,189.564305044915,177.095843650023,176.601454832001,173.643321817319,169.345836623199,219.512991692584,188.98932530411,219.47496456742,178.73545207296,197.004707564267,185.667889850511,185.156446991378,174.44641285864,192.788548934899,206.226539337604,226.922137701587,180.238308936083,183.77926815813,180.25250322673,204.595174806427,202.486065599285,194.287788207224,180.177867698887,192.238202680538,212.336997259356,191.787609560916,187.955024690465,184.480278881896,192.014781115101,177.495030560646,188.064885980698,173.721450153389,194.749068776795,182.414638357526,168.892581248341,193.407325342071,212.797500925004,202.51686027702,179.984966166414,148.127175642064,178.883287467569,179.132835835132,208.776525345216,176.899923109773,174.871681892421,198.656332518583,191.128584222782,233.064701407115,194.487935964283,176.816018818971,189.564305044915,177.095843650023,176.601454832001,173.643321817319,169.345836623199,219.512991692584,188.98932530411,219.47496456742,178.73545207296,197.004707564267,185.667889850511,185.156446991378,174.44641285864,192.788548934899,206.226539337604,226.922137701587,180.238308936083,183.77926815813,180.25250322673,204.595174806427,202.486065599285,194.287788207224,180.177867698887,192.238202680538,212.336997259356,191.787609560916,187.955024690465,184.480278881896,192.014781115101,177.495030560646,188.064885980698,173.721450153389,194.749068776795
202.238267179048,169.901655993314,194.655512324862,222.727339727882,231.431590082351,180.332475564546,167.445712113116,194.699959127154,190.375583555078,223.63783342177,179.696281431348,186.136233331554,195.532025966762,196.949084655998,194.487935964283,247.327205917986,183.318596879992,217.350114926764,189.664577923283,187.629968312673,165.334042901265,189.320521013287,236.022745387976,208.524940645561,228.525112847856,181.957192866214,195.022424993652,193.901837964029,192.853388755505,176.074885598731,202.63479048965,199.940452254928,225.6918497806,209.9904466199,208.433901953821,206.233979650422,211.660304804233,218.125064461624,194.570267104486,191.405925404802,208.188529994539,224.991574897619,199.73337399431,185.468563538111,186.515130039502,211.414999527813,199.193330026068,197.586938622973,166.550678530994,208.588119039869,202.238267179048,169.901655993314,194.655512324862,222.727339727882,231.431590082351,180.332475564546,167.445712113116,194.699959127154,190.375583555078,223.63783342177,179.696281431348,186.136233331554,195.532025966762,196.949084655998,194.487935964283,247.327205917986,183.318596879992,217.350114926764,189.664577923283,187.629968312673,165.334042901265,189.320521013287,236.022745387976,208.524940645561,228.525112847856,181.957192866214,195.022424993652,193.901837964029,192.853388755505,176.074885598731,202.63479048965,199.940452254928,225.6918497806,209.9904466199,208.433901953821,206.233979650422,211.660304804233,218.125064461624,194.570267104486,191.405925404802,208.188529994539,224.991574897619,199.73337399431,185.468563538111,186.515130039502,211.414999527813,199.193330026068,197.586938622973,166.550678530994,208.588119039869
160.937011264338,138.718990726095,167.107738011607,180.115484960755,193.91460629485,156.69982314689,139.256520325011,168.211652500864,172.727229527007,194.254195454992,156.867351008831,160.718592097965,174.139960900842,184.372846212753,176.816018818971,183.318596879992,217.341441228181,181.09921155106,164.017323319664,179.648223267161,157.694142217103,172.708668636016,232.867598461049,183.230545276212,206.589373105447,159.344030856199,165.233758531404,174.424574917629,176.292407942951,158.918898996617,176.02982557192,187.468316397997,198.607665057316,170.892777099597,169.639800147704,175.011505298703,198.697871280361,191.817206714711,171.283942039585,180.692108904906,186.120025697649,195.276632272356,178.324715111045,174.34359896803,174.585284555085,185.986159494175,172.858275501382,184.455125932489,153.549877425474,186.917227972683,160.937011264338,138.718990726095,167.107738011607,180.115484960755,193.91460629485,156.69982314689,139.256520325011,168.211652500864,172.727229527007,194.254195454992,156.867351008831,160.718592097965,174.139960900842,184.372846212753,176.816018818971,183.318596879992,217.341441228181,181.09921155106,164.017323319664,179.648223267161,157.694142217103,172.708668636016,232.867598461049,183.230545276212,206.589373105447,159.344030856199,165.233758531404,174.424574917629,176.292407942951,158.918898996617,176.02982557192,187.468316397997,198.607665057316,170.892777099597,169.639800147704,175.011505298703,198.697871280361,191.817206714711,171.283942039585,180.692108904906,186.120025697649,195.276632272356,178.324715111045,174.34359896803,174.585284555085,185.986159494175,172.858275501382,184.455125932489,153.549877425474,186.917227972683
196.197587275425,152.980560784296,179.67465831963,228.84532769275,220.571949410845,174.954180951113,167.084663684774,181.722135908021,201.156039287626,224.137632571161,189.393230203342,175.446423668966,203.276776337445,199.254527310127,189.564305044915,217.350114926764,181.09921155106,254.779204662276,175.85370841696,184.98834889515,167.531147681285,183.502490718676,235.320887801648,208.683804053187,217.152548577749,189.726527150623,207.119061910529,194.472091222772,193.76509150506,172.622327586291,189.40870340167,202.775744178747,230.199073471524,209.668864428502,203.310823586371,194.3017670096,213.283738203472,220.420587777499,185.086536881154,199.249144913853,201.111570154586,233.810062295093,204.793689753661,206.176593081983,202.008882813258,199.745733541678,188.919584818254,194.002282680808,162.908669269904,194.368720685425,196.197587275425,152.980560784296,179.67465831963,228.84532769275,220.571949410845,174.954180951113,167.084663684774,181.722135908021,201.156039287626,224.137632571161,189.393230203342,175.446423668966,203.276776337445,199.254527310127,189.564305044915,217.350114926764,181.09921155106,254.779204662276,175.85370841696,184.98834889515,167.531147681285,183.502490718676,235.320887801648,208.683804053187,217.152548577749,189.726527150623,207.119061910529,194.472091222772,193.76509150506,172.622327586291,189.40870340167,202.775744178747,230.199073471524,209.668864428502,203.310823586371,194.3017670096,213.283738203472,220.420587777499,185.086536881154,199.249144913853,201.111570154586,233.810062295093,204.793689753661,206.176593081983,202.008882813258,199.745733541678,188.919584818254,194.002282680808,162.908669269904,194.368720685425
157.307943724076,140.769110047,167.357888199309,181.755937433985,193.784788048904,162.519491240675,143.301226028707,171.523492343809,171.462941575452,191.968701499499,158.442242554973,161.372325073636,168.840057022034,180.120031380777,177.095843650023,189.664577923283,164.017323319664,175.85370841696,191.419228418327,161.903302881325,154.909839576939,159.681217948692,208.2676772355,169.424266187021,202.932690490294,150.616441996571,172.522919228736,160.239917750962,169.628185936746,144.7656444808,168.600703380459,183.676171995572,198.521920550829,173.798896184021,174.196695618777,170.349678603846,182.532587158153,175.505299822908,161.076523958916,160.774739168534,174.655704981473,195.314243376961,171.566740063094,156.189411096064,175.976745056882,181.7124351165,165.693399803923,181.430407924921,142.972408169983,184.572864194114,157.307943724076,140.769110047,167.357888199309,181.755937433985,193.784788048904,162.519491240675,143.301226028707,171.523492343809,171.462941575452,191.968701499499,158.442242554973,161.372325073636,168.840057022034,180.120031380777,177.095843650023,189.664577923283,164.017323319664,175.85370841696,191.419228418327,161.903302881325,154.909839576939,159.681217948692,208.2676772355,169.424266187021,202.932690490294,150.616441996571,172.522919228736,160.239917750962,169.628185936746,144.7656444808,168.600703380459,183.676171995572,198.521920550829,173.798896184021,174.196695618777,170.349678603846,182.532587158153,175.505299822908,161.076523958916,160.774739168534,174.655704981473,195.314243376961,171.566740063094,156.189411096064,175.976745056882,181.7124351165,165.693399803923,181.430407924921,142.972408169983,184.572864194114
164.360510723413,144.246107815491,181.583612053418,198.958996504133,202.018470539684,151.51790741305,144.263323403289,175.514715002493,176.707992528801,188.877231731449,177.392104164707,169.359305174152,184.851565727023,193.966119818484,176.601454832001,187.629968312673,179.648223267161,184.98834889515,161.903302881325,214.25947772141,165.086398455211,158.704987442316,209.578418236162,195.037335259617,217.082932291792,178.962666052608,176.348294576854,172.001498300169,175.672018163458,163.238208105626,190.638123320342,178.036454058266,210.159919102957,181.144370829297,185.739658277947,166.960305808416,190.258568620247,189.062764473069,182.506298755389,180.64359346016,192.751670938508,209.608171171801,177.127607938985,182.504099344946,174.110987185701,180.341877198707,189.901372871014,190.143570684539,156.151366214513,192.515560743362,164.360510723413,144.246107815491,181.583612053418,198.958996504133,202.018470539684,151.51790741305,144.263323403289,175.514715002493,176.707992528801,188.877231731449,177.392104164707,169.359305174152,184.851565727023,193.966119818484,176.601454832001,187.629968312673,179.648223267161,184.98834889515,161.903302881325,214.25947772141,165.086398455211,158.704987442316,209.578418236162,195.037335259617,217.082932291792,178.962666052608,176.348294576854,172.001498300169,175.672018163458,163.238208105626,190.638123320342,178.036454058266,210.159919102957,181.144370829297,185.739658277947,166.960305808416,190.258568620247,189.062764473069,182.506298755389,180.64359346016,192.751670938508,209.608171171801,177.127607938985,182.504099344946,174.110987185701,180.341877198707,189.901372871014,190.143570684539,156.151366214513,192.515560743362
162.293521441151,149.496999539971,167.580280905315,187.685282916432,170.667881230076,152.629387561061,134.748441172423,171.002215155364,161.728600140838,190.181147122533,161.943202696741,150.981676359739,180.571358312877,181.328776851242,173.643321817319,165.334042901265,157.694142217103,167.531147681285,154.909839576939,165.086398455211,187.361465114853,167.451557269203,194.555333924647,168.586112153317,198.192998858246,161.647806740209,161.77136660124,175.883905615199,169.757358787796,161.607607119382,178.881552213882,165.418813032561,200.719862919478,166.533347207959,168.46048128754,167.729443176338,177.702855779814,177.011212280493,177.391538547518,158.803518899189,168.442543428035,193.107694308863,178.263252961404,174.415906698041,177.04672585812,175.682332208031,175.386247600933,172.821251550766,150.658132260399,173.260639598385,162.293521441151,149.496999539971,167.580280905315,187.685282916432,170.667881230076,152.629387561061,134.748441172423,171.002215155364,161.728600140838,190.181147122533,161.943202696741,150.981676359739,180.571358312877,181.328776851242,173.643321817319,165.334042901265,157.694142217103,167.531147681285,154.909839576939,165.086398455211,187.361465114853,167.451557269203,194.555333924647,168.586112153317,198.192998858246,161.647806740209,161.77136660124,175.883905615199,169.757358787796,161.607607119382,178.881552213882,165.418813032561,200.719862919478,166.533347207959,168.46048128754,167.729443176338,177.702855779814,177.011212280493,177.391538547518,158.803518899189,168.442543428035,193.107694308863,178.263252961404,174.415906698041,177.04672585812,175.682332208031,175.386247600933,172.821251550766,150.658132260399,173.260639598385
170.263534759166,149.534842563206,162.312732989076,188.368077171956,188.669540668862,156.293572245809,150.45532967574,157.87093928949,164.084493147864,203.325360886546,146.492097370502,155.63634981054,178.91779401483,176.892344184111,169.345836623199,189.320521013287,172.708668636016,183.502490718676,159.681217948692,158.704987442316,167.451557269203,214.601807901561,213.390823559511,186.221997466182,194.665797332277,151.325017412191,167.042713614334,183.387497341311,173.95959919013,157.500184165126,163.338071783425,172.945997060177,197.149733737009,176.767592534579,177.259734487005,184.357453205691,197.9343210476,195.982877738577,177.125214913636,166.219479465608,173.147568629805,200.027828849413,177.587246292864,175.898767316863,176.030321605083,173.870478545165,163.786267196123,173.438723318942,150.32975132169,172.814063832081,170.263534759166,149.534842563206,162.312732989076,188.368077171956,188.669540668862,156.293572245809,150.45532967574,157.87093928949,164.084493147864,203.325360886546,146.492097370502,155.63634981054,178.91779401483,176.892344184111,169.345836623199,189.320521013287,172.708668636016,183.502490718676,159.681217948692,158.704987442316,167.451557269203,214.601807901561,213.390823559511,186.221997466182,194.665797332277,151.325017412191,167.042713614334,183.387497341311,173.95959919013,157.500184165126,163.338071783425,172.945997060177,197.149733737009,176.767592534579,177.259734487005,184.357453205691,197.9343210476,195.982877738577,177.125214913636,166.219479465608,173.147568629805,200.027828849413,177.587246292864,175.898767316863,176.030321605083,173.870478545165,163.786267196123,173.438723318942,150.32975132169,172.814063832081
210.830203488407,188.677777251641,210.96309788067,233.551215866758,244.057563771823,189.41415256082,192.839655298432,221.02041467726,220.952623628644,245.754317406975,209.323902919545,215.05360472809,229.545131097088,230.834455188618,219.512991692584,236.022745387976,232.867598461049,235.320887801648,208.2676772355,209.578418236162,194.555333924647,213.390823559511,339.459123894389,241.14232574573,266.178211331045,203.787432328663,210.145672668005,221.667294627643,211.619718226897,201.949486583615,227.663565120116,236.793952799558,259.497141105749,243.433405758374,226.077909547563,221.137720796667,253.279306684315,243.386443611547,231.717952705326,215.01822375045,227.39870975467,258.390719904622,228.442049490155,217.856749537245,238.541051745247,235.615796881986,233.868493812647,235.871648500914,194.283078466811,221.648165474585,210.830203488407,188.677777251641,210.96309788067,233.551215866758,244.057563771823,189.41415256082,192.839655298432,221.02041467726,220.952623628644,245.754317406975,209.323902919545,215.05360472809,229.545131097088,230.834455188618,219.512991692584,236.022745387976,232.867598461049,235.320887801648,208.2676772355,209.578418236162,194.555333924647,213.390823559511,339.459123894389,241.14232574573,266.178211331045,203.787432328663,210.145672668005,221.667294627643,211.619718226897,201.949486583615,227.663565120116,236.793952799558,259.497141105749,243.433405758374,226.077909547563,221.137720796667,253.279306684315,243.386443611547,231.717952705326,215.01822375045,227.39870975467,258.390719904622,228.442049490155,217.856749537245,238.541051745247,235.615796881986,233.868493812647,235.871648500914,194.283078466811,221.648165474585
