116.454383083584,87.5642066009276,77.3301946988979,92.4720513536404,80.7684140169322,84.4636352054346,80.9626435056478,84.6833368656316,87.249206990274,77.2192864468182,80.2701898047912,71.2893023452015,77.2243075649535,84.7004109614494,92.6267535764083,74.7143121774008,73.022017489518,94.8215455027097,66.6133905169391,79.5176204714533,92.6585463998446,72.4762384016825,77.2116205957011,88.7360211149524,67.4143707899253,116.454383083584,87.5642066009276,77.3301946988979,92.4720513536404,80.7684140169322,84.4636352054346,80.9626435056478,84.6833368656316,87.249206990274,77.2192864468182,80.2701898047912,71.2893023452015,77.2243075649535,84.7004109614494,92.6267535764083,74.7143121774008,73.022017489518,94.8215455027097,66.6133905169391,79.5176204714533,92.6585463998446,72.4762384016825,77.2116205957011,88.7360211149524,67.4143707899253
87.5642001496736,95.4588734207295,65.5320489054307,83.8648142434656,85.0014844093916,80.8780806950347,82.6613828631951,87.6613237021209,75.7202636841786,81.6430663385826,76.9724151279551,72.1092045885219,74.9498545395383,83.7521090633309,90.4978106500959,72.7682399000795,68.6401922261221,81.701434173147,64.4190003947372,81.819245351222,80.119282386089,83.6589787588137,72.1258470929216,88.5059428211839,73.7704576719142,87.5642001496736,95.4588734207295,65.5320489054307,83.8648142434656,85.0014844093916,80.8780806950347,82.6613828631951,87.6613237021209,75.7202636841786,81.6430663385826,76.9724151279551,72.1092045885219,74.9498545395383,83.7521090633309,90.4978106500959,72.7682399000795,68.6401922261221,81.701434173147,64.4190003947372,81.819245351222,80.119282386089,83.6589787588137,72.1258470929216,88.5059428211839,73.7704576719142
77.3301882476438,65.5320489054307,82.740921306589,84.7040525504946,78.3011158528651,69.2807343476439,72.4921966350189,64.9231803020613,80.0193146666931,69.3624568975135,71.2555972982942,61.1068043613096,72.7024828670469,75.1514485718616,87.9080434941341,60.2476076216217,67.6904621337045,73.5102517193392,64.4983936248844,68.2107187044755,75.5776539268768,66.2288289036265,70.5366834162254,82.4020431328948,61.6717427976361,77.3301882476438,65.5320489054307,82.740921306589,84.7040525504946,78.3011158528651,69.2807343476439,72.4921966350189,64.9231803020613,80.0193146666931,69.3624568975135,71.2555972982942,61.1068043613096,72.7024828670469,75.1514485718616,87.9080434941341,60.2476076216217,67.6904621337045,73.5102517193392,64.4983936248844,68.2107187044755,75.5776539268768,66.2288289036265,70.5366834162254,82.4020431328948,61.6717427976361
92.4720449023864,83.8648142434656,84.7040525504946,132.082578796844,110.014604654078,104.768197419782,100.850676820426,100.005522035065,97.0633417842339,83.1800923286252,93.1767574206739,92.2914157266716,103.384533963986,98.4854486693451,117.92343409172,87.6883929779758,85.3405937129609,90.6414568899258,84.014352974424,88.9523374649978,92.949541426082,93.2459842081116,84.8932054900184,101.283210935819,81.7830679936009,92.4720449023864,83.8648142434656,84.7040525504946,132.082578796844,110.014604654078,104.768197419782,100.850676820426,100.005522035065,97.0633417842339,83.1800923286252,93.1767574206739,92.2914157266716,103.384533963986,98.4854486693451,117.92343409172,87.6883929779758,85.3405937129609,90.6414568899258,84.014352974424,88.9523374649978,92.949541426082,93.2459842081116,84.8932054900184,101.283210935819,81.7830679936009
80.7684075656782,85.0014844093916,78.3011158528651,110.014604654078,124.329130943556,91.2260290462558,95.9746567897646,86.2709384727039,95.0563270944247,86.0398062616966,95.1976188029032,86.5920823794565,90.9418125921439,89.1664822048007,103.279026241888,87.6289921494333,71.3747796913193,85.3856144111826,72.5858030175492,79.0425687169202,84.4870742112992,82.1766790078109,79.7234291986899,98.8539148293928,77.80467380523,80.7684075656782,85.0014844093916,78.3011158528651,110.014604654078,124.329130943556,91.2260290462558,95.9746567897646,86.2709384727039,95.0563270944247,86.0398062616966,95.1976188029032,86.5920823794565,90.9418125921439,89.1664822048007,103.279026241888,87.6289921494333,71.3747796913193,85.3856144111826,72.5858030175492,79.0425687169202,84.4870742112992,82.1766790078109,79.7234291986899,98.8539148293928,77.80467380523
84.4636287541806,80.8780806950347,69.2807343476439,104.768197419782,91.2260290462558,118.007994771831,90.4124003413598,90.322065114088,85.7334046336291,82.9746551986724,79.13866642364,84.1629046611245,91.1371727287908,92.6642999032622,102.30660421899,83.266619493208,72.6366783403414,87.1226718329223,70.5162693814549,85.9653030720946,74.5249486321035,86.6860827430661,81.3019412086888,95.660099097694,78.4118975475237,84.4636287541806,80.8780806950347,69.2807343476439,104.768197419782,91.2260290462558,118.007994771831,90.4124003413598,90.322065114088,85.7334046336291,82.9746551986724,79.13866642364,84.1629046611245,91.1371727287908,92.6642999032622,102.30660421899,83.266619493208,72.6366783403414,87.1226718329223,70.5162693814549,85.9653030720946,74.5249486321035,86.6860827430661,81.3019412086888,95.660099097694,78.4118975475237
80.9626370543938,82.6613828631951,72.4921966350189,100.850676820426,95.9746567897646,90.4124003413598,116.333648330363,93.1974477262062,96.2404569797671,89.0053328583374,87.4466468749865,82.6048564833735,90.1948200212553,92.2589251138384,113.387593492192,80.3095457182958,74.5926328645399,87.3464912284462,81.114373703363,85.7310545198415,85.0120301294442,90.7612938570428,78.030377158859,92.3448838677818,84.9150136884236,80.9626370543938,82.6613828631951,72.4921966350189,100.850676820426,95.9746567897646,90.4124003413598,116.333648330363,93.1974477262062,96.2404569797671,89.0053328583374,87.4466468749865,82.6048564833735,90.1948200212553,92.2589251138384,113.387593492192,80.3095457182958,74.5926328645399,87.3464912284462,81.114373703363,85.7310545198415,85.0120301294442,90.7612938570428,78.030377158859,92.3448838677818,84.9150136884236
84.6833304143776,87.6613237021209,64.9231803020613,100.005522035065,86.2709384727039,90.322065114088,93.1974477262062,115.608211501931,91.9388103197649,90.4954737363479,87.5131332908155,85.3236539436936,90.8601714058137,99.0524651024749,106.85823679953,72.2460167876294,74.1498350316598,88.6009203731908,73.8165315579573,85.5297897092818,81.3287355209852,94.7769997500739,74.4051435689526,95.3246707568776,74.7589818303871,84.6833304143776,87.6613237021209,64.9231803020613,100.005522035065,86.2709384727039,90.322065114088,93.1974477262062,115.608211501931,91.9388103197649,90.4954737363479,87.5131332908155,85.3236539436936,90.8601714058137,99.0524651024749,106.85823679953,72.2460167876294,74.1498350316598,88.6009203731908,73.8165315579573,85.5297897092818,81.3287355209852,94.7769997500739,74.4051435689526,95.3246707568776,74.7589818303871
87.24920053902,75.7202636841786,80.0193146666931,97.0633417842339,95.0563270944247,85.7334046336291,96.2404569797671,91.9388103197649,130.025103353274,84.2854031892665,91.2274121863583,82.0907726071972,85.670549111847,91.8324200085437,100.792548417911,73.5532569752555,68.5837960047284,96.8768477584197,73.875182091527,69.7616722356958,92.7851054253229,91.9441889082492,68.4907819240824,96.9964952612642,66.4810468089161,87.24920053902,75.7202636841786,80.0193146666931,97.0633417842339,95.0563270944247,85.7334046336291,96.2404569797671,91.9388103197649,130.025103353274,84.2854031892665,91.2274121863583,82.0907726071972,85.670549111847,91.8324200085437,100.792548417911,73.5532569752555,68.5837960047284,96.8768477584197,73.875182091527,69.7616722356958,92.7851054253229,91.9441889082492,68.4907819240824,96.9964952612642,66.4810468089161
77.2192799955642,81.6430663385826,69.3624568975135,83.1800923286252,86.0398062616966,82.9746551986724,89.0053328583374,90.4954737363479,84.2854031892665,101.591117682241,81.3726064433798,80.3756358915026,87.7815495297626,95.112930938003,102.297872835507,74.937750610586,72.911656889751,85.2387344714385,67.8890596028567,85.4637029933102,77.9168497610576,88.9456293143856,70.4886151040361,91.7471225520607,75.608711150418,77.2192799955642,81.6430663385826,69.3624568975135,83.1800923286252,86.0398062616966,82.9746551986724,89.0053328583374,90.4954737363479,84.2854031892665,101.591117682241,81.3726064433798,80.3756358915026,87.7815495297626,95.112930938003,102.297872835507,74.937750610586,72.911656889751,85.2387344714385,67.8890596028567,85.4637029933102,77.9168497610576,88.9456293143856,70.4886151040361,91.7471225520607,75.608711150418
80.2701833535372,76.9724151279551,71.2555972982942,93.1767574206739,95.1976188029032,79.13866642364,87.4466468749865,87.5131332908155,91.2274121863583,81.3726064433798,98.2306084766444,81.9377738260307,84.6483425467728,90.9575863374304,96.5590862658545,73.469521744027,70.4569430731938,80.7234759692755,64.5349438567947,76.751763185828,79.4267322994145,72.6450859281021,74.335108277958,89.4386732466019,67.488023316346,80.2701833535372,76.9724151279551,71.2555972982942,93.1767574206739,95.1976188029032,79.13866642364,87.4466468749865,87.5131332908155,91.2274121863583,81.3726064433798,98.2306084766444,81.9377738260307,84.6483425467728,90.9575863374304,96.5590862658545,73.469521744027,70.4569430731938,80.7234759692755,64.5349438567947,76.751763185828,79.4267322994145,72.6450859281021,74.335108277958,89.4386732466019,67.488023316346
71.2892958939475,72.1092045885219,61.1068043613096,92.2914157266716,86.5920823794565,84.1629046611245,82.6048564833735,85.3236539436936,82.0907726071972,80.3756358915026,81.9377738260307,92.2268452197846,85.6190399770718,83.856735498109,95.5650171745403,67.5318574611561,68.3295544645934,79.7107488989663,61.3377095444411,79.1727184295494,70.34722319879,80.78598541523,70.400845250818,91.5097785222015,74.5944306655755,71.2892958939475,72.1092045885219,61.1068043613096,92.2914157266716,86.5920823794565,84.1629046611245,82.6048564833735,85.3236539436936,82.0907726071972,80.3756358915026,81.9377738260307,92.2268452197846,85.6190399770718,83.856735498109,95.5650171745403,67.5318574611561,68.3295544645934,79.7107488989663,61.3377095444411,79.1727184295494,70.34722319879,80.78598541523,70.400845250818,91.5097785222015,74.5944306655755
77.2243011136995,74.9498545395383,72.7024828670469,103.384533963986,90.9418125921439,91.1371727287908,90.1948200212553,90.8601714058137,85.670549111847,87.7815495297626,84.6483425467728,85.6190399770718,99.2771430722242,96.0598519261216,108.025632169767,72.3947647147286,76.677029723386,82.8944158592065,73.2006167066828,85.2249684888351,80.5645132074077,85.0812155386968,72.2129401334889,93.8171982831302,71.4409425535487,77.2243011136995,74.9498545395383,72.7024828670469,103.384533963986,90.9418125921439,91.1371727287908,90.1948200212553,90.8601714058137,85.670549111847,87.7815495297626,84.6483425467728,85.6190399770718,99.2771430722242,96.0598519261216,108.025632169767,72.3947647147286,76.677029723386,82.8944158592065,73.2006167066828,85.2249684888351,80.5645132074077,85.0812155386968,72.2129401334889,93.8171982831302,71.4409425535487
84.7004045101953,83.7521090633309,75.1514485718616,98.4854486693451,89.1664822048007,92.6642999032622,92.2589251138384,99.0524651024749,91.8324200085437,95.112930938003,90.9575863374304,83.856735498109,96.0598519261216,109.922474201345,110.463106322019,77.7744058735731,75.8045999652872,91.9879790511297,78.3128604445977,91.8728707786271,84.2408165268185,87.4446713828085,72.1951510323467,98.7757386530662,78.157377840325,84.7004045101953,83.7521090633309,75.1514485718616,98.4854486693451,89.1664822048007,92.6642999032622,92.2589251138384,99.0524651024749,91.8324200085437,95.112930938003,90.9575863374304,83.856735498109,96.0598519261216,109.922474201345,110.463106322019,77.7744058735731,75.8045999652872,91.9879790511297,78.3128604445977,91.8728707786271,84.2408165268185,87.4446713828085,72.1951510323467,98.7757386530662,78.157377840325
92.6267471251543,90.4978106500959,87.9080434941341,117.92343409172,103.279026241888,102.30660421899,113.387593492192,106.85823679953,100.792548417911,102.297872835507,96.5590862658545,95.5650171745403,108.025632169767,110.463106322019,134.574031848743,85.8896290417152,93.3799457798145,97.9876636589336,89.2448532923792,98.0942512345514,97.9265470435292,103.591846296606,81.3288774776931,110.117397973326,94.0220647507724,92.6267471251543,90.4978106500959,87.9080434941341,117.92343409172,103.279026241888,102.30660421899,113.387593492192,106.85823679953,100.792548417911,102.297872835507,96.5590862658545,95.5650171745403,108.025632169767,110.463106322019,134.574031848743,85.8896290417152,93.3799457798145,97.9876636589336,89.2448532923792,98.0942512345514,97.9265470435292,103.591846296606,81.3288774776931,110.117397973326,94.0220647507724
74.7143057261467,72.7682399000795,60.2476076216217,87.6883929779758,87.6289921494333,83.266619493208,80.3095457182958,72.2460167876294,73.5532569752555,74.937750610586,73.469521744027,67.5318574611561,72.3947647147286,77.7744058735731,85.8896290417152,82.6992611306144,62.7562871321002,69.8054929604336,57.8861413704973,69.7720106199614,72.5205808397342,69.4091403989595,65.4526833152984,80.4369460290428,67.2993465180621,74.7143057261467,72.7682399000795,60.2476076216217,87.6883929779758,87.6289921494333,83.266619493208,80.3095457182958,72.2460167876294,73.5532569752555,74.937750610586,73.469521744027,67.5318574611561,72.3947647147286,77.7744058735731,85.8896290417152,82.6992611306144,62.7562871321002,69.8054929604336,57.8861413704973,69.7720106199614,72.5205808397342,69.4091403989595,65.4526833152984,80.4369460290428,67.2993465180621
73.022011038264,68.6401922261221,67.6904621337045,85.3405937129609,71.3747796913193,72.6366783403414,74.5926328645399,74.1498350316598,68.5837960047284,72.911656889751,70.4569430731938,68.3295544645934,76.677029723386,75.8045999652872,93.3799457798145,62.7562871321002,80.3002037116759,72.2005432110182,66.0930669972035,72.4550103905978,68.9693000094755,72.5785375823406,62.9379171351568,77.6410152973306,65.9748977167737,73.022011038264,68.6401922261221,67.6904621337045,85.3405937129609,71.3747796913193,72.6366783403414,74.5926328645399,74.1498350316598,68.5837960047284,72.911656889751,70.4569430731938,68.3295544645934,76.677029723386,75.8045999652872,93.3799457798145,62.7562871321002,80.3002037116759,72.2005432110182,66.0930669972035,72.4550103905978,68.9693000094755,72.5785375823406,62.9379171351568,77.6410152973306,65.9748977167737
94.8215390514557,81.701434173147,73.5102517193392,90.6414568899258,85.3856144111826,87.1226718329223,87.3464912284462,88.6009203731908,96.8768477584197,85.2387344714385,80.7234759692755,79.7107488989663,82.8944158592065,91.9879790511297,97.9876636589336,69.8054929604336,72.2005432110182,103.506302057022,75.3027412439433,84.35288210875,84.4354061601796,85.4337625025809,67.4669262746474,88.8883976121467,73.8383037759143,94.8215390514557,81.701434173147,73.5102517193392,90.6414568899258,85.3856144111826,87.1226718329223,87.3464912284462,88.6009203731908,96.8768477584197,85.2387344714385,80.7234759692755,79.7107488989663,82.8944158592065,91.9879790511297,97.9876636589336,69.8054929604336,72.2005432110182,103.506302057022,75.3027412439433,84.35288210875,84.4354061601796,85.4337625025809,67.4669262746474,88.8883976121467,73.8383037759143
66.6133840656851,64.4190003947372,64.4983936248844,84.014352974424,72.5858030175492,70.5162693814549,81.114373703363,73.8165315579573,73.875182091527,67.8890596028567,64.5349438567947,61.3377095444411,73.2006167066828,78.3128604445977,89.2448532923792,57.8861413704973,66.0930669972035,75.3027412439433,77.8105457610299,69.9023205590921,62.8097703912581,69.8541162593739,59.4245015483145,75.3769464821036,67.1490206975165,66.6133840656851,64.4190003947372,64.4983936248844,84.014352974424,72.5858030175492,70.5162693814549,81.114373703363,73.8165315579573,73.875182091527,67.8890596028567,64.5349438567947,61.3377095444411,73.2006167066828,78.3128604445977,89.2448532923792,57.8861413704973,66.0930669972035,75.3027412439433,77.8105457610299,69.9023205590921,62.8097703912581,69.8541162593739,59.4245015483145,75.3769464821036,67.1490206975165
79.5176140201993,81.819245351222,68.2107187044755,88.9523374649978,79.0425687169202,85.9653030720946,85.7310545198415,85.5297897092818,69.7616722356958,85.4637029933102,76.751763185828,79.1727184295494,85.2249684888351,91.8728707786271,98.0942512345514,69.7720106199614,72.4550103905978,84.35288210875,69.9023205590921,100.645406988091,75.9699869748339,81.947814337875,78.4116583237666,91.2944927144986,76.4597981619259,79.5176140201993,81.819245351222,68.2107187044755,88.9523374649978,79.0425687169202,85.9653030720946,85.7310545198415,85.5297897092818,69.7616722356958,85.4637029933102,76.751763185828,79.1727184295494,85.2249684888351,91.8728707786271,98.0942512345514,69.7720106199614,72.4550103905978,84.35288210875,69.9023205590921,100.645406988091,75.9699869748339,81.947814337875,78.4116583237666,91.2944927144986,76.4597981619259
92.6585399485906,80.119282386089,75.5776539268768,92.949541426082,84.4870742112992,74.5249486321035,85.0120301294442,81.3287355209852,92.7851054253229,77.9168497610576,79.4267322994145,70.34722319879,80.5645132074077,84.2408165268185,97.9265470435292,72.5205808397342,68.9693000094755,84.4354061601796,62.8097703912581,75.9699869748339,102.594813042727,81.624911986531,60.8729489708165,86.1778264525753,61.7368678361197,92.6585399485906,80.119282386089,75.5776539268768,92.949541426082,84.4870742112992,74.5249486321035,85.0120301294442,81.3287355209852,92.7851054253229,77.9168497610576,79.4267322994145,70.34722319879,80.5645132074077,84.2408165268185,97.9265470435292,72.5205808397342,68.9693000094755,84.4354061601796,62.8097703912581,75.9699869748339,102.594813042727,81.624911986531,60.8729489708165,86.1778264525753,61.7368678361197
72.4762319504285,83.6589787588137,66.2288289036265,93.2459842081116,82.1766790078109,86.6860827430661,90.7612938570428,94.7769997500739,91.9441889082492,88.9456293143856,72.6450859281021,80.78598541523,85.0812155386968,87.4446713828085,103.591846296606,69.4091403989595,72.5785375823406,85.4337625025809,69.8541162593739,81.947814337875,81.624911986531,105.742172339273,63.9152395885409,88.7915939326726,77.5413845070673,72.4762319504285,83.6589787588137,66.2288289036265,93.2459842081116,82.1766790078109,86.6860827430661,90.7612938570428,94.7769997500739,91.9441889082492,88.9456293143856,72.6450859281021,80.78598541523,85.0812155386968,87.4446713828085,103.591846296606,69.4091403989595,72.5785375823406,85.4337625025809,69.8541162593739,81.947814337875,81.624911986531,105.742172339273,63.9152395885409,88.7915939326726,77.5413845070673
77.2116141444471,72.1258470929216,70.5366834162254,84.8932054900184,79.7234291986899,81.3019412086888,78.030377158859,74.4051435689526,68.4907819240824,70.4886151040361,74.335108277958,70.400845250818,72.2129401334889,72.1951510323467,81.3288774776931,65.4526833152984,62.9379171351568,67.4669262746474,59.4245015483145,78.4116583237666,60.8729489708165,63.9152395885409,94.4125330130589,85.8892069887336,67.527905354913,77.2116141444471,72.1258470929216,70.5366834162254,84.8932054900184,79.7234291986899,81.3019412086888,78.030377158859,74.4051435689526,68.4907819240824,70.4886151040361,74.335108277958,70.400845250818,72.2129401334889,72.1951510323467,81.3288774776931,65.4526833152984,62.9379171351568,67.4669262746474,59.4245015483145,78.4116583237666,60.8729489708165,63.9152395885409,94.4125330130589,85.8892069887336,67.527905354913
88.7360146636984,88.5059428211839,82.4020431328948,101.283210935819,98.8539148293928,95.660099097694,92.3448838677818,95.3246707568776,96.9964952612642,91.7471225520607,89.4386732466019,91.5097785222015,93.8171982831302,98.7757386530662,110.117397973326,80.4369460290428,77.6410152973306,88.8883976121467,75.3769464821036,91.2944927144986,86.1778264525753,88.7915939326726,85.8892069887336,120.868309188818,86.6975672112009,88.7360146636984,88.5059428211839,82.4020431328948,101.283210935819,98.8539148293928,95.660099097694,92.3448838677818,95.3246707568776,96.9964952612642,91.7471225520607,89.4386732466019,91.5097785222015,93.8171982831302,98.7757386530662,110.117397973326,80.4369460290428,77.6410152973306,88.8883976121467,75.3769464821036,91.2944927144986,86.1778264525753,88.7915939326726,85.8892069887336,120.868309188818,86.6975672112009
67.4143643386712,73.7704576719142,61.6717427976361,81.7830679936009,77.80467380523,78.4118975475237,84.9150136884236,74.7589818303871,66.4810468089161,75.608711150418,67.488023316346,74.5944306655755,71.4409425535487,78.157377840325,94.0220647507724,67.2993465180621,65.9748977167737,73.8383037759143,67.1490206975165,76.4597981619259,61.7368678361197,77.5413845070673,67.527905354913,86.6975672112009,86.0650065408946,67.4143643386712,73.7704576719142,61.6717427976361,81.7830679936009,77.80467380523,78.4118975475237,84.9150136884236,74.7589818303871,66.4810468089161,75.608711150418,67.488023316346,74.5944306655755,71.4409425535487,78.157377840325,94.0220647507724,67.2993465180621,65.9748977167737,73.8383037759143,67.1490206975165,76.4597981619259,61.7368678361197,77.5413845070673,67.527905354913,86.6975672112009,86.0650065408946
116.454383083584,87.5642066009276,77.3301946988979,92.4720513536404,80.7684140169322,84.4636352054346,80.9626435056478,84.6833368656316,87.249206990274,77.2192864468182,80.2701898047912,71.2893023452015,77.2243075649535,84.7004109614494,92.6267535764083,74.7143121774008,73.022017489518,94.8215455027097,66.6133905169391,79.5176204714533,92.6585463998446,72.4762384016825,77.2116205957011,88.7360211149524,67.4143707899253,116.454383083584,87.5642066009276,77.3301946988979,92.4720513536404,80.7684140169322,84.4636352054346,80.9626435056478,84.6833368656316,87.249206990274,77.2192864468182,80.2701898047912,71.2893023452015,77.2243075649535,84.7004109614494,92.6267535764083,74.7143121774008,73.022017489518,94.8215455027097,66.6133905169391,79.5176204714533,92.6585463998446,72.4762384016825,77.2116205957011,88.7360211149524,67.4143707899253
87.5642001496736,95.4588734207295,65.5320489054307,83.8648142434656,85.0014844093916,80.8780806950347,82.6613828631951,87.6613237021209,75.7202636841786,81.6430663385826,76.9724151279551,72.1092045885219,74.9498545395383,83.7521090633309,90.4978106500959,72.7682399000795,68.6401922261221,81.701434173147,64.4190003947372,81.819245351222,80.119282386089,83.6589787588137,72.1258470929216,88.5059428211839,73.7704576719142,87.5642001496736,95.4588734207295,65.5320489054307,83.8648142434656,85.0014844093916,80.8780806950347,82.6613828631951,87.6613237021209,75.7202636841786,81.6430663385826,76.9724151279551,72.1092045885219,74.9498545395383,83.7521090633309,90.4978106500959,72.7682399000795,68.6401922261221,81.701434173147,64.4190003947372,81.819245351222,80.119282386089,83.6589787588137,72.1258470929216,88.5059428211839,73.7704576719142
77.3301882476438,65.5320489054307,82.740921306589,84.7040525504946,78.3011158528651,69.2807343476439,72.4921966350189,64.9231803020613,80.0193146666931,69.3624568975135,71.2555972982942,61.1068043613096,72.7024828670469,75.1514485718616,87.9080434941341,60.2476076216217,67.6904621337045,73.5102517193392,64.4983936248844,68.2107187044755,75.5776539268768,66.2288289036265,70.5366834162254,82.4020431328948,61.6717427976361,77.3301882476438,65.5320489054307,82.740921306589,84.7040525504946,78.3011158528651,69.2807343476439,72.4921966350189,64.9231803020613,80.0193146666931,69.3624568975135,71.2555972982942,61.1068043613096,72.7024828670469,75.1514485718616,87.9080434941341,60.2476076216217,67.6904621337045,73.5102517193392,64.4983936248844,68.2107187044755,75.5776539268768,66.2288289036265,70.5366834162254,82.4020431328948,61.6717427976361
92.4720449023864,83.8648142434656,84.7040525504946,132.082578796844,110.014604654078,104.768197419782,100.850676820426,100.005522035065,97.0633417842339,83.1800923286252,93.1767574206739,92.2914157266716,103.384533963986,98.4854486693451,117.92343409172,87.6883929779758,85.3405937129609,90.6414568899258,84.014352974424,88.9523374649978,92.949541426082,93.2459842081116,84.8932054900184,101.283210935819,81.7830679936009,92.4720449023864,83.8648142434656,84.7040525504946,132.082578796844,110.014604654078,104.768197419782,100.850676820426,100.005522035065,97.0633417842339,83.1800923286252,93.1767574206739,92.2914157266716,103.384533963986,98.4854486693451,117.92343409172,87.6883929779758,85.3405937129609,90.6414568899258,84.014352974424,88.9523374649978,92.949541426082,93.2459842081116,84.8932054900184,101.283210935819,81.7830679936009
80.7684075656782,85.0014844093916,78.3011158528651,110.014604654078,124.329130943556,91.2260290462558,95.9746567897646,86.2709384727039,95.0563270944247,86.0398062616966,95.1976188029032,86.5920823794565,90.9418125921439,89.1664822048007,103.279026241888,87.6289921494333,71.3747796913193,85.3856144111826,72.5858030175492,79.0425687169202,84.4870742112992,82.1766790078109,79.7234291986899,98.8539148293928,77.80467380523,80.7684075656782,85.0014844093916,78.3011158528651,110.014604654078,124.329130943556,91.2260290462558,95.9746567897646,86.2709384727039,95.0563270944247,86.0398062616966,95.1976188029032,86.5920823794565,90.9418125921439,89.1664822048007,103.279026241888,87.6289921494333,71.3747796913193,85.3856144111826,72.5858030175492,79.0425687169202,84.4870742112992,82.1766790078109,79.7234291986899,98.8539148293928,77.80467380523
84.4636287541806,80.8780806950347,69.2807343476439,104.768197419782,91.2260290462558,118.007994771831,90.4124003413598,90.322065114088,85.7334046336291,82.9746551986724,79.13866642364,84.1629046611245,91.1371727287908,92.6642999032622,102.30660421899,83.266619493208,72.6366783403414,87.1226718329223,70.5162693814549,85.9653030720946,74.5249486321035,86.6860827430661,81.3019412086888,95.660099097694,78.4118975475237,84.4636287541806,80.8780806950347,69.2807343476439,104.768197419782,91.2260290462558,118.007994771831,90.4124003413598,90.322065114088,85.7334046336291,82.9746551986724,79.13866642364,84.1629046611245,91.1371727287908,92.6642999032622,102.30660421899,83.266619493208,72.6366783403414,87.1226718329223,70.5162693814549,85.9653030720946,74.5249486321035,86.6860827430661,81.3019412086888,95.660099097694,78.4118975475237
80.9626370543938,82.6613828631951,72.4921966350189,100.850676820426,95.9746567897646,90.4124003413598,116.333648330363,93.1974477262062,96.2404569797671,89.0053328583374,87.4466468749865,82.6048564833735,90.1948200212553,92.2589251138384,113.387593492192,80.3095457182958,74.5926328645399,87.3464912284462,81.114373703363,85.7310545198415,85.0120301294442,90.7612938570428,78.030377158859,92.3448838677818,84.9150136884236,80.9626370543938,82.6613828631951,72.4921966350189,100.850676820426,95.9746567897646,90.4124003413598,116.333648330363,93.1974477262062,96.2404569797671,89.0053328583374,87.4466468749865,82.6048564833735,90.1948200212553,92.2589251138384,113.387593492192,80.3095457182958,74.5926328645399,87.3464912284462,81.114373703363,85.7310545198415,85.0120301294442,90.7612938570428,78.030377158859,92.3448838677818,84.9150136884236
84.6833304143776,87.6613237021209,64.9231803020613,100.005522035065,86.2709384727039,90.322065114088,93.1974477262062,115.608211501931,91.9388103197649,90.4954737363479,87.5131332908155,85.3236539436936,90.8601714058137,99.0524651024749,106.85823679953,72.2460167876294,74.1498350316598,88.6009203731908,73.8165315579573,85.5297897092818,81.3287355209852,94.7769997500739,74.4051435689526,95.3246707568776,74.7589818303871,84.6833304143776,87.6613237021209,64.9231803020613,100.005522035065,86.2709384727039,90.322065114088,93.1974477262062,115.608211501931,91.9388103197649,90.4954737363479,87.5131332908155,85.3236539436936,90.8601714058137,99.0524651024749,106.85823679953,72.2460167876294,74.1498350316598,88.6009203731908,73.8165315579573,85.5297897092818,81.3287355209852,94.7769997500739,74.4051435689526,95.3246707568776,74.7589818303871
87.24920053902,75.7202636841786,80.0193146666931,97.0633417842339,95.0563270944247,85.7334046336291,96.2404569797671,91.9388103197649,130.025103353274,84.2854031892665,91.2274121863583,82.0907726071972,85.670549111847,91.8324200085437,100.792548417911,73.5532569752555,68.5837960047284,96.8768477584197,73.875182091527,69.7616722356958,92.7851054253229,91.9441889082492,68.4907819240824,96.9964952612642,66.4810468089161,87.24920053902,75.7202636841786,80.0193146666931,97.0633417842339,95.0563270944247,85.7334046336291,96.2404569797671,91.9388103197649,130.025103353274,84.2854031892665,91.2274121863583,82.0907726071972,85.670549111847,91.8324200085437,100.792548417911,73.5532569752555,68.5837960047284,96.8768477584197,73.875182091527,69.7616722356958,92.7851054253229,91.9441889082492,68.4907819240824,96.9964952612642,66.4810468089161
77.2192799955642,81.6430663385826,69.3624568975135,83.1800923286252,86.0398062616966,82.9746551986724,89.0053328583374,90.4954737363479,84.2854031892665,101.591117682241,81.3726064433798,80.3756358915026,87.7815495297626,95.112930938003,102.297872835507,74.937750610586,72.911656889751,85.2387344714385,67.8890596028567,85.4637029933102,77.9168497610576,88.9456293143856,70.4886151040361,91.7471225520607,75.608711150418,77.2192799955642,81.6430663385826,69.3624568975135,83.1800923286252,86.0398062616966,82.9746551986724,89.0053328583374,90.4954737363479,84.2854031892665,101.591117682241,81.3726064433798,80.3756358915026,87.7815495297626,95.112930938003,102.297872835507,74.937750610586,72.911656889751,85.2387344714385,67.8890596028567,85.4637029933102,77.9168497610576,88.9456293143856,70.4886151040361,91.7471225520607,75.608711150418
80.2701833535372,76.9724151279551,71.2555972982942,93.1767574206739,95.1976188029032,79.13866642364,87.4466468749865,87.5131332908155,91.2274121863583,81.3726064433798,98.2306084766444,81.9377738260307,84.6483425467728,90.9575863374304,96.5590862658545,73.469521744027,70.4569430731938,80.7234759692755,64.5349438567947,76.751763185828,79.4267322994145,72.6450859281021,74.335108277958,89.4386732466019,67.488023316346,80.2701833535372,76.9724151279551,71.2555972982942,93.1767574206739,95.1976188029032,79.13866642364,87.4466468749865,87.5131332908155,91.2274121863583,81.3726064433798,98.2306084766444,81.9377738260307,84.6483425467728,90.9575863374304,96.5590862658545,73.469521744027,70.4569430731938,80.7234759692755,64.5349438567947,76.751763185828,79.4267322994145,72.6450859281021,74.335108277958,89.4386732466019,67.488023316346
71.2892958939475,72.1092045885219,61.1068043613096,92.2914157266716,86.5920823794565,84.1629046611245,82.6048564833735,85.3236539436936,82.0907726071972,80.3756358915026,81.9377738260307,92.2268452197846,85.6190399770718,83.856735498109,95.5650171745403,67.5318574611561,68.3295544645934,79.7107488989663,61.3377095444411,79.1727184295494,70.34722319879,80.78598541523,70.400845250818,91.5097785222015,74.5944306655755,71.2892958939475,72.1092045885219,61.1068043613096,92.2914157266716,86.5920823794565,84.1629046611245,82.6048564833735,85.3236539436936,82.0907726071972,80.3756358915026,81.9377738260307,92.2268452197846,85.6190399770718,83.856735498109,95.5650171745403,67.5318574611561,68.3295544645934,79.7107488989663,61.3377095444411,79.1727184295494,70.34722319879,80.78598541523,70.400845250818,91.5097785222015,74.5944306655755
77.2243011136995,74.9498545395383,72.7024828670469,103.384533963986,90.9418125921439,91.1371727287908,90.1948200212553,90.8601714058137,85.670549111847,87.7815495297626,84.6483425467728,85.6190399770718,99.2771430722242,96.0598519261216,108.025632169767,72.3947647147286,76.677029723386,82.8944158592065,73.2006167066828,85.2249684888351,80.5645132074077,85.0812155386968,72.2129401334889,93.8171982831302,71.4409425535487,77.2243011136995,74.9498545395383,72.7024828670469,103.384533963986,90.9418125921439,91.1371727287908,90.1948200212553,90.8601714058137,85.670549111847,87.7815495297626,84.6483425467728,85.6190399770718,99.2771430722242,96.0598519261216,108.025632169767,72.3947647147286,76.677029723386,82.8944158592065,73.2006167066828,85.2249684888351,80.5645132074077,85.0812155386968,72.2129401334889,93.8171982831302,71.4409425535487
84.7004045101953,83.7521090633309,75.1514485718616,98.4854486693451,89.1664822048007,92.6642999032622,92.2589251138384,99.0524651024749,91.8324200085437,95.112930938003,90.9575863374304,83.856735498109,96.0598519261216,109.922474201345,110.463106322019,77.7744058735731,75.8045999652872,91.9879790511297,78.3128604445977,91.8728707786271,84.2408165268185,87.4446713828085,72.1951510323467,98.7757386530662,78.157377840325,84.7004045101953,83.7521090633309,75.1514485718616,98.4854486693451,89.1664822048007,92.6642999032622,92.2589251138384,99.0524651024749,91.8324200085437,95.112930938003,90.9575863374304,83.856735498109,96.0598519261216,109.922474201345,110.463106322019,77.7744058735731,75.8045999652872,91.9879790511297,78.3128604445977,91.8728707786271,84.2408165268185,87.4446713828085,72.1951510323467,98.7757386530662,78.157377840325
92.6267471251543,90.4978106500959,87.9080434941341,117.92343409172,103.279026241888,102.30660421899,113.387593492192,106.85823679953,100.792548417911,102.297872835507,96.5590862658545,95.5650171745403,108.025632169767,110.463106322019,134.574031848743,85.8896290417152,93.3799457798145,97.9876636589336,89.2448532923792,98.0942512345514,97.9265470435292,103.591846296606,81.3288774776931,110.117397973326,94.0220647507724,92.6267471251543,90.4978106500959,87.9080434941341,117.92343409172,103.279026241888,102.30660421899,113.387593492192,106.85823679953,100.792548417911,102.297872835507,96.5590862658545,95.5650171745403,108.025632169767,110.463106322019,134.574031848743,85.8896290417152,93.3799457798145,97.9876636589336,89.2448532923792,98.0942512345514,97.9265470435292,103.591846296606,81.3288774776931,110.117397973326,94.0220647507724
74.7143057261467,72.7682399000795,60.2476076216217,87.6883929779758,87.6289921494333,83.266619493208,80.3095457182958,72.2460167876294,73.5532569752555,74.937750610586,73.469521744027,67.5318574611561,72.3947647147286,77.7744058735731,85.8896290417152,82.6992611306144,62.7562871321002,69.8054929604336,57.8861413704973,69.7720106199614,72.5205808397342,69.4091403989595,65.4526833152984,80.4369460290428,67.2993465180621,74.7143057261467,72.7682399000795,60.2476076216217,87.6883929779758,87.6289921494333,83.266619493208,80.3095457182958,72.2460167876294,73.5532569752555,74.937750610586,73.469521744027,67.5318574611561,72.3947647147286,77.7744058735731,85.8896290417152,82.6992611306144,62.7562871321002,69.8054929604336,57.8861413704973,69.7720106199614,72.5205808397342,69.4091403989595,65.4526833152984,80.4369460290428,67.2993465180621
73.022011038264,68.6401922261221,67.6904621337045,85.3405937129609,71.3747796913193,72.6366783403414,74.5926328645399,74.1498350316598,68.5837960047284,72.911656889751,70.4569430731938,68.3295544645934,76.677029723386,75.8045999652872,93.3799457798145,62.7562871321002,80.3002037116759,72.2005432110182,66.0930669972035,72.4550103905978,68.9693000094755,72.5785375823406,62.9379171351568,77.6410152973306,65.9748977167737,73.022011038264,68.6401922261221,67.6904621337045,85.3405937129609,71.3747796913193,72.6366783403414,74.5926328645399,74.1498350316598,68.5837960047284,72.911656889751,70.4569430731938,68.3295544645934,76.677029723386,75.8045999652872,93.3799457798145,62.7562871321002,80.3002037116759,72.2005432110182,66.0930669972035,72.4550103905978,68.9693000094755,72.5785375823406,62.9379171351568,77.6410152973306,65.9748977167737
94.8215390514557,81.701434173147,73.5102517193392,90.6414568899258,85.3856144111826,87.1226718329223,87.3464912284462,88.6009203731908,96.8768477584197,85.2387344714385,80.7234759692755,79.7107488989663,82.8944158592065,91.9879790511297,97.9876636589336,69.8054929604336,72.2005432110182,103.506302057022,75.3027412439433,84.35288210875,84.4354061601796,85.4337625025809,67.4669262746474,88.8883976121467,73.8383037759143,94.8215390514557,81.701434173147,73.5102517193392,90.6414568899258,85.3856144111826,87.1226718329223,87.3464912284462,88.6009203731908,96.8768477584197,85.2387344714385,80.7234759692755,79.7107488989663,82.8944158592065,91.9879790511297,97.9876636589336,69.8054929604336,72.2005432110182,103.506302057022,75.3027412439433,84.35288210875,84.4354061601796,85.4337625025809,67.4669262746474,88.8883976121467,73.8383037759143
66.6133840656851,64.4190003947372,64.4983936248844,84.014352974424,72.5858030175492,70.5162693814549,81.114373703363,73.8165315579573,73.875182091527,67.8890596028567,64.5349438567947,61.3377095444411,73.2006167066828,78.3128604445977,89.2448532923792,57.8861413704973,66.0930669972035,75.3027412439433,77.8105457610299,69.9023205590921,62.8097703912581,69.8541162593739,59.4245015483145,75.3769464821036,67.1490206975165,66.6133840656851,64.4190003947372,64.4983936248844,84.014352974424,72.5858030175492,70.5162693814549,81.114373703363,73.8165315579573,73.875182091527,67.8890596028567,64.5349438567947,61.3377095444411,73.2006167066828,78.3128604445977,89.2448532923792,57.8861413704973,66.0930669972035,75.3027412439433,77.8105457610299,69.9023205590921,62.8097703912581,69.8541162593739,59.4245015483145,75.3769464821036,67.1490206975165
79.5176140201993,81.819245351222,68.2107187044755,88.9523374649978,79.0425687169202,85.9653030720946,85.7310545198415,85.5297897092818,69.7616722356958,85.4637029933102,76.751763185828,79.1727184295494,85.2249684888351,91.8728707786271,98.0942512345514,69.7720106199614,72.4550103905978,84.35288210875,69.9023205590921,100.645406988091,75.9699869748339,81.947814337875,78.4116583237666,91.2944927144986,76.4597981619259,79.5176140201993,81.819245351222,68.2107187044755,88.9523374649978,79.0425687169202,85.9653030720946,85.7310545198415,85.5297897092818,69.7616722356958,85.4637029933102,76.751763185828,79.1727184295494,85.2249684888351,91.8728707786271,98.0942512345514,69.7720106199614,72.4550103905978,84.35288210875,69.9023205590921,100.645406988091,75.9699869748339,81.947814337875,78.4116583237666,91.2944927144986,76.4597981619259
92.6585399485906,80.119282386089,75.5776539268768,92.949541426082,84.4870742112992,74.5249486321035,85.0120301294442,81.3287355209852,92.7851054253229,77.9168497610576,79.4267322994145,70.34722319879,80.5645132074077,84.2408165268185,97.9265470435292,72.5205808397342,68.9693000094755,84.4354061601796,62.8097703912581,75.9699869748339,102.594813042727,81.624911986531,60.8729489708165,86.1778264525753,61.7368678361197,92.6585399485906,80.119282386089,75.5776539268768,92.949541426082,84.4870742112992,74.5249486321035,85.0120301294442,81.3287355209852,92.7851054253229,77.9168497610576,79.4267322994145,70.34722319879,80.5645132074077,84.2408165268185,97.9265470435292,72.5205808397342,68.9693000094755,84.4354061601796,62.8097703912581,75.9699869748339,102.594813042727,81.624911986531,60.8729489708165,86.1778264525753,61.7368678361197
72.4762319504285,83.6589787588137,66.2288289036265,93.2459842081116,82.1766790078109,86.6860827430661,90.7612938570428,94.7769997500739,91.9441889082492,88.9456293143856,72.6450859281021,80.78598541523,85.0812155386968,87.4446713828085,103.591846296606,69.4091403989595,72.5785375823406,85.4337625025809,69.8541162593739,81.947814337875,81.624911986531,105.742172339273,63.9152395885409,88.7915939326726,77.5413845070673,72.4762319504285,83.6589787588137,66.2288289036265,93.2459842081116,82.1766790078109,86.6860827430661,90.7612938570428,94.7769997500739,91.9441889082492,88.9456293143856,72.6450859281021,80.78598541523,85.0812155386968,87.4446713828085,103.591846296606,69.4091403989595,72.5785375823406,85.4337625025809,69.8541162593739,81.947814337875,81.624911986531,105.742172339273,63.9152395885409,88.7915939326726,77.5413845070673
