110.285314427246,83.8408630656043,86.3459187050263,75.0052409657424,75.7817015824902,93.6564236385093,65.078783706162,86.8235867673022,86.7199531305676,96.1429299463017,86.6444264894575,86.8285907718577,82.3010801790196,84.4601488166979,82.5633078198681,84.7784421948495,80.5485193515272,103.632926930653,103.15149912272,74.8906975904306,67.6312941164601,75.8504530786483,90.0729057377619,84.7294799073605,77.6363062011594,110.285314427246,83.8408630656043,86.3459187050263,75.0052409657424,75.7817015824902,93.6564236385093,65.078783706162,86.8235867673022,86.7199531305676,96.1429299463017,86.6444264894575,86.8285907718577,82.3010801790196,84.4601488166979,82.5633078198681,84.7784421948495,80.5485193515272,103.632926930653,103.15149912272,74.8906975904306,67.6312941164601,75.8504530786483,90.0729057377619,84.7294799073605,77.6363062011594
83.8408541906125,96.5909385715742,79.4227833017461,68.1424582205581,75.6326198390426,82.0690018339314,61.92292509324,88.9316274604533,79.0968602801917,98.2999031850662,79.0713137918125,82.1521202969524,77.3340778817858,74.3296061730411,80.4993916280079,77.9520151536837,74.8214695578302,87.2192769138453,94.0271151796671,72.1010702906275,54.3164615772873,70.5157440979956,80.8371020942723,73.0263059105166,74.0971060670687,83.8408541906125,96.5909385715742,79.4227833017461,68.1424582205581,75.6326198390426,82.0690018339314,61.92292509324,88.9316274604533,79.0968602801917,98.2999031850662,79.0713137918125,82.1521202969524,77.3340778817858,74.3296061730411,80.4993916280079,77.9520151536837,74.8214695578302,87.2192769138453,94.0271151796671,72.1010702906275,54.3164615772873,70.5157440979956,80.8371020942723,73.0263059105166,74.0971060670687
86.3459098300345,79.4227833017461,108.557303656906,73.7094617832099,77.6177439295829,96.6538567986289,66.6520969054049,94.2250077494204,78.2328550417187,97.1240772521138,84.7437969640555,90.1136403235841,76.9023304809466,80.2315227248678,81.6713746654117,82.2037758920405,82.3145625350975,90.2856031944089,95.3465617949276,88.0184695625099,59.3496370817828,75.8250711673007,96.0486826998653,93.0614458285604,85.136897929569,86.3459098300345,79.4227833017461,108.557303656906,73.7094617832099,77.6177439295829,96.6538567986289,66.6520969054049,94.2250077494204,78.2328550417187,97.1240772521138,84.7437969640555,90.1136403235841,76.9023304809466,80.2315227248678,81.6713746654117,82.2037758920405,82.3145625350975,90.2856031944089,95.3465617949276,88.0184695625099,59.3496370817828,75.8250711673007,96.0486826998653,93.0614458285604,85.136897929569
75.0052320907506,68.1424582205581,73.7094617832099,76.7322275557839,61.3725155082898,76.0713762502228,49.0410646663729,65.4425998741769,68.2532216476963,74.336010158432,69.4606525470191,77.7634542916139,74.3643873357188,68.6313763935034,69.7156059784798,65.8022858881753,68.6571057774829,73.5593104667317,75.316241916442,66.4302992998327,51.9548807179722,70.4653477965341,73.2423771027886,68.7423061261088,68.8040107121565,75.0052320907506,68.1424582205581,73.7094617832099,76.7322275557839,61.3725155082898,76.0713762502228,49.0410646663729,65.4425998741769,68.2532216476963,74.336010158432,69.4606525470191,77.7634542916139,74.3643873357188,68.6313763935034,69.7156059784798,65.8022858881753,68.6571057774829,73.5593104667317,75.316241916442,66.4302992998327,51.9548807179722,70.4653477965341,73.2423771027886,68.7423061261088,68.8040107121565
75.7816927074984,75.6326198390426,77.6177439295829,61.3725155082898,87.5248994789698,67.4208688707781,60.2544905540257,83.2277074567976,71.6804119442865,78.9061536353872,76.3400479564842,75.4574682972848,74.3653456273522,71.6306300361632,77.7013172290123,78.6056024938841,77.3972629889684,83.756406318173,84.1804609664486,75.9788651608307,51.0652710269107,72.0297521025879,80.8071606120022,69.7200917958697,73.9647076414023,75.7816927074984,75.6326198390426,77.6177439295829,61.3725155082898,87.5248994789698,67.4208688707781,60.2544905540257,83.2277074567976,71.6804119442865,78.9061536353872,76.3400479564842,75.4574682972848,74.3653456273522,71.6306300361632,77.7013172290123,78.6056024938841,77.3972629889684,83.756406318173,84.1804609664486,75.9788651608307,51.0652710269107,72.0297521025879,80.8071606120022,69.7200917958697,73.9647076414023
93.6564147635175,82.0690018339314,96.6538567986289,76.0713762502228,67.4208688707781,127.925805353234,70.1570198817151,88.3929303739018,77.826646097571,103.423344700036,84.7937528424359,95.6452354103267,85.6822201473416,82.1056736818059,71.883638425436,79.9839143263971,77.3055820681532,83.3934216568079,93.9194016485031,79.0409514850987,60.2841452713121,73.9553217961169,95.4818119706479,90.0428510013035,89.627429730182,93.6564147635175,82.0690018339314,96.6538567986289,76.0713762502228,67.4208688707781,127.925805353234,70.1570198817151,88.3929303739018,77.826646097571,103.423344700036,84.7937528424359,95.6452354103267,85.6822201473416,82.1056736818059,71.883638425436,79.9839143263971,77.3055820681532,83.3934216568079,93.9194016485031,79.0409514850987,60.2841452713121,73.9553217961169,95.4818119706479,90.0428510013035,89.627429730182
65.0787748311702,61.92292509324,66.6520969054049,49.0410646663729,60.2544905540257,70.1570198817151,78.2325691009079,68.6376027537418,59.2088636797836,75.0794674865337,71.4831499954407,64.5412842336335,59.0250352077957,55.5227991562583,67.3384631942583,66.3110483522705,61.9197076699741,77.944240109625,64.1244769623499,64.9122604719294,47.1158222579449,55.5875327166,72.827338659819,68.0649989978854,60.6189090615155,65.0787748311702,61.92292509324,66.6520969054049,49.0410646663729,60.2544905540257,70.1570198817151,78.2325691009079,68.6376027537418,59.2088636797836,75.0794674865337,71.4831499954407,64.5412842336335,59.0250352077957,55.5227991562583,67.3384631942583,66.3110483522705,61.9197076699741,77.944240109625,64.1244769623499,64.9122604719294,47.1158222579449,55.5875327166,72.827338659819,68.0649989978854,60.6189090615155
86.8235778923104,88.9316274604533,94.2250077494204,65.4425998741769,83.2277074567976,88.3929303739018,68.6376027537418,110.967840093919,78.5610492185801,97.8720567656693,82.790153236848,91.4813098081502,82.5557478028659,78.6516851582296,87.0119111142462,87.4399073790486,87.8594706782361,86.975693662042,100.940387631505,78.4388825461765,52.4134492164859,74.8401422903914,97.8104351291476,87.0235550661375,77.9669275143469,86.8235778923104,88.9316274604533,94.2250077494204,65.4425998741769,83.2277074567976,88.3929303739018,68.6376027537418,110.967840093919,78.5610492185801,97.8720567656693,82.790153236848,91.4813098081502,82.5557478028659,78.6516851582296,87.0119111142462,87.4399073790486,87.8594706782361,86.975693662042,100.940387631505,78.4388825461765,52.4134492164859,74.8401422903914,97.8104351291476,87.0235550661375,77.9669275143469
86.7199442555758,79.0968602801917,78.2328550417187,68.2532216476963,71.6804119442865,77.826646097571,59.2088636797836,78.5610492185801,91.3441314156975,92.5457027517125,83.340473902696,80.1788072927391,80.0668714498146,80.8616426103249,79.8480119268231,78.1855627281871,75.2943050343681,89.076812632838,92.0617344567364,69.7268224256615,59.7203545944322,66.2631676145333,74.1929652106871,70.1984030693075,76.3124799084269,86.7199442555758,79.0968602801917,78.2328550417187,68.2532216476963,71.6804119442865,77.826646097571,59.2088636797836,78.5610492185801,91.3441314156975,92.5457027517125,83.340473902696,80.1788072927391,80.0668714498146,80.8616426103249,79.8480119268231,78.1855627281871,75.2943050343681,89.076812632838,92.0617344567364,69.7268224256615,59.7203545944322,66.2631676145333,74.1929652106871,70.1984030693075,76.3124799084269
96.1429210713099,98.2999031850662,97.1240772521138,74.336010158432,78.9061536353872,103.423344700036,75.0794674865337,97.8720567656693,92.5457027517125,122.392912015031,92.0649020621712,95.6862440362518,87.0132165256972,86.3338168711146,92.8004908315722,91.8668220916668,78.5792203925943,99.0020848213789,103.751305652669,82.0721313012357,65.6459952487537,75.1132565262598,93.6067191002562,90.1819133771892,87.3689709336961,96.1429210713099,98.2999031850662,97.1240772521138,74.336010158432,78.9061536353872,103.423344700036,75.0794674865337,97.8720567656693,92.5457027517125,122.392912015031,92.0649020621712,95.6862440362518,87.0132165256972,86.3338168711146,92.8004908315722,91.8668220916668,78.5792203925943,99.0020848213789,103.751305652669,82.0721313012357,65.6459952487537,75.1132565262598,93.6067191002562,90.1819133771892,87.3689709336961
86.6444176144657,79.0713137918125,84.7437969640555,69.4606525470191,76.3400479564842,84.7937528424359,71.4831499954407,82.790153236848,83.340473902696,92.0649020621712,95.6634909927004,83.6521447177145,78.6308403839628,78.8129611957587,81.22764428407,80.3465170746645,76.3316784529698,98.9824112695947,88.2969290166311,75.1993942986653,56.3720263948009,71.5689567091543,83.1550254512187,76.3048975015431,76.0159130072547,86.6444176144657,79.0713137918125,84.7437969640555,69.4606525470191,76.3400479564842,84.7937528424359,71.4831499954407,82.790153236848,83.340473902696,92.0649020621712,95.6634909927004,83.6521447177145,78.6308403839628,78.8129611957587,81.22764428407,80.3465170746645,76.3316784529698,98.9824112695947,88.2969290166311,75.1993942986653,56.3720263948009,71.5689567091543,83.1550254512187,76.3048975015431,76.0159130072547
86.8285818968659,82.1521202969524,90.1136403235841,77.7634542916139,75.4574682972848,95.6452354103267,64.5412842336335,91.4813098081502,80.1788072927391,95.6862440362518,83.6521447177145,102.523632037763,88.4865641288761,76.5920686823464,85.8780347785003,83.1649384375345,73.5061120951374,81.4654570934486,91.8970965267724,76.5787249616739,59.6405473837913,81.6746358528277,90.6140704649671,88.2219599235224,83.7684460007026,86.8285818968659,82.1521202969524,90.1136403235841,77.7634542916139,75.4574682972848,95.6452354103267,64.5412842336335,91.4813098081502,80.1788072927391,95.6862440362518,83.6521447177145,102.523632037763,88.4865641288761,76.5920686823464,85.8780347785003,83.1649384375345,73.5061120951374,81.4654570934486,91.8970965267724,76.5787249616739,59.6405473837913,81.6746358528277,90.6140704649671,88.2219599235224,83.7684460007026
82.3010713040278,77.3340778817858,76.9023304809466,74.3643873357188,74.3653456273522,85.6822201473416,59.0250352077957,82.5557478028659,80.0668714498146,87.0132165256972,78.6308403839628,88.4865641288761,97.04342449666,79.9036914384232,75.4100212865401,80.2360725773266,82.8029154530147,78.3399883888727,86.2976215838709,71.0553738559304,55.9225193858529,71.6153958784913,80.6203596085799,76.3899608747381,76.6426915705799,82.3010713040278,77.3340778817858,76.9023304809466,74.3643873357188,74.3653456273522,85.6822201473416,59.0250352077957,82.5557478028659,80.0668714498146,87.0132165256972,78.6308403839628,88.4865641288761,97.04342449666,79.9036914384232,75.4100212865401,80.2360725773266,82.8029154530147,78.3399883888727,86.2976215838709,71.0553738559304,55.9225193858529,71.6153958784913,80.6203596085799,76.3899608747381,76.6426915705799
84.4601399417061,74.3296061730411,80.2315227248678,68.6313763935034,71.6306300361632,82.1056736818059,55.5227991562583,78.6516851582296,80.8616426103249,86.3338168711146,78.8129611957587,76.5920686823464,79.9036914384232,88.9429746514803,71.4653605377474,75.7433362893416,80.4605460183926,83.7894262438869,94.5817913809485,73.8956647376011,54.043902685081,64.1344795334808,78.1863666471723,67.4615457778065,76.2859816781919,84.4601399417061,74.3296061730411,80.2315227248678,68.6313763935034,71.6306300361632,82.1056736818059,55.5227991562583,78.6516851582296,80.8616426103249,86.3338168711146,78.8129611957587,76.5920686823464,79.9036914384232,88.9429746514803,71.4653605377474,75.7433362893416,80.4605460183926,83.7894262438869,94.5817913809485,73.8956647376011,54.043902685081,64.1344795334808,78.1863666471723,67.4615457778065,76.2859816781919
82.5632989448763,80.4993916280079,81.6713746654117,69.7156059784798,77.7013172290123,71.883638425436,67.3384631942583,87.0119111142462,79.8480119268231,92.8004908315722,81.22764428407,85.8780347785003,75.4100212865401,71.4653605377474,107.610429221792,87.9032040914785,75.6516907676871,92.4822253608646,81.9299238655191,71.5155359736938,59.1702552638879,76.1361199778157,78.1924410950006,76.778499376837,75.8009620192572,82.5632989448763,80.4993916280079,81.6713746654117,69.7156059784798,77.7013172290123,71.883638425436,67.3384631942583,87.0119111142462,79.8480119268231,92.8004908315722,81.22764428407,85.8780347785003,75.4100212865401,71.4653605377474,107.610429221792,87.9032040914785,75.6516907676871,92.4822253608646,81.9299238655191,71.5155359736938,59.1702552638879,76.1361199778157,78.1924410950006,76.778499376837,75.8009620192572
84.7784333198577,77.9520151536837,82.2037758920405,65.8022858881753,78.6056024938841,79.9839143263971,66.3110483522705,87.4399073790486,78.1855627281871,91.8668220916668,80.3465170746645,83.1649384375345,80.2360725773266,75.7433362893416,87.9032040914785,88.2047748024341,78.768107294185,86.8836315893344,87.5305369441827,73.824866539171,56.4218239753492,72.1277335350549,82.7723075798403,77.1638805526742,78.2519417830754,84.7784333198577,77.9520151536837,82.2037758920405,65.8022858881753,78.6056024938841,79.9839143263971,66.3110483522705,87.4399073790486,78.1855627281871,91.8668220916668,80.3465170746645,83.1649384375345,80.2360725773266,75.7433362893416,87.9032040914785,88.2047748024341,78.768107294185,86.8836315893344,87.5305369441827,73.824866539171,56.4218239753492,72.1277335350549,82.7723075798403,77.1638805526742,78.2519417830754
80.5485104765354,74.8214695578302,82.3145625350975,68.6571057774829,77.3972629889684,77.3055820681532,61.9197076699741,87.8594706782361,75.2943050343681,78.5792203925943,76.3316784529698,73.5061120951374,82.8029154530147,80.4605460183926,75.6516907676871,78.768107294185,101.520558912797,81.1062842440128,84.1558402410823,81.7694968560599,50.5663447236863,63.8133971616877,82.060909859008,68.9140714028239,74.1616783561581,80.5485104765354,74.8214695578302,82.3145625350975,68.6571057774829,77.3972629889684,77.3055820681532,61.9197076699741,87.8594706782361,75.2943050343681,78.5792203925943,76.3316784529698,73.5061120951374,82.8029154530147,80.4605460183926,75.6516907676871,78.768107294185,101.520558912797,81.1062842440128,84.1558402410823,81.7694968560599,50.5663447236863,63.8133971616877,82.060909859008,68.9140714028239,74.1616783561581
103.632918055662,87.2192769138453,90.2856031944089,73.5593104667317,83.756406318173,83.3934216568079,77.944240109625,86.975693662042,89.076812632838,99.0020848213789,98.9824112695947,81.4654570934486,78.3399883888727,83.7894262438869,92.4822253608646,86.8836315893344,81.1062842440128,128.665036431637,102.265779136823,79.1259850761103,70.170518167076,80.4948605975919,85.3098590259393,82.9564036182173,78.7722971310662,103.632918055662,87.2192769138453,90.2856031944089,73.5593104667317,83.756406318173,83.3934216568079,77.944240109625,86.975693662042,89.076812632838,99.0020848213789,98.9824112695947,81.4654570934486,78.3399883888727,83.7894262438869,92.4822253608646,86.8836315893344,81.1062842440128,128.665036431637,102.265779136823,79.1259850761103,70.170518167076,80.4948605975919,85.3098590259393,82.9564036182173,78.7722971310662
103.151490247728,94.0271151796671,95.3465617949276,75.316241916442,84.1804609664486,93.9194016485031,64.1244769623499,100.940387631505,92.0617344567364,103.751305652669,88.2969290166311,91.8970965267724,86.2976215838709,94.5817913809485,81.9299238655191,87.5305369441827,84.1558402410823,102.265779136823,121.392046087192,82.198021957395,65.6584691083738,80.5699321141331,97.9424393839603,85.4751539497265,83.0755811245598,103.151490247728,94.0271151796671,95.3465617949276,75.316241916442,84.1804609664486,93.9194016485031,64.1244769623499,100.940387631505,92.0617344567364,103.751305652669,88.2969290166311,91.8970965267724,86.2976215838709,94.5817913809485,81.9299238655191,87.5305369441827,84.1558402410823,102.265779136823,121.392046087192,82.198021957395,65.6584691083738,80.5699321141331,97.9424393839603,85.4751539497265,83.0755811245598
74.8906887154388,72.1010702906275,88.0184695625099,66.4302992998327,75.9788651608307,79.0409514850987,64.9122604719294,78.4388825461765,69.7268224256615,82.0721313012357,75.1993942986653,76.5787249616739,71.0553738559304,73.8956647376011,71.5155359736938,73.824866539171,81.7694968560599,79.1259850761103,82.198021957395,91.0172200933788,57.2742249055208,64.9697082947266,86.5051637926985,75.4502955980942,79.3218862001837,74.8906887154388,72.1010702906275,88.0184695625099,66.4302992998327,75.9788651608307,79.0409514850987,64.9122604719294,78.4388825461765,69.7268224256615,82.0721313012357,75.1993942986653,76.5787249616739,71.0553738559304,73.8956647376011,71.5155359736938,73.824866539171,81.7694968560599,79.1259850761103,82.198021957395,91.0172200933788,57.2742249055208,64.9697082947266,86.5051637926985,75.4502955980942,79.3218862001837
67.6312852414683,54.3164615772873,59.3496370817828,51.9548807179722,51.0652710269107,60.2841452713121,47.1158222579449,52.4134492164859,59.7203545944322,65.6459952487537,56.3720263948009,59.6405473837913,55.9225193858529,54.043902685081,59.1702552638879,56.4218239753492,50.5663447236863,70.170518167076,65.6584691083738,57.2742249055208,58.0406129540202,51.9377532104818,58.0512233143179,57.4875239442106,58.2910429880931,67.6312852414683,54.3164615772873,59.3496370817828,51.9548807179722,51.0652710269107,60.2841452713121,47.1158222579449,52.4134492164859,59.7203545944322,65.6459952487537,56.3720263948009,59.6405473837913,55.9225193858529,54.043902685081,59.1702552638879,56.4218239753492,50.5663447236863,70.170518167076,65.6584691083738,57.2742249055208,58.0406129540202,51.9377532104818,58.0512233143179,57.4875239442106,58.2910429880931
75.8504442036565,70.5157440979956,75.8250711673007,70.4653477965341,72.0297521025879,73.9553217961169,55.5875327166,74.8401422903914,66.2631676145333,75.1132565262598,71.5689567091543,81.6746358528277,71.6153958784913,64.1344795334808,76.1361199778157,72.1277335350549,63.8133971616877,80.4948605975919,80.5699321141331,64.9697082947266,51.9377532104818,86.4077227326245,82.4687484477396,68.4749195761632,72.0930783700239,75.8504442036565,70.5157440979956,75.8250711673007,70.4653477965341,72.0297521025879,73.9553217961169,55.5875327166,74.8401422903914,66.2631676145333,75.1132565262598,71.5689567091543,81.6746358528277,71.6153958784913,64.1344795334808,76.1361199778157,72.1277335350549,63.8133971616877,80.4948605975919,80.5699321141331,64.9697082947266,51.9377532104818,86.4077227326245,82.4687484477396,68.4749195761632,72.0930783700239
90.0728968627701,80.8371020942723,96.0486826998653,73.2423771027886,80.8071606120022,95.4818119706479,72.827338659819,97.8104351291476,74.1929652106871,93.6067191002562,83.1550254512187,90.6140704649671,80.6203596085799,78.1863666471723,78.1924410950006,82.7723075798403,82.060909859008,85.3098590259393,97.9424393839603,86.5051637926985,58.0512233143179,82.4687484477396,114.552850969678,90.8517209746768,78.9203542478645,90.0728968627701,80.8371020942723,96.0486826998653,73.2423771027886,80.8071606120022,95.4818119706479,72.827338659819,97.8104351291476,74.1929652106871,93.6067191002562,83.1550254512187,90.6140704649671,80.6203596085799,78.1863666471723,78.1924410950006,82.7723075798403,82.060909859008,85.3098590259393,97.9424393839603,86.5051637926985,58.0512233143179,82.4687484477396,114.552850969678,90.8517209746768,78.9203542478645
84.7294710323687,73.0263059105166,93.0614458285604,68.7423061261088,69.7200917958697,90.0428510013035,68.0649989978854,87.0235550661375,70.1984030693075,90.1819133771892,76.3048975015431,88.2219599235224,76.3899608747381,67.4615457778065,76.778499376837,77.1638805526742,68.9140714028239,82.9564036182173,85.4751539497265,75.4502955980942,57.4875239442106,68.4749195761632,90.8517209746768,101.479155165787,72.9481817019872,84.7294710323687,73.0263059105166,93.0614458285604,68.7423061261088,69.7200917958697,90.0428510013035,68.0649989978854,87.0235550661375,70.1984030693075,90.1819133771892,76.3048975015431,88.2219599235224,76.3899608747381,67.4615457778065,76.778499376837,77.1638805526742,68.9140714028239,82.9564036182173,85.4751539497265,75.4502955980942,57.4875239442106,68.4749195761632,90.8517209746768,101.479155165787,72.9481817019872
77.6362973261676,74.0971060670687,85.136897929569,68.8040107121565,73.9647076414023,89.627429730182,60.6189090615155,77.9669275143469,76.3124799084269,87.3689709336961,76.0159130072547,83.7684460007026,76.6426915705799,76.2859816781919,75.8009620192572,78.2519417830754,74.1616783561581,78.7722971310662,83.0755811245598,79.3218862001837,58.2910429880931,72.0930783700239,78.9203542478645,72.9481817019872,93.096014820856,77.6362973261676,74.0971060670687,85.136897929569,68.8040107121565,73.9647076414023,89.627429730182,60.6189090615155,77.9669275143469,76.3124799084269,87.3689709336961,76.0159130072547,83.7684460007026,76.6426915705799,76.2859816781919,75.8009620192572,78.2519417830754,74.1616783561581,78.7722971310662,83.0755811245598,79.3218862001837,58.2910429880931,72.0930783700239,78.9203542478645,72.9481817019872,93.096014820856
110.285314427246,83.8408630656043,86.3459187050263,75.0052409657424,75.7817015824902,93.6564236385093,65.078783706162,86.8235867673022,86.7199531305676,96.1429299463017,86.6444264894575,86.8285907718577,82.3010801790196,84.4601488166979,82.5633078198681,84.7784421948495,80.5485193515272,103.632926930653,103.15149912272,74.8906975904306,67.6312941164601,75.8504530786483,90.0729057377619,84.7294799073605,77.6363062011594,110.285314427246,83.8408630656043,86.3459187050263,75.0052409657424,75.7817015824902,93.6564236385093,65.078783706162,86.8235867673022,86.7199531305676,96.1429299463017,86.6444264894575,86.8285907718577,82.3010801790196,84.4601488166979,82.5633078198681,84.7784421948495,80.5485193515272,103.632926930653,103.15149912272,74.8906975904306,67.6312941164601,75.8504530786483,90.0729057377619,84.7294799073605,77.6363062011594
83.8408541906125,96.5909385715742,79.4227833017461,68.1424582205581,75.6326198390426,82.0690018339314,61.92292509324,88.9316274604533,79.0968602801917,98.2999031850662,79.0713137918125,82.1521202969524,77.3340778817858,74.3296061730411,80.4993916280079,77.9520151536837,74.8214695578302,87.2192769138453,94.0271151796671,72.1010702906275,54.3164615772873,70.5157440979956,80.8371020942723,73.0263059105166,74.0971060670687,83.8408541906125,96.5909385715742,79.4227833017461,68.1424582205581,75.6326198390426,82.0690018339314,61.92292509324,88.9316274604533,79.0968602801917,98.2999031850662,79.0713137918125,82.1521202969524,77.3340778817858,74.3296061730411,80.4993916280079,77.9520151536837,74.8214695578302,87.2192769138453,94.0271151796671,72.1010702906275,54.3164615772873,70.5157440979956,80.8371020942723,73.0263059105166,74.0971060670687
86.3459098300345,79.4227833017461,108.557303656906,73.7094617832099,77.6177439295829,96.6538567986289,66.6520969054049,94.2250077494204,78.2328550417187,97.1240772521138,84.7437969640555,90.1136403235841,76.9023304809466,80.2315227248678,81.6713746654117,82.2037758920405,82.3145625350975,90.2856031944089,95.3465617949276,88.0184695625099,59.3496370817828,75.8250711673007,96.0486826998653,93.0614458285604,85.136897929569,86.3459098300345,79.4227833017461,108.557303656906,73.7094617832099,77.6177439295829,96.6538567986289,66.6520969054049,94.2250077494204,78.2328550417187,97.1240772521138,84.7437969640555,90.1136403235841,76.9023304809466,80.2315227248678,81.6713746654117,82.2037758920405,82.3145625350975,90.2856031944089,95.3465617949276,88.0184695625099,59.3496370817828,75.8250711673007,96.0486826998653,93.0614458285604,85.136897929569
75.0052320907506,68.1424582205581,73.7094617832099,76.7322275557839,61.3725155082898,76.0713762502228,49.0410646663729,65.4425998741769,68.2532216476963,74.336010158432,69.4606525470191,77.7634542916139,74.3643873357188,68.6313763935034,69.7156059784798,65.8022858881753,68.6571057774829,73.5593104667317,75.316241916442,66.4302992998327,51.9548807179722,70.4653477965341,73.2423771027886,68.7423061261088,68.8040107121565,75.0052320907506,68.1424582205581,73.7094617832099,76.7322275557839,61.3725155082898,76.0713762502228,49.0410646663729,65.4425998741769,68.2532216476963,74.336010158432,69.4606525470191,77.7634542916139,74.3643873357188,68.6313763935034,69.7156059784798,65.8022858881753,68.6571057774829,73.5593104667317,75.316241916442,66.4302992998327,51.9548807179722,70.4653477965341,73.2423771027886,68.7423061261088,68.8040107121565
75.7816927074984,75.6326198390426,77.6177439295829,61.3725155082898,87.5248994789698,67.4208688707781,60.2544905540257,83.2277074567976,71.6804119442865,78.9061536353872,76.3400479564842,75.4574682972848,74.3653456273522,71.6306300361632,77.7013172290123,78.6056024938841,77.3972629889684,83.756406318173,84.1804609664486,75.9788651608307,51.0652710269107,72.0297521025879,80.8071606120022,69.7200917958697,73.9647076414023,75.7816927074984,75.6326198390426,77.6177439295829,61.3725155082898,87.5248994789698,67.4208688707781,60.2544905540257,83.2277074567976,71.6804119442865,78.9061536353872,76.3400479564842,75.4574682972848,74.3653456273522,71.6306300361632,77.7013172290123,78.6056024938841,77.3972629889684,83.756406318173,84.1804609664486,75.9788651608307,51.0652710269107,72.0297521025879,80.8071606120022,69.7200917958697,73.9647076414023
93.6564147635175,82.0690018339314,96.6538567986289,76.0713762502228,67.4208688707781,127.925805353234,70.1570198817151,88.3929303739018,77.826646097571,103.423344700036,84.7937528424359,95.6452354103267,85.6822201473416,82.1056736818059,71.883638425436,79.9839143263971,77.3055820681532,83.3934216568079,93.9194016485031,79.0409514850987,60.2841452713121,73.9553217961169,95.4818119706479,90.0428510013035,89.627429730182,93.6564147635175,82.0690018339314,96.6538567986289,76.0713762502228,67.4208688707781,127.925805353234,70.1570198817151,88.3929303739018,77.826646097571,103.423344700036,84.7937528424359,95.6452354103267,85.6822201473416,82.1056736818059,71.883638425436,79.9839143263971,77.3055820681532,83.3934216568079,93.9194016485031,79.0409514850987,60.2841452713121,73.9553217961169,95.4818119706479,90.0428510013035,89.627429730182
65.0787748311702,61.92292509324,66.6520969054049,49.0410646663729,60.2544905540257,70.1570198817151,78.2325691009079,68.6376027537418,59.2088636797836,75.0794674865337,71.4831499954407,64.5412842336335,59.0250352077957,55.5227991562583,67.3384631942583,66.3110483522705,61.9197076699741,77.944240109625,64.1244769623499,64.9122604719294,47.1158222579449,55.5875327166,72.827338659819,68.0649989978854,60.6189090615155,65.0787748311702,61.92292509324,66.6520969054049,49.0410646663729,60.2544905540257,70.1570198817151,78.2325691009079,68.6376027537418,59.2088636797836,75.0794674865337,71.4831499954407,64.5412842336335,59.0250352077957,55.5227991562583,67.3384631942583,66.3110483522705,61.9197076699741,77.944240109625,64.1244769623499,64.9122604719294,47.1158222579449,55.5875327166,72.827338659819,68.0649989978854,60.6189090615155
86.8235778923104,88.9316274604533,94.2250077494204,65.4425998741769,83.2277074567976,88.3929303739018,68.6376027537418,110.967840093919,78.5610492185801,97.8720567656693,82.790153236848,91.4813098081502,82.5557478028659,78.6516851582296,87.0119111142462,87.4399073790486,87.8594706782361,86.975693662042,100.940387631505,78.4388825461765,52.4134492164859,74.8401422903914,97.8104351291476,87.0235550661375,77.9669275143469,86.8235778923104,88.9316274604533,94.2250077494204,65.4425998741769,83.2277074567976,88.3929303739018,68.6376027537418,110.967840093919,78.5610492185801,97.8720567656693,82.790153236848,91.4813098081502,82.5557478028659,78.6516851582296,87.0119111142462,87.4399073790486,87.8594706782361,86.975693662042,100.940387631505,78.4388825461765,52.4134492164859,74.8401422903914,97.8104351291476,87.0235550661375,77.9669275143469
86.7199442555758,79.0968602801917,78.2328550417187,68.2532216476963,71.6804119442865,77.826646097571,59.2088636797836,78.5610492185801,91.3441314156975,92.5457027517125,83.340473902696,80.1788072927391,80.0668714498146,80.8616426103249,79.8480119268231,78.1855627281871,75.2943050343681,89.076812632838,92.0617344567364,69.7268224256615,59.7203545944322,66.2631676145333,74.1929652106871,70.1984030693075,76.3124799084269,86.7199442555758,79.0968602801917,78.2328550417187,68.2532216476963,71.6804119442865,77.826646097571,59.2088636797836,78.5610492185801,91.3441314156975,92.5457027517125,83.340473902696,80.1788072927391,80.0668714498146,80.8616426103249,79.8480119268231,78.1855627281871,75.2943050343681,89.076812632838,92.0617344567364,69.7268224256615,59.7203545944322,66.2631676145333,74.1929652106871,70.1984030693075,76.3124799084269
96.1429210713099,98.2999031850662,97.1240772521138,74.336010158432,78.9061536353872,103.423344700036,75.0794674865337,97.8720567656693,92.5457027517125,122.392912015031,92.0649020621712,95.6862440362518,87.0132165256972,86.3338168711146,92.8004908315722,91.8668220916668,78.5792203925943,99.0020848213789,103.751305652669,82.0721313012357,65.6459952487537,75.1132565262598,93.6067191002562,90.1819133771892,87.3689709336961,96.1429210713099,98.2999031850662,97.1240772521138,74.336010158432,78.9061536353872,103.423344700036,75.0794674865337,97.8720567656693,92.5457027517125,122.392912015031,92.0649020621712,95.6862440362518,87.0132165256972,86.3338168711146,92.8004908315722,91.8668220916668,78.5792203925943,99.0020848213789,103.751305652669,82.0721313012357,65.6459952487537,75.1132565262598,93.6067191002562,90.1819133771892,87.3689709336961
86.6444176144657,79.0713137918125,84.7437969640555,69.4606525470191,76.3400479564842,84.7937528424359,71.4831499954407,82.790153236848,83.340473902696,92.0649020621712,95.6634909927004,83.6521447177145,78.6308403839628,78.8129611957587,81.22764428407,80.3465170746645,76.3316784529698,98.9824112695947,88.2969290166311,75.1993942986653,56.3720263948009,71.5689567091543,83.1550254512187,76.3048975015431,76.0159130072547,86.6444176144657,79.0713137918125,84.7437969640555,69.4606525470191,76.3400479564842,84.7937528424359,71.4831499954407,82.790153236848,83.340473902696,92.0649020621712,95.6634909927004,83.6521447177145,78.6308403839628,78.8129611957587,81.22764428407,80.3465170746645,76.3316784529698,98.9824112695947,88.2969290166311,75.1993942986653,56.3720263948009,71.5689567091543,83.1550254512187,76.3048975015431,76.0159130072547
86.8285818968659,82.1521202969524,90.1136403235841,77.7634542916139,75.4574682972848,95.6452354103267,64.5412842336335,91.4813098081502,80.1788072927391,95.6862440362518,83.6521447177145,102.523632037763,88.4865641288761,76.5920686823464,85.8780347785003,83.1649384375345,73.5061120951374,81.4654570934486,91.8970965267724,76.5787249616739,59.6405473837913,81.6746358528277,90.6140704649671,88.2219599235224,83.7684460007026,86.8285818968659,82.1521202969524,90.1136403235841,77.7634542916139,75.4574682972848,95.6452354103267,64.5412842336335,91.4813098081502,80.1788072927391,95.6862440362518,83.6521447177145,102.523632037763,88.4865641288761,76.5920686823464,85.8780347785003,83.1649384375345,73.5061120951374,81.4654570934486,91.8970965267724,76.5787249616739,59.6405473837913,81.6746358528277,90.6140704649671,88.2219599235224,83.7684460007026
82.3010713040278,77.3340778817858,76.9023304809466,74.3643873357188,74.3653456273522,85.6822201473416,59.0250352077957,82.5557478028659,80.0668714498146,87.0132165256972,78.6308403839628,88.4865641288761,97.04342449666,79.9036914384232,75.4100212865401,80.2360725773266,82.8029154530147,78.3399883888727,86.2976215838709,71.0553738559304,55.9225193858529,71.6153958784913,80.6203596085799,76.3899608747381,76.6426915705799,82.3010713040278,77.3340778817858,76.9023304809466,74.3643873357188,74.3653456273522,85.6822201473416,59.0250352077957,82.5557478028659,80.0668714498146,87.0132165256972,78.6308403839628,88.4865641288761,97.04342449666,79.9036914384232,75.4100212865401,80.2360725773266,82.8029154530147,78.3399883888727,86.2976215838709,71.0553738559304,55.9225193858529,71.6153958784913,80.6203596085799,76.3899608747381,76.6426915705799
84.4601399417061,74.3296061730411,80.2315227248678,68.6313763935034,71.6306300361632,82.1056736818059,55.5227991562583,78.6516851582296,80.8616426103249,86.3338168711146,78.8129611957587,76.5920686823464,79.9036914384232,88.9429746514803,71.4653605377474,75.7433362893416,80.4605460183926,83.7894262438869,94.5817913809485,73.8956647376011,54.043902685081,64.1344795334808,78.1863666471723,67.4615457778065,76.2859816781919,84.4601399417061,74.3296061730411,80.2315227248678,68.6313763935034,71.6306300361632,82.1056736818059,55.5227991562583,78.6516851582296,80.8616426103249,86.3338168711146,78.8129611957587,76.5920686823464,79.9036914384232,88.9429746514803,71.4653605377474,75.7433362893416,80.4605460183926,83.7894262438869,94.5817913809485,73.8956647376011,54.043902685081,64.1344795334808,78.1863666471723,67.4615457778065,76.2859816781919
82.5632989448763,80.4993916280079,81.6713746654117,69.7156059784798,77.7013172290123,71.883638425436,67.3384631942583,87.0119111142462,79.8480119268231,92.8004908315722,81.22764428407,85.8780347785003,75.4100212865401,71.4653605377474,107.610429221792,87.9032040914785,75.6516907676871,92.4822253608646,81.9299238655191,71.5155359736938,59.1702552638879,76.1361199778157,78.1924410950006,76.778499376837,75.8009620192572,82.5632989448763,80.4993916280079,81.6713746654117,69.7156059784798,77.7013172290123,71.883638425436,67.3384631942583,87.0119111142462,79.8480119268231,92.8004908315722,81.22764428407,85.8780347785003,75.4100212865401,71.4653605377474,107.610429221792,87.9032040914785,75.6516907676871,92.4822253608646,81.9299238655191,71.5155359736938,59.1702552638879,76.1361199778157,78.1924410950006,76.778499376837,75.8009620192572
84.7784333198577,77.9520151536837,82.2037758920405,65.8022858881753,78.6056024938841,79.9839143263971,66.3110483522705,87.4399073790486,78.1855627281871,91.8668220916668,80.3465170746645,83.1649384375345,80.2360725773266,75.7433362893416,87.9032040914785,88.2047748024341,78.768107294185,86.8836315893344,87.5305369441827,73.824866539171,56.4218239753492,72.1277335350549,82.7723075798403,77.1638805526742,78.2519417830754,84.7784333198577,77.9520151536837,82.2037758920405,65.8022858881753,78.6056024938841,79.9839143263971,66.3110483522705,87.4399073790486,78.1855627281871,91.8668220916668,80.3465170746645,83.1649384375345,80.2360725773266,75.7433362893416,87.9032040914785,88.2047748024341,78.768107294185,86.8836315893344,87.5305369441827,73.824866539171,56.4218239753492,72.1277335350549,82.7723075798403,77.1638805526742,78.2519417830754
80.5485104765354,74.8214695578302,82.3145625350975,68.6571057774829,77.3972629889684,77.3055820681532,61.9197076699741,87.8594706782361,75.2943050343681,78.5792203925943,76.3316784529698,73.5061120951374,82.8029154530147,80.4605460183926,75.6516907676871,78.768107294185,101.520558912797,81.1062842440128,84.1558402410823,81.7694968560599,50.5663447236863,63.8133971616877,82.060909859008,68.9140714028239,74.1616783561581,80.5485104765354,74.8214695578302,82.3145625350975,68.6571057774829,77.3972629889684,77.3055820681532,61.9197076699741,87.8594706782361,75.2943050343681,78.5792203925943,76.3316784529698,73.5061120951374,82.8029154530147,80.4605460183926,75.6516907676871,78.768107294185,101.520558912797,81.1062842440128,84.1558402410823,81.7694968560599,50.5663447236863,63.8133971616877,82.060909859008,68.9140714028239,74.1616783561581
103.632918055662,87.2192769138453,90.2856031944089,73.5593104667317,83.756406318173,83.3934216568079,77.944240109625,86.975693662042,89.076812632838,99.0020848213789,98.9824112695947,81.4654570934486,78.3399883888727,83.7894262438869,92.4822253608646,86.8836315893344,81.1062842440128,128.665036431637,102.265779136823,79.1259850761103,70.170518167076,80.4948605975919,85.3098590259393,82.9564036182173,78.7722971310662,103.632918055662,87.2192769138453,90.2856031944089,73.5593104667317,83.756406318173,83.3934216568079,77.944240109625,86.975693662042,89.076812632838,99.0020848213789,98.9824112695947,81.4654570934486,78.3399883888727,83.7894262438869,92.4822253608646,86.8836315893344,81.1062842440128,128.665036431637,102.265779136823,79.1259850761103,70.170518167076,80.4948605975919,85.3098590259393,82.9564036182173,78.7722971310662
103.151490247728,94.0271151796671,95.3465617949276,75.316241916442,84.1804609664486,93.9194016485031,64.1244769623499,100.940387631505,92.0617344567364,103.751305652669,88.2969290166311,91.8970965267724,86.2976215838709,94.5817913809485,81.9299238655191,87.5305369441827,84.1558402410823,102.265779136823,121.392046087192,82.198021957395,65.6584691083738,80.5699321141331,97.9424393839603,85.4751539497265,83.0755811245598,103.151490247728,94.0271151796671,95.3465617949276,75.316241916442,84.1804609664486,93.9194016485031,64.1244769623499,100.940387631505,92.0617344567364,103.751305652669,88.2969290166311,91.8970965267724,86.2976215838709,94.5817913809485,81.9299238655191,87.5305369441827,84.1558402410823,102.265779136823,121.392046087192,82.198021957395,65.6584691083738,80.5699321141331,97.9424393839603,85.4751539497265,83.0755811245598
74.8906887154388,72.1010702906275,88.0184695625099,66.4302992998327,75.9788651608307,79.0409514850987,64.9122604719294,78.4388825461765,69.7268224256615,82.0721313012357,75.1993942986653,76.5787249616739,71.0553738559304,73.8956647376011,71.5155359736938,73.824866539171,81.7694968560599,79.1259850761103,82.198021957395,91.0172200933788,57.2742249055208,64.9697082947266,86.5051637926985,75.4502955980942,79.3218862001837,74.8906887154388,72.1010702906275,88.0184695625099,66.4302992998327,75.9788651608307,79.0409514850987,64.9122604719294,78.4388825461765,69.7268224256615,82.0721313012357,75.1993942986653,76.5787249616739,71.0553738559304,73.8956647376011,71.5155359736938,73.824866539171,81.7694968560599,79.1259850761103,82.198021957395,91.0172200933788,57.2742249055208,64.9697082947266,86.5051637926985,75.4502955980942,79.3218862001837
67.6312852414683,54.3164615772873,59.3496370817828,51.9548807179722,51.0652710269107,60.2841452713121,47.1158222579449,52.4134492164859,59.7203545944322,65.6459952487537,56.3720263948009,59.6405473837913,55.9225193858529,54.043902685081,59.1702552638879,56.4218239753492,50.5663447236863,70.170518167076,65.6584691083738,57.2742249055208,58.0406129540202,51.9377532104818,58.0512233143179,57.4875239442106,58.2910429880931,67.6312852414683,54.3164615772873,59.3496370817828,51.9548807179722,51.0652710269107,60.2841452713121,47.1158222579449,52.4134492164859,59.7203545944322,65.6459952487537,56.3720263948009,59.6405473837913,55.9225193858529,54.043902685081,59.1702552638879,56.4218239753492,50.5663447236863,70.170518167076,65.6584691083738,57.2742249055208,58.0406129540202,51.9377532104818,58.0512233143179,57.4875239442106,58.2910429880931
75.8504442036565,70.5157440979956,75.8250711673007,70.4653477965341,72.0297521025879,73.9553217961169,55.5875327166,74.8401422903914,66.2631676145333,75.1132565262598,71.5689567091543,81.6746358528277,71.6153958784913,64.1344795334808,76.1361199778157,72.1277335350549,63.8133971616877,80.4948605975919,80.5699321141331,64.9697082947266,51.9377532104818,86.4077227326245,82.4687484477396,68.4749195761632,72.0930783700239,75.8504442036565,70.5157440979956,75.8250711673007,70.4653477965341,72.0297521025879,73.9553217961169,55.5875327166,74.8401422903914,66.2631676145333,75.1132565262598,71.5689567091543,81.6746358528277,71.6153958784913,64.1344795334808,76.1361199778157,72.1277335350549,63.8133971616877,80.4948605975919,80.5699321141331,64.9697082947266,51.9377532104818,86.4077227326245,82.4687484477396,68.4749195761632,72.0930783700239
