68.8422206412837,48.1899987884171,73.461831858106,69.5379683326967,49.1651935251218,48.8654168687844,66.0297303848684,65.2574005041438,65.0021788558658,47.2510483671092,66.5810079203309,58.8088938357863,73.4593879858795,63.6244344718862,74.2702484464079,64.7681574144751,67.4401643482663,59.068920491063,62.3136544057618,52.5108178826215,56.0384091893087,59.0745644473284,65.085924462429,70.2151633420308,73.6026691448112,68.8422206412837,48.1899987884171,73.461831858106,69.5379683326967,49.1651935251218,48.8654168687844,66.0297303848684,65.2574005041438,65.0021788558658,47.2510483671092,66.5810079203309,58.8088938357863,73.4593879858795,63.6244344718862,74.2702484464079,64.7681574144751,67.4401643482663,59.068920491063,62.3136544057618,52.5108178826215,56.0384091893087,59.0745644473284,65.085924462429,70.2151633420308,73.6026691448112
48.1899941425211,74.5922250425388,60.4943235705379,75.0915451111756,46.4549778413722,42.288924464141,66.4886149638297,73.4648463798156,66.266979085717,56.0417181831089,50.9909552187944,70.1034526447939,71.9955191626706,61.1862390379215,84.3403855297475,65.931793012075,68.1812685220822,66.5781206644378,60.5998931910347,64.8549137463539,63.6520966922222,58.5629464273608,53.0316472901253,61.4886736108646,73.8212931724496,48.1899941425211,74.5922250425388,60.4943235705379,75.0915451111756,46.4549778413722,42.288924464141,66.4886149638297,73.4648463798156,66.266979085717,56.0417181831089,50.9909552187944,70.1034526447939,71.9955191626706,61.1862390379215,84.3403855297475,65.931793012075,68.1812685220822,66.5781206644378,60.5998931910347,64.8549137463539,63.6520966922222,58.5629464273608,53.0316472901253,61.4886736108646,73.8212931724496
73.46182721221,60.4943235705379,113.107722826447,98.6493173298127,74.693697208738,71.5075702480505,93.1448122813682,85.1405456414709,77.3337125939648,59.808824237407,82.5427167516578,84.3555246957244,93.3727784639924,85.0758286547062,95.287354932312,84.8189129303695,93.6234058680809,70.7174057743438,81.9299628884566,70.4394401207427,69.8184746698143,83.7145511202673,89.0726124284551,92.5546550723892,89.6833238202036,73.46182721221,60.4943235705379,113.107722826447,98.6493173298127,74.693697208738,71.5075702480505,93.1448122813682,85.1405456414709,77.3337125939648,59.808824237407,82.5427167516578,84.3555246957244,93.3727784639924,85.0758286547062,95.287354932312,84.8189129303695,93.6234058680809,70.7174057743438,81.9299628884566,70.4394401207427,69.8184746698143,83.7145511202673,89.0726124284551,92.5546550723892,89.6833238202036
69.5379636868007,75.0915451111756,98.6493173298127,141.192807924463,71.1613469901654,69.9085851037449,98.4834015437106,104.172513159152,81.665078181066,69.2750675929169,93.7043128249101,85.1961169408282,93.9432844903589,92.9683442402348,107.12961809392,80.8725753439806,87.7821460989032,89.7268301967059,81.0211776352713,84.8454762191414,90.9476498907646,82.6985972763618,84.9541024041199,94.8177309284442,89.2294373924664,69.5379636868007,75.0915451111756,98.6493173298127,141.192807924463,71.1613469901654,69.9085851037449,98.4834015437106,104.172513159152,81.665078181066,69.2750675929169,93.7043128249101,85.1961169408282,93.9432844903589,92.9683442402348,107.12961809392,80.8725753439806,87.7821460989032,89.7268301967059,81.0211776352713,84.8454762191414,90.9476498907646,82.6985972763618,84.9541024041199,94.8177309284442,89.2294373924664
49.1651888792258,46.4549778413722,74.693697208738,71.1613469901654,75.9648389768116,46.7605983448249,69.834772674661,68.1357751730031,54.0126425286487,51.2264823877938,62.3001306425635,57.9812939775871,69.1973726297985,67.2495846343841,74.8353457293435,55.159607358792,75.6832208071025,53.354984427364,61.5510542348935,50.9460598285652,53.9822687183276,71.9349204798432,77.1253452186128,68.1546257052921,71.5107183467367,49.1651888792258,46.4549778413722,74.693697208738,71.1613469901654,75.9648389768116,46.7605983448249,69.834772674661,68.1357751730031,54.0126425286487,51.2264823877938,62.3001306425635,57.9812939775871,69.1973726297985,67.2495846343841,74.8353457293435,55.159607358792,75.6832208071025,53.354984427364,61.5510542348935,50.9460598285652,53.9822687183276,71.9349204798432,77.1253452186128,68.1546257052921,71.5107183467367
48.8654122228884,42.288924464141,71.5075702480505,69.9085851037449,46.7605983448249,70.8809624091593,71.8360749968583,68.8557155744365,59.5141209514479,46.3635576683014,66.4924351777298,62.987804637942,63.8001099995116,58.8901477133177,73.9465205098739,60.643695920654,67.1099056381642,59.7622239029842,59.1999535858403,50.6964832440127,59.2987189770003,61.0771543753647,55.6873671246392,72.5839075071312,68.4339109541073,48.8654122228884,42.288924464141,71.5075702480505,69.9085851037449,46.7605983448249,70.8809624091593,71.8360749968583,68.8557155744365,59.5141209514479,46.3635576683014,66.4924351777298,62.987804637942,63.8001099995116,58.8901477133177,73.9465205098739,60.643695920654,67.1099056381642,59.7622239029842,59.1999535858403,50.6964832440127,59.2987189770003,61.0771543753647,55.6873671246392,72.5839075071312,68.4339109541073
66.0297257389724,66.4886149638297,93.1448122813682,98.4834015437106,69.834772674661,71.8360749968583,102.68240259196,90.8392514656646,85.2789424022585,63.2221401841745,79.5940472649314,85.4732315432243,90.2235117669859,84.6187997653946,101.819080954161,76.2544999380969,98.0779140926607,81.5453981481847,88.5841588316181,72.0686998066696,76.8938526137432,84.7244203458318,80.0065400594884,94.2455453840802,92.1606706527093,66.0297257389724,66.4886149638297,93.1448122813682,98.4834015437106,69.834772674661,71.8360749968583,102.68240259196,90.8392514656646,85.2789424022585,63.2221401841745,79.5940472649314,85.4732315432243,90.2235117669859,84.6187997653946,101.819080954161,76.2544999380969,98.0779140926607,81.5453981481847,88.5841588316181,72.0686998066696,76.8938526137432,84.7244203458318,80.0065400594884,94.2455453840802,92.1606706527093
65.2573958582478,73.4648463798156,85.1405456414709,104.172513159152,68.1357751730031,68.8557155744365,90.8392514656646,120.186005249484,89.5942551720113,78.3990619409622,86.5581535532553,78.0350410666317,94.968890041818,81.348153677282,111.42116407291,82.5806364009819,103.601557728613,84.1816722318992,80.0277482450371,84.2261345300994,87.4677304921947,82.5035435902818,88.382450891844,99.6536418949857,101.085807212755,65.2573958582478,73.4648463798156,85.1405456414709,104.172513159152,68.1357751730031,68.8557155744365,90.8392514656646,120.186005249484,89.5942551720113,78.3990619409622,86.5581535532553,78.0350410666317,94.968890041818,81.348153677282,111.42116407291,82.5806364009819,103.601557728613,84.1816722318992,80.0277482450371,84.2261345300994,87.4677304921947,82.5035435902818,88.382450891844,99.6536418949857,101.085807212755
65.0021742099698,66.266979085717,77.3337125939648,81.665078181066,54.0126425286487,59.5141209514479,85.2789424022585,89.5942551720113,95.1889721134394,60.6513108616966,69.7230317254832,79.8107643687839,87.8975688269816,74.9151642702091,94.1161577566782,71.1015503243065,94.9629428429326,73.4285086877855,73.3331479646801,68.9275785432155,65.5703097145546,76.5132492923812,67.2347202035286,86.0354647420023,92.7331727672881,65.0021742099698,66.266979085717,77.3337125939648,81.665078181066,54.0126425286487,59.5141209514479,85.2789424022585,89.5942551720113,95.1889721134394,60.6513108616966,69.7230317254832,79.8107643687839,87.8975688269816,74.9151642702091,94.1161577566782,71.1015503243065,94.9629428429326,73.4285086877855,73.3331479646801,68.9275785432155,65.5703097145546,76.5132492923812,67.2347202035286,86.0354647420023,92.7331727672881
47.2510437212132,56.0417181831089,59.808824237407,69.2750675929169,51.2264823877938,46.3635576683014,63.2221401841745,78.3990619409622,60.6513108616966,72.190924384616,57.9971744394712,59.535313581599,62.8007953315982,55.8633875684449,82.6115247827189,63.3007243993973,66.6339582066979,58.8560629922403,57.6946715130836,61.8090255772636,63.7945158255418,62.1870864574292,59.9631291403574,64.8705632540347,63.5051844507823,47.2510437212132,56.0417181831089,59.808824237407,69.2750675929169,51.2264823877938,46.3635576683014,63.2221401841745,78.3990619409622,60.6513108616966,72.190924384616,57.9971744394712,59.535313581599,62.8007953315982,55.8633875684449,82.6115247827189,63.3007243993973,66.6339582066979,58.8560629922403,57.6946715130836,61.8090255772636,63.7945158255418,62.1870864574292,59.9631291403574,64.8705632540347,63.5051844507823
66.5810032744349,50.9909552187944,82.5427167516578,93.7043128249101,62.3001306425635,66.4924351777298,79.5940472649314,86.5581535532553,69.7230317254832,57.9971744394712,95.7964190275143,56.4627937734218,84.664462381265,70.6380811799847,94.7412027195187,73.6532128327641,89.2385707904204,68.3783448039287,67.9752532168098,71.7592526976851,75.9516599515319,74.3733455727905,75.3367656081605,83.2370544660987,86.2339904455097,66.5810032744349,50.9909552187944,82.5427167516578,93.7043128249101,62.3001306425635,66.4924351777298,79.5940472649314,86.5581535532553,69.7230317254832,57.9971744394712,95.7964190275143,56.4627937734218,84.664462381265,70.6380811799847,94.7412027195187,73.6532128327641,89.2385707904204,68.3783448039287,67.9752532168098,71.7592526976851,75.9516599515319,74.3733455727905,75.3367656081605,83.2370544660987,86.2339904455097
58.8088891898902,70.1034526447939,84.3555246957244,85.1961169408282,57.9812939775871,62.987804637942,85.4732315432243,78.0350410666317,79.8107643687839,59.535313581599,56.4627937734218,105.151848455874,82.7599034378271,83.3646972631286,88.8237418909896,69.0549886879065,74.7573886066034,75.2758839305481,76.0975870248806,67.6850554743343,63.5291152866592,77.4485978322164,71.6603052224717,79.038360279669,79.6004342437861,58.8088891898902,70.1034526447939,84.3555246957244,85.1961169408282,57.9812939775871,62.987804637942,85.4732315432243,78.0350410666317,79.8107643687839,59.535313581599,56.4627937734218,105.151848455874,82.7599034378271,83.3646972631286,88.8237418909896,69.0549886879065,74.7573886066034,75.2758839305481,76.0975870248806,67.6850554743343,63.5291152866592,77.4485978322164,71.6603052224717,79.038360279669,79.6004342437861
73.4593833399835,71.9955191626706,93.3727784639924,93.9432844903589,69.1973726297985,63.8001099995116,90.2235117669859,94.968890041818,87.8975688269816,62.8007953315982,84.664462381265,82.7599034378271,111.757918172983,85.9438262087787,100.842775145118,88.1070226482494,101.575817339544,82.7864782708175,81.7077908465226,82.4806056118544,75.8216214826053,85.8809293351817,85.3497287181866,89.9247545712258,103.505098277975,73.4593833399835,71.9955191626706,93.3727784639924,93.9432844903589,69.1973726297985,63.8001099995116,90.2235117669859,94.968890041818,87.8975688269816,62.8007953315982,84.664462381265,82.7599034378271,111.757918172983,85.9438262087787,100.842775145118,88.1070226482494,101.575817339544,82.7864782708175,81.7077908465226,82.4806056118544,75.8216214826053,85.8809293351817,85.3497287181866,89.9247545712258,103.505098277975
63.6244298259902,61.1862390379215,85.0758286547062,92.9683442402348,67.2495846343841,58.8901477133177,84.6187997653946,81.348153677282,74.9151642702091,55.8633875684449,70.6380811799847,83.3646972631286,85.9438262087787,97.6610889841573,89.1292506387238,72.6679860090764,84.8362794908448,76.068564227401,65.5636281613439,61.7997589440273,69.6633193753481,73.6355816059487,82.0071835007727,81.8710418169735,75.1106012024866,63.6244298259902,61.1862390379215,85.0758286547062,92.9683442402348,67.2495846343841,58.8901477133177,84.6187997653946,81.348153677282,74.9151642702091,55.8633875684449,70.6380811799847,83.3646972631286,85.9438262087787,97.6610889841573,89.1292506387238,72.6679860090764,84.8362794908448,76.068564227401,65.5636281613439,61.7997589440273,69.6633193753481,73.6355816059487,82.0071835007727,81.8710418169735,75.1106012024866
74.2702438005119,84.3403855297475,95.287354932312,107.12961809392,74.8353457293435,73.9465205098739,101.819080954161,111.42116407291,94.1161577566782,82.6115247827189,94.7412027195187,88.8237418909896,100.842775145118,89.1292506387238,136.490401332291,93.3840956575723,105.169764311501,87.4897838876581,85.0604671644574,84.9545333879773,101.991593225604,90.2037633008009,90.9066875203582,96.3221452437221,107.634739285264,74.2702438005119,84.3403855297475,95.287354932312,107.12961809392,74.8353457293435,73.9465205098739,101.819080954161,111.42116407291,94.1161577566782,82.6115247827189,94.7412027195187,88.8237418909896,100.842775145118,89.1292506387238,136.490401332291,93.3840956575723,105.169764311501,87.4897838876581,85.0604671644574,84.9545333879773,101.991593225604,90.2037633008009,90.9066875203582,96.3221452437221,107.634739285264
64.768152768579,65.931793012075,84.8189129303695,80.8725753439806,55.159607358792,60.643695920654,76.2544999380969,82.5806364009819,71.1015503243065,63.3007243993973,73.6532128327641,69.0549886879065,88.1070226482494,72.6679860090764,93.3840956575723,93.0228430508134,84.1765020488971,71.5863560071827,62.1361992492892,70.3974094522491,74.7184013607293,67.0929391300009,70.9333663435532,74.2168510073475,76.5334383521914,64.768152768579,65.931793012075,84.8189129303695,80.8725753439806,55.159607358792,60.643695920654,76.2544999380969,82.5806364009819,71.1015503243065,63.3007243993973,73.6532128327641,69.0549886879065,88.1070226482494,72.6679860090764,93.3840956575723,93.0228430508134,84.1765020488971,71.5863560071827,62.1361992492892,70.3974094522491,74.7184013607293,67.0929391300009,70.9333663435532,74.2168510073475,76.5334383521914
67.4401597023703,68.1812685220822,93.6234058680809,87.7821460989032,75.6832208071025,67.1099056381642,98.0779140926607,103.601557728613,94.9629428429326,66.6339582066979,89.2385707904204,74.7573886066034,101.575817339544,84.8362794908448,105.169764311501,84.1765020488971,135.855897921612,80.0161693639713,84.4688240852769,79.2409324657996,77.2225598479789,90.1193536024874,85.493840188084,105.43034989243,105.18419697288,67.4401597023703,68.1812685220822,93.6234058680809,87.7821460989032,75.6832208071025,67.1099056381642,98.0779140926607,103.601557728613,94.9629428429326,66.6339582066979,89.2385707904204,74.7573886066034,101.575817339544,84.8362794908448,105.169764311501,84.1765020488971,135.855897921612,80.0161693639713,84.4688240852769,79.2409324657996,77.2225598479789,90.1193536024874,85.493840188084,105.43034989243,105.18419697288
59.0689158451669,66.5781206644378,70.7174057743438,89.7268301967059,53.354984427364,59.7622239029842,81.5453981481847,84.1816722318992,73.4285086877855,58.8560629922403,68.3783448039287,75.2758839305481,82.7864782708175,76.068564227401,87.4897838876581,71.5863560071827,80.0161693639713,88.5243679291715,70.8748011671894,69.4331714249762,68.1463421077054,68.7444599791238,64.1373055087977,80.4324699763131,79.0781639707162,59.0689158451669,66.5781206644378,70.7174057743438,89.7268301967059,53.354984427364,59.7622239029842,81.5453981481847,84.1816722318992,73.4285086877855,58.8560629922403,68.3783448039287,75.2758839305481,82.7864782708175,76.068564227401,87.4897838876581,71.5863560071827,80.0161693639713,88.5243679291715,70.8748011671894,69.4331714249762,68.1463421077054,68.7444599791238,64.1373055087977,80.4324699763131,79.0781639707162
62.3136497598657,60.5998931910347,81.9299628884566,81.0211776352713,61.5510542348935,59.1999535858403,88.5841588316181,80.0277482450371,73.3331479646801,57.6946715130836,67.9752532168098,76.0975870248806,81.7077908465226,65.5636281613439,85.0604671644574,62.1361992492892,84.4688240852769,70.8748011671894,98.1880348089262,66.8996485009137,60.7878640442519,77.5222673535227,67.4220204628907,84.9186827496457,91.6150454874245,62.3136497598657,60.5998931910347,81.9299628884566,81.0211776352713,61.5510542348935,59.1999535858403,88.5841588316181,80.0277482450371,73.3331479646801,57.6946715130836,67.9752532168098,76.0975870248806,81.7077908465226,65.5636281613439,85.0604671644574,62.1361992492892,84.4688240852769,70.8748011671894,98.1880348089262,66.8996485009137,60.7878640442519,77.5222673535227,67.4220204628907,84.9186827496457,91.6150454874245
52.5108132367255,64.8549137463539,70.4394401207427,84.8454762191414,50.9460598285652,50.6964832440127,72.0686998066696,84.2261345300994,68.9275785432155,61.8090255772636,71.7592526976851,67.6850554743343,82.4806056118544,61.7997589440273,84.9545333879773,70.3974094522491,79.2409324657996,69.4331714249762,66.8996485009137,87.9132806232874,64.3254282515627,70.0702373558001,66.5520455380045,66.705054908686,76.5421338482058,52.5108132367255,64.8549137463539,70.4394401207427,84.8454762191414,50.9460598285652,50.6964832440127,72.0686998066696,84.2261345300994,68.9275785432155,61.8090255772636,71.7592526976851,67.6850554743343,82.4806056118544,61.7997589440273,84.9545333879773,70.3974094522491,79.2409324657996,69.4331714249762,66.8996485009137,87.9132806232874,64.3254282515627,70.0702373558001,66.5520455380045,66.705054908686,76.5421338482058
56.0384045434127,63.6520966922222,69.8184746698143,90.9476498907646,53.9822687183276,59.2987189770003,76.8938526137432,87.4677304921947,65.5703097145546,63.7945158255418,75.9516599515319,63.5291152866592,75.8216214826053,69.6633193753481,101.991593225604,74.7184013607293,77.2225598479789,68.1463421077054,60.7878640442519,64.3254282515627,89.6013915127462,62.4368581392601,71.505485843647,74.9070968681999,75.395548890682,56.0384045434127,63.6520966922222,69.8184746698143,90.9476498907646,53.9822687183276,59.2987189770003,76.8938526137432,87.4677304921947,65.5703097145546,63.7945158255418,75.9516599515319,63.5291152866592,75.8216214826053,69.6633193753481,101.991593225604,74.7184013607293,77.2225598479789,68.1463421077054,60.7878640442519,64.3254282515627,89.6013915127462,62.4368581392601,71.505485843647,74.9070968681999,75.395548890682
59.0745598014323,58.5629464273608,83.7145511202673,82.6985972763618,71.9349204798432,61.0771543753647,84.7244203458318,82.5035435902818,76.5132492923812,62.1870864574292,74.3733455727905,77.4485978322164,85.8809293351817,73.6355816059487,90.2037633008009,67.0929391300009,90.1193536024874,68.7444599791238,77.5222673535227,70.0702373558001,62.4368581392601,87.2056269117054,78.0208304734225,81.0632331776971,88.421247135226,59.0745598014323,58.5629464273608,83.7145511202673,82.6985972763618,71.9349204798432,61.0771543753647,84.7244203458318,82.5035435902818,76.5132492923812,62.1870864574292,74.3733455727905,77.4485978322164,85.8809293351817,73.6355816059487,90.2037633008009,67.0929391300009,90.1193536024874,68.7444599791238,77.5222673535227,70.0702373558001,62.4368581392601,87.2056269117054,78.0208304734225,81.0632331776971,88.421247135226
65.085919816533,53.0316472901253,89.0726124284551,84.9541024041199,77.1253452186128,55.6873671246392,80.0065400594884,88.382450891844,67.2347202035286,59.9631291403574,75.3367656081605,71.6603052224717,85.3497287181866,82.0071835007727,90.9066875203582,70.9333663435532,85.493840188084,64.1373055087977,67.4220204628907,66.5520455380045,71.505485843647,78.0208304734225,101.999538956193,81.6545296440252,80.6651114963393,65.085919816533,53.0316472901253,89.0726124284551,84.9541024041199,77.1253452186128,55.6873671246392,80.0065400594884,88.382450891844,67.2347202035286,59.9631291403574,75.3367656081605,71.6603052224717,85.3497287181866,82.0071835007727,90.9066875203582,70.9333663435532,85.493840188084,64.1373055087977,67.4220204628907,66.5520455380045,71.505485843647,78.0208304734225,101.999538956193,81.6545296440252,80.6651114963393
70.2151586961348,61.4886736108646,92.5546550723892,94.8177309284442,68.1546257052921,72.5839075071312,94.2455453840802,99.6536418949857,86.0354647420023,64.8705632540347,83.2370544660987,79.038360279669,89.9247545712258,81.8710418169735,96.3221452437221,74.2168510073475,105.43034989243,80.4324699763131,84.9186827496457,66.705054908686,74.9070968681999,81.0632331776971,81.6545296440252,108.307287300582,98.1958809688135,70.2151586961348,61.4886736108646,92.5546550723892,94.8177309284442,68.1546257052921,72.5839075071312,94.2455453840802,99.6536418949857,86.0354647420023,64.8705632540347,83.2370544660987,79.038360279669,89.9247545712258,81.8710418169735,96.3221452437221,74.2168510073475,105.43034989243,80.4324699763131,84.9186827496457,66.705054908686,74.9070968681999,81.0632331776971,81.6545296440252,108.307287300582,98.1958809688135
73.6026644989152,73.8212931724496,89.6833238202036,89.2294373924664,71.5107183467367,68.4339109541073,92.1606706527093,101.085807212755,92.7331727672881,63.5051844507823,86.2339904455097,79.6004342437861,103.505098277975,75.1106012024866,107.634739285264,76.5334383521914,105.18419697288,79.0781639707162,91.6150454874245,76.5421338482058,75.395548890682,88.421247135226,80.6651114963393,98.1958809688135,120.708972239894,73.6026644989152,73.8212931724496,89.6833238202036,89.2294373924664,71.5107183467367,68.4339109541073,92.1606706527093,101.085807212755,92.7331727672881,63.5051844507823,86.2339904455097,79.6004342437861,103.505098277975,75.1106012024866,107.634739285264,76.5334383521914,105.18419697288,79.0781639707162,91.6150454874245,76.5421338482058,75.395548890682,88.421247135226,80.6651114963393,98.1958809688135,120.708972239894
68.8422206412837,48.1899987884171,73.461831858106,69.5379683326967,49.1651935251218,48.8654168687844,66.0297303848684,65.2574005041438,65.0021788558658,47.2510483671092,66.5810079203309,58.8088938357863,73.4593879858795,63.6244344718862,74.2702484464079,64.7681574144751,67.4401643482663,59.068920491063,62.3136544057618,52.5108178826215,56.0384091893087,59.0745644473284,65.085924462429,70.2151633420308,73.6026691448112,68.8422206412837,48.1899987884171,73.461831858106,69.5379683326967,49.1651935251218,48.8654168687844,66.0297303848684,65.2574005041438,65.0021788558658,47.2510483671092,66.5810079203309,58.8088938357863,73.4593879858795,63.6244344718862,74.2702484464079,64.7681574144751,67.4401643482663,59.068920491063,62.3136544057618,52.5108178826215,56.0384091893087,59.0745644473284,65.085924462429,70.2151633420308,73.6026691448112
48.1899941425211,74.5922250425388,60.4943235705379,75.0915451111756,46.4549778413722,42.288924464141,66.4886149638297,73.4648463798156,66.266979085717,56.0417181831089,50.9909552187944,70.1034526447939,71.9955191626706,61.1862390379215,84.3403855297475,65.931793012075,68.1812685220822,66.5781206644378,60.5998931910347,64.8549137463539,63.6520966922222,58.5629464273608,53.0316472901253,61.4886736108646,73.8212931724496,48.1899941425211,74.5922250425388,60.4943235705379,75.0915451111756,46.4549778413722,42.288924464141,66.4886149638297,73.4648463798156,66.266979085717,56.0417181831089,50.9909552187944,70.1034526447939,71.9955191626706,61.1862390379215,84.3403855297475,65.931793012075,68.1812685220822,66.5781206644378,60.5998931910347,64.8549137463539,63.6520966922222,58.5629464273608,53.0316472901253,61.4886736108646,73.8212931724496
73.46182721221,60.4943235705379,113.107722826447,98.6493173298127,74.693697208738,71.5075702480505,93.1448122813682,85.1405456414709,77.3337125939648,59.808824237407,82.5427167516578,84.3555246957244,93.3727784639924,85.0758286547062,95.287354932312,84.8189129303695,93.6234058680809,70.7174057743438,81.9299628884566,70.4394401207427,69.8184746698143,83.7145511202673,89.0726124284551,92.5546550723892,89.6833238202036,73.46182721221,60.4943235705379,113.107722826447,98.6493173298127,74.693697208738,71.5075702480505,93.1448122813682,85.1405456414709,77.3337125939648,59.808824237407,82.5427167516578,84.3555246957244,93.3727784639924,85.0758286547062,95.287354932312,84.8189129303695,93.6234058680809,70.7174057743438,81.9299628884566,70.4394401207427,69.8184746698143,83.7145511202673,89.0726124284551,92.5546550723892,89.6833238202036
69.5379636868007,75.0915451111756,98.6493173298127,141.192807924463,71.1613469901654,69.9085851037449,98.4834015437106,104.172513159152,81.665078181066,69.2750675929169,93.7043128249101,85.1961169408282,93.9432844903589,92.9683442402348,107.12961809392,80.8725753439806,87.7821460989032,89.7268301967059,81.0211776352713,84.8454762191414,90.9476498907646,82.6985972763618,84.9541024041199,94.8177309284442,89.2294373924664,69.5379636868007,75.0915451111756,98.6493173298127,141.192807924463,71.1613469901654,69.9085851037449,98.4834015437106,104.172513159152,81.665078181066,69.2750675929169,93.7043128249101,85.1961169408282,93.9432844903589,92.9683442402348,107.12961809392,80.8725753439806,87.7821460989032,89.7268301967059,81.0211776352713,84.8454762191414,90.9476498907646,82.6985972763618,84.9541024041199,94.8177309284442,89.2294373924664
49.1651888792258,46.4549778413722,74.693697208738,71.1613469901654,75.9648389768116,46.7605983448249,69.834772674661,68.1357751730031,54.0126425286487,51.2264823877938,62.3001306425635,57.9812939775871,69.1973726297985,67.2495846343841,74.8353457293435,55.159607358792,75.6832208071025,53.354984427364,61.5510542348935,50.9460598285652,53.9822687183276,71.9349204798432,77.1253452186128,68.1546257052921,71.5107183467367,49.1651888792258,46.4549778413722,74.693697208738,71.1613469901654,75.9648389768116,46.7605983448249,69.834772674661,68.1357751730031,54.0126425286487,51.2264823877938,62.3001306425635,57.9812939775871,69.1973726297985,67.2495846343841,74.8353457293435,55.159607358792,75.6832208071025,53.354984427364,61.5510542348935,50.9460598285652,53.9822687183276,71.9349204798432,77.1253452186128,68.1546257052921,71.5107183467367
48.8654122228884,42.288924464141,71.5075702480505,69.9085851037449,46.7605983448249,70.8809624091593,71.8360749968583,68.8557155744365,59.5141209514479,46.3635576683014,66.4924351777298,62.987804637942,63.8001099995116,58.8901477133177,73.9465205098739,60.643695920654,67.1099056381642,59.7622239029842,59.1999535858403,50.6964832440127,59.2987189770003,61.0771543753647,55.6873671246392,72.5839075071312,68.4339109541073,48.8654122228884,42.288924464141,71.5075702480505,69.9085851037449,46.7605983448249,70.8809624091593,71.8360749968583,68.8557155744365,59.5141209514479,46.3635576683014,66.4924351777298,62.987804637942,63.8001099995116,58.8901477133177,73.9465205098739,60.643695920654,67.1099056381642,59.7622239029842,59.1999535858403,50.6964832440127,59.2987189770003,61.0771543753647,55.6873671246392,72.5839075071312,68.4339109541073
66.0297257389724,66.4886149638297,93.1448122813682,98.4834015437106,69.834772674661,71.8360749968583,102.68240259196,90.8392514656646,85.2789424022585,63.2221401841745,79.5940472649314,85.4732315432243,90.2235117669859,84.6187997653946,101.819080954161,76.2544999380969,98.0779140926607,81.5453981481847,88.5841588316181,72.0686998066696,76.8938526137432,84.7244203458318,80.0065400594884,94.2455453840802,92.1606706527093,66.0297257389724,66.4886149638297,93.1448122813682,98.4834015437106,69.834772674661,71.8360749968583,102.68240259196,90.8392514656646,85.2789424022585,63.2221401841745,79.5940472649314,85.4732315432243,90.2235117669859,84.6187997653946,101.819080954161,76.2544999380969,98.0779140926607,81.5453981481847,88.5841588316181,72.0686998066696,76.8938526137432,84.7244203458318,80.0065400594884,94.2455453840802,92.1606706527093
65.2573958582478,73.4648463798156,85.1405456414709,104.172513159152,68.1357751730031,68.8557155744365,90.8392514656646,120.186005249484,89.5942551720113,78.3990619409622,86.5581535532553,78.0350410666317,94.968890041818,81.348153677282,111.42116407291,82.5806364009819,103.601557728613,84.1816722318992,80.0277482450371,84.2261345300994,87.4677304921947,82.5035435902818,88.382450891844,99.6536418949857,101.085807212755,65.2573958582478,73.4648463798156,85.1405456414709,104.172513159152,68.1357751730031,68.8557155744365,90.8392514656646,120.186005249484,89.5942551720113,78.3990619409622,86.5581535532553,78.0350410666317,94.968890041818,81.348153677282,111.42116407291,82.5806364009819,103.601557728613,84.1816722318992,80.0277482450371,84.2261345300994,87.4677304921947,82.5035435902818,88.382450891844,99.6536418949857,101.085807212755
65.0021742099698,66.266979085717,77.3337125939648,81.665078181066,54.0126425286487,59.5141209514479,85.2789424022585,89.5942551720113,95.1889721134394,60.6513108616966,69.7230317254832,79.8107643687839,87.8975688269816,74.9151642702091,94.1161577566782,71.1015503243065,94.9629428429326,73.4285086877855,73.3331479646801,68.9275785432155,65.5703097145546,76.5132492923812,67.2347202035286,86.0354647420023,92.7331727672881,65.0021742099698,66.266979085717,77.3337125939648,81.665078181066,54.0126425286487,59.5141209514479,85.2789424022585,89.5942551720113,95.1889721134394,60.6513108616966,69.7230317254832,79.8107643687839,87.8975688269816,74.9151642702091,94.1161577566782,71.1015503243065,94.9629428429326,73.4285086877855,73.3331479646801,68.9275785432155,65.5703097145546,76.5132492923812,67.2347202035286,86.0354647420023,92.7331727672881
47.2510437212132,56.0417181831089,59.808824237407,69.2750675929169,51.2264823877938,46.3635576683014,63.2221401841745,78.3990619409622,60.6513108616966,72.190924384616,57.9971744394712,59.535313581599,62.8007953315982,55.8633875684449,82.6115247827189,63.3007243993973,66.6339582066979,58.8560629922403,57.6946715130836,61.8090255772636,63.7945158255418,62.1870864574292,59.9631291403574,64.8705632540347,63.5051844507823,47.2510437212132,56.0417181831089,59.808824237407,69.2750675929169,51.2264823877938,46.3635576683014,63.2221401841745,78.3990619409622,60.6513108616966,72.190924384616,57.9971744394712,59.535313581599,62.8007953315982,55.8633875684449,82.6115247827189,63.3007243993973,66.6339582066979,58.8560629922403,57.6946715130836,61.8090255772636,63.7945158255418,62.1870864574292,59.9631291403574,64.8705632540347,63.5051844507823
66.5810032744349,50.9909552187944,82.5427167516578,93.7043128249101,62.3001306425635,66.4924351777298,79.5940472649314,86.5581535532553,69.7230317254832,57.9971744394712,95.7964190275143,56.4627937734218,84.664462381265,70.6380811799847,94.7412027195187,73.6532128327641,89.2385707904204,68.3783448039287,67.9752532168098,71.7592526976851,75.9516599515319,74.3733455727905,75.3367656081605,83.2370544660987,86.2339904455097,66.5810032744349,50.9909552187944,82.5427167516578,93.7043128249101,62.3001306425635,66.4924351777298,79.5940472649314,86.5581535532553,69.7230317254832,57.9971744394712,95.7964190275143,56.4627937734218,84.664462381265,70.6380811799847,94.7412027195187,73.6532128327641,89.2385707904204,68.3783448039287,67.9752532168098,71.7592526976851,75.9516599515319,74.3733455727905,75.3367656081605,83.2370544660987,86.2339904455097
58.8088891898902,70.1034526447939,84.3555246957244,85.1961169408282,57.9812939775871,62.987804637942,85.4732315432243,78.0350410666317,79.8107643687839,59.535313581599,56.4627937734218,105.151848455874,82.7599034378271,83.3646972631286,88.8237418909896,69.0549886879065,74.7573886066034,75.2758839305481,76.0975870248806,67.6850554743343,63.5291152866592,77.4485978322164,71.6603052224717,79.038360279669,79.6004342437861,58.8088891898902,70.1034526447939,84.3555246957244,85.1961169408282,57.9812939775871,62.987804637942,85.4732315432243,78.0350410666317,79.8107643687839,59.535313581599,56.4627937734218,105.151848455874,82.7599034378271,83.3646972631286,88.8237418909896,69.0549886879065,74.7573886066034,75.2758839305481,76.0975870248806,67.6850554743343,63.5291152866592,77.4485978322164,71.6603052224717,79.038360279669,79.6004342437861
73.4593833399835,71.9955191626706,93.3727784639924,93.9432844903589,69.1973726297985,63.8001099995116,90.2235117669859,94.968890041818,87.8975688269816,62.8007953315982,84.664462381265,82.7599034378271,111.757918172983,85.9438262087787,100.842775145118,88.1070226482494,101.575817339544,82.7864782708175,81.7077908465226,82.4806056118544,75.8216214826053,85.8809293351817,85.3497287181866,89.9247545712258,103.505098277975,73.4593833399835,71.9955191626706,93.3727784639924,93.9432844903589,69.1973726297985,63.8001099995116,90.2235117669859,94.968890041818,87.8975688269816,62.8007953315982,84.664462381265,82.7599034378271,111.757918172983,85.9438262087787,100.842775145118,88.1070226482494,101.575817339544,82.7864782708175,81.7077908465226,82.4806056118544,75.8216214826053,85.8809293351817,85.3497287181866,89.9247545712258,103.505098277975
63.6244298259902,61.1862390379215,85.0758286547062,92.9683442402348,67.2495846343841,58.8901477133177,84.6187997653946,81.348153677282,74.9151642702091,55.8633875684449,70.6380811799847,83.3646972631286,85.9438262087787,97.6610889841573,89.1292506387238,72.6679860090764,84.8362794908448,76.068564227401,65.5636281613439,61.7997589440273,69.6633193753481,73.6355816059487,82.0071835007727,81.8710418169735,75.1106012024866,63.6244298259902,61.1862390379215,85.0758286547062,92.9683442402348,67.2495846343841,58.8901477133177,84.6187997653946,81.348153677282,74.9151642702091,55.8633875684449,70.6380811799847,83.3646972631286,85.9438262087787,97.6610889841573,89.1292506387238,72.6679860090764,84.8362794908448,76.068564227401,65.5636281613439,61.7997589440273,69.6633193753481,73.6355816059487,82.0071835007727,81.8710418169735,75.1106012024866
74.2702438005119,84.3403855297475,95.287354932312,107.12961809392,74.8353457293435,73.9465205098739,101.819080954161,111.42116407291,94.1161577566782,82.6115247827189,94.7412027195187,88.8237418909896,100.842775145118,89.1292506387238,136.490401332291,93.3840956575723,105.169764311501,87.4897838876581,85.0604671644574,84.9545333879773,101.991593225604,90.2037633008009,90.9066875203582,96.3221452437221,107.634739285264,74.2702438005119,84.3403855297475,95.287354932312,107.12961809392,74.8353457293435,73.9465205098739,101.819080954161,111.42116407291,94.1161577566782,82.6115247827189,94.7412027195187,88.8237418909896,100.842775145118,89.1292506387238,136.490401332291,93.3840956575723,105.169764311501,87.4897838876581,85.0604671644574,84.9545333879773,101.991593225604,90.2037633008009,90.9066875203582,96.3221452437221,107.634739285264
64.768152768579,65.931793012075,84.8189129303695,80.8725753439806,55.159607358792,60.643695920654,76.2544999380969,82.5806364009819,71.1015503243065,63.3007243993973,73.6532128327641,69.0549886879065,88.1070226482494,72.6679860090764,93.3840956575723,93.0228430508134,84.1765020488971,71.5863560071827,62.1361992492892,70.3974094522491,74.7184013607293,67.0929391300009,70.9333663435532,74.2168510073475,76.5334383521914,64.768152768579,65.931793012075,84.8189129303695,80.8725753439806,55.159607358792,60.643695920654,76.2544999380969,82.5806364009819,71.1015503243065,63.3007243993973,73.6532128327641,69.0549886879065,88.1070226482494,72.6679860090764,93.3840956575723,93.0228430508134,84.1765020488971,71.5863560071827,62.1361992492892,70.3974094522491,74.7184013607293,67.0929391300009,70.9333663435532,74.2168510073475,76.5334383521914
67.4401597023703,68.1812685220822,93.6234058680809,87.7821460989032,75.6832208071025,67.1099056381642,98.0779140926607,103.601557728613,94.9629428429326,66.6339582066979,89.2385707904204,74.7573886066034,101.575817339544,84.8362794908448,105.169764311501,84.1765020488971,135.855897921612,80.0161693639713,84.4688240852769,79.2409324657996,77.2225598479789,90.1193536024874,85.493840188084,105.43034989243,105.18419697288,67.4401597023703,68.1812685220822,93.6234058680809,87.7821460989032,75.6832208071025,67.1099056381642,98.0779140926607,103.601557728613,94.9629428429326,66.6339582066979,89.2385707904204,74.7573886066034,101.575817339544,84.8362794908448,105.169764311501,84.1765020488971,135.855897921612,80.0161693639713,84.4688240852769,79.2409324657996,77.2225598479789,90.1193536024874,85.493840188084,105.43034989243,105.18419697288
59.0689158451669,66.5781206644378,70.7174057743438,89.7268301967059,53.354984427364,59.7622239029842,81.5453981481847,84.1816722318992,73.4285086877855,58.8560629922403,68.3783448039287,75.2758839305481,82.7864782708175,76.068564227401,87.4897838876581,71.5863560071827,80.0161693639713,88.5243679291715,70.8748011671894,69.4331714249762,68.1463421077054,68.7444599791238,64.1373055087977,80.4324699763131,79.0781639707162,59.0689158451669,66.5781206644378,70.7174057743438,89.7268301967059,53.354984427364,59.7622239029842,81.5453981481847,84.1816722318992,73.4285086877855,58.8560629922403,68.3783448039287,75.2758839305481,82.7864782708175,76.068564227401,87.4897838876581,71.5863560071827,80.0161693639713,88.5243679291715,70.8748011671894,69.4331714249762,68.1463421077054,68.7444599791238,64.1373055087977,80.4324699763131,79.0781639707162
62.3136497598657,60.5998931910347,81.9299628884566,81.0211776352713,61.5510542348935,59.1999535858403,88.5841588316181,80.0277482450371,73.3331479646801,57.6946715130836,67.9752532168098,76.0975870248806,81.7077908465226,65.5636281613439,85.0604671644574,62.1361992492892,84.4688240852769,70.8748011671894,98.1880348089262,66.8996485009137,60.7878640442519,77.5222673535227,67.4220204628907,84.9186827496457,91.6150454874245,62.3136497598657,60.5998931910347,81.9299628884566,81.0211776352713,61.5510542348935,59.1999535858403,88.5841588316181,80.0277482450371,73.3331479646801,57.6946715130836,67.9752532168098,76.0975870248806,81.7077908465226,65.5636281613439,85.0604671644574,62.1361992492892,84.4688240852769,70.8748011671894,98.1880348089262,66.8996485009137,60.7878640442519,77.5222673535227,67.4220204628907,84.9186827496457,91.6150454874245
52.5108132367255,64.8549137463539,70.4394401207427,84.8454762191414,50.9460598285652,50.6964832440127,72.0686998066696,84.2261345300994,68.9275785432155,61.8090255772636,71.7592526976851,67.6850554743343,82.4806056118544,61.7997589440273,84.9545333879773,70.3974094522491,79.2409324657996,69.4331714249762,66.8996485009137,87.9132806232874,64.3254282515627,70.0702373558001,66.5520455380045,66.705054908686,76.5421338482058,52.5108132367255,64.8549137463539,70.4394401207427,84.8454762191414,50.9460598285652,50.6964832440127,72.0686998066696,84.2261345300994,68.9275785432155,61.8090255772636,71.7592526976851,67.6850554743343,82.4806056118544,61.7997589440273,84.9545333879773,70.3974094522491,79.2409324657996,69.4331714249762,66.8996485009137,87.9132806232874,64.3254282515627,70.0702373558001,66.5520455380045,66.705054908686,76.5421338482058
56.0384045434127,63.6520966922222,69.8184746698143,90.9476498907646,53.9822687183276,59.2987189770003,76.8938526137432,87.4677304921947,65.5703097145546,63.7945158255418,75.9516599515319,63.5291152866592,75.8216214826053,69.6633193753481,101.991593225604,74.7184013607293,77.2225598479789,68.1463421077054,60.7878640442519,64.3254282515627,89.6013915127462,62.4368581392601,71.505485843647,74.9070968681999,75.395548890682,56.0384045434127,63.6520966922222,69.8184746698143,90.9476498907646,53.9822687183276,59.2987189770003,76.8938526137432,87.4677304921947,65.5703097145546,63.7945158255418,75.9516599515319,63.5291152866592,75.8216214826053,69.6633193753481,101.991593225604,74.7184013607293,77.2225598479789,68.1463421077054,60.7878640442519,64.3254282515627,89.6013915127462,62.4368581392601,71.505485843647,74.9070968681999,75.395548890682
59.0745598014323,58.5629464273608,83.7145511202673,82.6985972763618,71.9349204798432,61.0771543753647,84.7244203458318,82.5035435902818,76.5132492923812,62.1870864574292,74.3733455727905,77.4485978322164,85.8809293351817,73.6355816059487,90.2037633008009,67.0929391300009,90.1193536024874,68.7444599791238,77.5222673535227,70.0702373558001,62.4368581392601,87.2056269117054,78.0208304734225,81.0632331776971,88.421247135226,59.0745598014323,58.5629464273608,83.7145511202673,82.6985972763618,71.9349204798432,61.0771543753647,84.7244203458318,82.5035435902818,76.5132492923812,62.1870864574292,74.3733455727905,77.4485978322164,85.8809293351817,73.6355816059487,90.2037633008009,67.0929391300009,90.1193536024874,68.7444599791238,77.5222673535227,70.0702373558001,62.4368581392601,87.2056269117054,78.0208304734225,81.0632331776971,88.421247135226
