74.5437598908174,67.0609011038474,73.8384409425036,55.1300405271256,53.0439443271334,74.5427939962551,52.0362916952885,62.5502585153797,65.9843895788254,57.4395312248821,59.2364076670745,54.8316136804982,55.435576784252,60.2513853393712,74.973299870574,51.4610874890073,68.0448609034669,58.9787672056331,81.4306976523495,73.5754010465653,64.0397504113755,73.1993355758486,59.6277167907497,52.0794290555454,63.6220805431286,74.5437598908174,67.0609011038474,73.8384409425036,55.1300405271256,53.0439443271334,74.5427939962551,52.0362916952885,62.5502585153797,65.9843895788254,57.4395312248821,59.2364076670745,54.8316136804982,55.435576784252,60.2513853393712,74.973299870574,51.4610874890073,68.0448609034669,58.9787672056331,81.4306976523495,73.5754010465653,64.0397504113755,73.1993355758486,59.6277167907497,52.0794290555454,63.6220805431286
67.0608050823122,108.885001737848,91.0467185324759,81.4451040265494,74.5861125810578,79.0615560266249,68.8890195474237,79.8364360297067,75.2884211268591,71.3851218670395,79.1291696135744,81.2449899740643,64.0981996598785,85.5581485735127,95.1147581684115,72.2969189269268,84.9816042490323,80.6760097799383,92.1046800777345,88.8512808710774,86.9147836485899,90.5990653992121,79.9628817008382,72.0882849236987,76.057829722704,67.0608050823122,108.885001737848,91.0467185324759,81.4451040265494,74.5861125810578,79.0615560266249,68.8890195474237,79.8364360297067,75.2884211268591,71.3851218670395,79.1291696135744,81.2449899740643,64.0981996598785,85.5581485735127,95.1147581684115,72.2969189269268,84.9816042490323,80.6760097799383,92.1046800777345,88.8512808710774,86.9147836485899,90.5990653992121,79.9628817008382,72.0882849236987,76.057829722704
73.8383449209683,91.0467185324759,106.222976099752,76.7443767333374,69.3188870341057,80.3921453658894,64.5101000583835,74.994815786035,80.3389230664255,69.0303209934066,80.5928900884728,73.7899142777165,56.3557635963696,79.1208111203334,91.3422668747154,71.5774716881266,80.7035013036159,76.3391913785763,96.9694061871287,92.8258108373617,90.4693331060906,92.5955218870302,75.640203004278,73.8435044146202,78.5244533527039,73.8383449209683,91.0467185324759,106.222976099752,76.7443767333374,69.3188870341057,80.3921453658894,64.5101000583835,74.994815786035,80.3389230664255,69.0303209934066,80.5928900884728,73.7899142777165,56.3557635963696,79.1208111203334,91.3422668747154,71.5774716881266,80.7035013036159,76.3391913785763,96.9694061871287,92.8258108373617,90.4693331060906,92.5955218870302,75.640203004278,73.8435044146202,78.5244533527039
55.1299445055904,81.4451040265494,76.7443767333374,80.7683779387373,64.6024671154613,63.478995298575,56.7245583236399,69.8648243128859,66.9932658340169,59.6431010514084,63.0685286964113,66.0159964615998,46.0866407767528,79.8552417852816,80.8470649279682,59.4791159118481,74.611119532769,65.9667133463749,77.4648872852775,82.004218211907,68.4664254728383,78.5588794641959,69.267724598237,54.6831656714687,70.3823194287692,55.1299445055904,81.4451040265494,76.7443767333374,80.7683779387373,64.6024671154613,63.478995298575,56.7245583236399,69.8648243128859,66.9932658340169,59.6431010514084,63.0685286964113,66.0159964615998,46.0866407767528,79.8552417852816,80.8470649279682,59.4791159118481,74.611119532769,65.9667133463749,77.4648872852775,82.004218211907,68.4664254728383,78.5588794641959,69.267724598237,54.6831656714687,70.3823194287692
53.0438483055982,74.5861125810578,69.3188870341057,64.6024671154613,100.268082339301,69.9526377050138,78.9585601700757,71.4188250100528,74.573625220928,65.128515317148,70.0027641902479,74.1497006165105,68.4785199479522,72.1834337417212,81.1799807864238,64.0393226805113,78.5184036619528,70.9470859896616,73.9740039752382,77.8759915761882,75.7526180918989,76.9768701087928,65.3903683973382,57.6858000368101,66.7995490799324,53.0438483055982,74.5861125810578,69.3188870341057,64.6024671154613,100.268082339301,69.9526377050138,78.9585601700757,71.4188250100528,74.573625220928,65.128515317148,70.0027641902479,74.1497006165105,68.4785199479522,72.1834337417212,81.1799807864238,64.0393226805113,78.5184036619528,70.9470859896616,73.9740039752382,77.8759915761882,75.7526180918989,76.9768701087928,65.3903683973382,57.6858000368101,66.7995490799324
74.5426979747199,79.0615560266249,80.3921453658894,63.478995298575,69.9526377050138,98.2140372078426,67.3589658827436,70.7329627297668,68.8855347066638,63.901876407297,68.4587888309587,73.9039454346152,73.4303659392932,74.5828978808249,82.0683832178857,67.6515031731745,78.7726128540889,76.6430344630641,84.4458960159529,79.8864638907902,71.6687506160096,85.7430379298121,70.667676031076,64.405414375578,74.1709015555864,74.5426979747199,79.0615560266249,80.3921453658894,63.478995298575,69.9526377050138,98.2140372078426,67.3589658827436,70.7329627297668,68.8855347066638,63.901876407297,68.4587888309587,73.9039454346152,73.4303659392932,74.5828978808249,82.0683832178857,67.6515031731745,78.7726128540889,76.6430344630641,84.4458960159529,79.8864638907902,71.6687506160096,85.7430379298121,70.667676031076,64.405414375578,74.1709015555864
52.0361956737533,68.8890195474237,64.5101000583835,56.7245583236399,78.9585601700757,67.3589658827436,97.3093175805263,56.7191162943164,76.9197259151585,67.5242322693262,66.0254515482377,70.8668499339901,70.6719658913751,71.0410425823862,79.1601637676172,66.0368222459517,72.8780833414703,62.2487780011261,80.0415125820635,70.1577169334654,68.7694882506426,73.4761571626566,59.0100815933821,60.3835447217808,57.9011308633492,52.0361956737533,68.8890195474237,64.5101000583835,56.7245583236399,78.9585601700757,67.3589658827436,97.3093175805263,56.7191162943164,76.9197259151585,67.5242322693262,66.0254515482377,70.8668499339901,70.6719658913751,71.0410425823862,79.1601637676172,66.0368222459517,72.8780833414703,62.2487780011261,80.0415125820635,70.1577169334654,68.7694882506426,73.4761571626566,59.0100815933821,60.3835447217808,57.9011308633492
62.5501624938445,79.8364360297067,74.994815786035,69.8648243128859,71.4188250100528,70.7329627297668,56.7191162943164,85.4767083392096,70.137010789177,64.4136568359445,59.4858509276161,71.1821145762172,61.3272663727013,69.1625821531684,76.5743101425629,60.1611248709034,81.1679940568769,66.4026365137621,80.9783945709308,83.8814089675815,71.0649577357465,78.4172338402224,69.8580928764986,48.8469152810097,70.4068533522101,62.5501624938445,79.8364360297067,74.994815786035,69.8648243128859,71.4188250100528,70.7329627297668,56.7191162943164,85.4767083392096,70.137010789177,64.4136568359445,59.4858509276161,71.1821145762172,61.3272663727013,69.1625821531684,76.5743101425629,60.1611248709034,81.1679940568769,66.4026365137621,80.9783945709308,83.8814089675815,71.0649577357465,78.4172338402224,69.8580928764986,48.8469152810097,70.4068533522101
65.9842935572902,75.2884211268591,80.3389230664255,66.9932658340169,74.573625220928,68.8855347066638,76.9197259151585,70.137010789177,102.625112515986,77.2244599750068,68.9311098601339,74.6288681846881,62.3073657240782,74.8125855512708,89.2950958997484,68.7805166126196,89.9931082159336,74.9728905316215,84.8279886805384,84.9723126405518,79.5029342352816,87.7068703291168,68.5242295415405,61.2811104756187,66.1544223328533,65.9842935572902,75.2884211268591,80.3389230664255,66.9932658340169,74.573625220928,68.8855347066638,76.9197259151585,70.137010789177,102.625112515986,77.2244599750068,68.9311098601339,74.6288681846881,62.3073657240782,74.8125855512708,89.2950958997484,68.7805166126196,89.9931082159336,74.9728905316215,84.8279886805384,84.9723126405518,79.5029342352816,87.7068703291168,68.5242295415405,61.2811104756187,66.1544223328533
57.4394352033469,71.3851218670395,69.0303209934066,59.6431010514084,65.128515317148,63.901876407297,67.5242322693262,64.4136568359445,77.2244599750068,78.0694607931198,62.6337253133692,70.4012851370467,63.1989134079334,67.4919678350762,71.8135226567269,61.9159734160379,75.7724810006449,61.9754351416027,81.5010101202703,72.8225232983664,69.3184379829636,79.0649627941013,62.1807507000783,62.020812954821,66.1072706109529,57.4394352033469,71.3851218670395,69.0303209934066,59.6431010514084,65.128515317148,63.901876407297,67.5242322693262,64.4136568359445,77.2244599750068,78.0694607931198,62.6337253133692,70.4012851370467,63.1989134079334,67.4919678350762,71.8135226567269,61.9159734160379,75.7724810006449,61.9754351416027,81.5010101202703,72.8225232983664,69.3184379829636,79.0649627941013,62.1807507000783,62.020812954821,66.1072706109529
59.2363116455393,79.1291696135744,80.5928900884728,63.0685286964113,70.0027641902479,68.4587888309587,66.0254515482377,59.4858509276161,68.9311098601339,62.6337253133692,88.1609016989014,61.3867337127396,57.6212035640043,77.2553868327983,80.5832167264652,68.2977526874157,74.0992065161817,61.3288135273237,86.0222928675745,80.9109438131082,79.4428645896573,80.753959047742,69.4077510824773,66.4326221706099,74.710730119437,59.2363116455393,79.1291696135744,80.5928900884728,63.0685286964113,70.0027641902479,68.4587888309587,66.0254515482377,59.4858509276161,68.9311098601339,62.6337253133692,88.1609016989014,61.3867337127396,57.6212035640043,77.2553868327983,80.5832167264652,68.2977526874157,74.0992065161817,61.3288135273237,86.0222928675745,80.9109438131082,79.4428645896573,80.753959047742,69.4077510824773,66.4326221706099,74.710730119437
54.8315176589629,81.2449899740643,73.7899142777165,66.0159964615998,74.1497006165105,73.9039454346152,70.8668499339901,71.1821145762172,74.6288681846881,70.4012851370467,61.3867337127396,86.9463370553061,69.4441268247275,72.0576255028534,74.7810780233288,67.7658909023413,79.1704577584627,78.2735189469951,78.8157841202778,81.1954031360845,69.6891456300647,81.5122966569083,69.0141489005102,68.2353221091362,71.247014628294,54.8315176589629,81.2449899740643,73.7899142777165,66.0159964615998,74.1497006165105,73.9039454346152,70.8668499339901,71.1821145762172,74.6288681846881,70.4012851370467,61.3867337127396,86.9463370553061,69.4441268247275,72.0576255028534,74.7810780233288,67.7658909023413,79.1704577584627,78.2735189469951,78.8157841202778,81.1954031360845,69.6891456300647,81.5122966569083,69.0141489005102,68.2353221091362,71.247014628294
55.4354807627168,64.0981996598785,56.3557635963696,46.0866407767528,68.4785199479522,73.4303659392932,70.6719658913751,61.3272663727013,62.3073657240782,63.1989134079334,57.6212035640043,69.4441268247275,85.780059982051,60.0240514575259,62.4765682031546,59.634656992246,71.9508202791357,60.690260436292,79.5505909611531,65.0166796920258,62.0325277481681,70.1485503820871,55.7669764928599,56.7064611434529,58.9333817999821,55.4354807627168,64.0981996598785,56.3557635963696,46.0866407767528,68.4785199479522,73.4303659392932,70.6719658913751,61.3272663727013,62.3073657240782,63.1989134079334,57.6212035640043,69.4441268247275,85.780059982051,60.0240514575259,62.4765682031546,59.634656992246,71.9508202791357,60.690260436292,79.5505909611531,65.0166796920258,62.0325277481681,70.1485503820871,55.7669764928599,56.7064611434529,58.9333817999821
60.2512893178359,85.5581485735127,79.1208111203334,79.8552417852816,72.1834337417212,74.5828978808249,71.0410425823862,69.1625821531684,74.8125855512708,67.4919678350762,77.2553868327983,72.0576255028534,60.0240514575259,102.41041526359,83.4996698877508,69.2528306038755,88.0584416502194,69.5422498701061,93.8607900364743,82.075895427302,75.0321874528469,88.9197825838197,72.684633549877,65.9654142194981,85.1966568215741,60.2512893178359,85.5581485735127,79.1208111203334,79.8552417852816,72.1834337417212,74.5828978808249,71.0410425823862,69.1625821531684,74.8125855512708,67.4919678350762,77.2553868327983,72.0576255028534,60.0240514575259,102.41041526359,83.4996698877508,69.2528306038755,88.0584416502194,69.5422498701061,93.8607900364743,82.075895427302,75.0321874528469,88.9197825838197,72.684633549877,65.9654142194981,85.1966568215741
74.9732038490388,95.1147581684115,91.3422668747154,80.8470649279682,81.1799807864238,82.0683832178857,79.1601637676172,76.5743101425629,89.2950958997484,71.8135226567269,80.5832167264652,74.7810780233288,62.4765682031546,83.4996698877508,109.43666228377,76.7167579917242,88.4415297852229,76.2447053674666,90.418619270375,87.0051295281325,90.2281065650631,93.448560049213,84.5472473065393,68.4770089559505,72.3512354348611,74.9732038490388,95.1147581684115,91.3422668747154,80.8470649279682,81.1799807864238,82.0683832178857,79.1601637676172,76.5743101425629,89.2950958997484,71.8135226567269,80.5832167264652,74.7810780233288,62.4765682031546,83.4996698877508,109.43666228377,76.7167579917242,88.4415297852229,76.2447053674666,90.418619270375,87.0051295281325,90.2281065650631,93.448560049213,84.5472473065393,68.4770089559505,72.3512354348611
51.4609914674721,72.2969189269268,71.5774716881266,59.4791159118481,64.0393226805113,67.6515031731745,66.0368222459517,60.1611248709034,68.7805166126196,61.9159734160379,68.2977526874157,67.7658909023413,59.634656992246,69.2528306038755,76.7167579917242,80.873363222267,79.9883455568258,57.1426863567866,76.2959486073615,67.7446197347257,69.9825755628144,75.8239009293513,66.3154394108843,59.0919510751142,65.6936989329958,51.4609914674721,72.2969189269268,71.5774716881266,59.4791159118481,64.0393226805113,67.6515031731745,66.0368222459517,60.1611248709034,68.7805166126196,61.9159734160379,68.2977526874157,67.7658909023413,59.634656992246,69.2528306038755,76.7167579917242,80.873363222267,79.9883455568258,57.1426863567866,76.2959486073615,67.7446197347257,69.9825755628144,75.8239009293513,66.3154394108843,59.0919510751142,65.6936989329958
68.0447648819316,84.9816042490323,80.7035013036159,74.611119532769,78.5184036619528,78.7726128540889,72.8780833414703,81.1679940568769,89.9931082159336,75.7724810006449,74.0992065161817,79.1704577584627,71.9508202791357,88.0584416502194,88.4415297852229,79.9883455568258,105.299680522352,71.2450479959909,96.3918950972443,87.4632227671907,80.4281502334094,89.2491389847461,77.2882495278675,63.0585873422236,80.5269476007251,68.0447648819316,84.9816042490323,80.7035013036159,74.611119532769,78.5184036619528,78.7726128540889,72.8780833414703,81.1679940568769,89.9931082159336,75.7724810006449,74.0992065161817,79.1704577584627,71.9508202791357,88.0584416502194,88.4415297852229,79.9883455568258,105.299680522352,71.2450479959909,96.3918950972443,87.4632227671907,80.4281502334094,89.2491389847461,77.2882495278675,63.0585873422236,80.5269476007251
58.9786711840979,80.6760097799383,76.3391913785763,65.9667133463749,70.9470859896616,76.6430344630641,62.2487780011261,66.4026365137621,74.9728905316215,61.9754351416027,61.3288135273237,78.2735189469951,60.690260436292,69.5422498701061,76.2447053674666,57.1426863567866,71.2450479959909,97.6751238379072,72.3054764294094,85.5763898867349,72.2184842335323,81.4289377351039,67.0684896195504,64.8963981731287,64.8099390166274,58.9786711840979,80.6760097799383,76.3391913785763,65.9667133463749,70.9470859896616,76.6430344630641,62.2487780011261,66.4026365137621,74.9728905316215,61.9754351416027,61.3288135273237,78.2735189469951,60.690260436292,69.5422498701061,76.2447053674666,57.1426863567866,71.2450479959909,97.6751238379072,72.3054764294094,85.5763898867349,72.2184842335323,81.4289377351039,67.0684896195504,64.8963981731287,64.8099390166274
81.4306016308143,92.1046800777345,96.9694061871287,77.4648872852775,73.9740039752382,84.4458960159529,80.0415125820635,80.9783945709308,84.8279886805384,81.5010101202703,86.0222928675745,78.8157841202778,79.5505909611531,93.8607900364743,90.418619270375,76.2959486073615,96.3918950972443,72.3054764294094,125.679606956847,95.9926622919955,89.8611331756312,96.4815030825918,78.2398499355544,75.1657335512689,91.6516634554223,81.4306016308143,92.1046800777345,96.9694061871287,77.4648872852775,73.9740039752382,84.4458960159529,80.0415125820635,80.9783945709308,84.8279886805384,81.5010101202703,86.0222928675745,78.8157841202778,79.5505909611531,93.8607900364743,90.418619270375,76.2959486073615,96.3918950972443,72.3054764294094,125.679606956847,95.9926622919955,89.8611331756312,96.4815030825918,78.2398499355544,75.1657335512689,91.6516634554223
73.5753050250301,88.8512808710774,92.8258108373617,82.004218211907,77.8759915761882,79.8864638907902,70.1577169334654,83.8814089675815,84.9723126405518,72.8225232983664,80.9109438131082,81.1954031360845,65.0166796920258,82.075895427302,87.0051295281325,67.7446197347257,87.4632227671907,85.5763898867349,95.9926622919955,112.232332221124,81.2239724141775,90.4041051816605,77.1151214874975,66.2980183479261,87.4634995924776,73.5753050250301,88.8512808710774,92.8258108373617,82.004218211907,77.8759915761882,79.8864638907902,70.1577169334654,83.8814089675815,84.9723126405518,72.8225232983664,80.9109438131082,81.1954031360845,65.0166796920258,82.075895427302,87.0051295281325,67.7446197347257,87.4632227671907,85.5763898867349,95.9926622919955,112.232332221124,81.2239724141775,90.4041051816605,77.1151214874975,66.2980183479261,87.4634995924776
64.0396543898403,86.9147836485899,90.4693331060906,68.4664254728383,75.7526180918989,71.6687506160096,68.7694882506426,71.0649577357465,79.5029342352816,69.3184379829636,79.4428645896573,69.6891456300647,62.0325277481681,75.0321874528469,90.2281065650631,69.9825755628144,80.4281502334094,72.2184842335323,89.8611331756312,81.2239724141775,96.6846017150926,85.4343512750932,73.7909764050857,69.7133872280634,71.9133801208306,64.0396543898403,86.9147836485899,90.4693331060906,68.4664254728383,75.7526180918989,71.6687506160096,68.7694882506426,71.0649577357465,79.5029342352816,69.3184379829636,79.4428645896573,69.6891456300647,62.0325277481681,75.0321874528469,90.2281065650631,69.9825755628144,80.4281502334094,72.2184842335323,89.8611331756312,81.2239724141775,96.6846017150926,85.4343512750932,73.7909764050857,69.7133872280634,71.9133801208306
73.1992395543134,90.5990653992121,92.5955218870302,78.5588794641959,76.9768701087928,85.7430379298121,73.4761571626566,78.4172338402224,87.7068703291168,79.0649627941013,80.753959047742,81.5122966569083,70.1485503820871,88.9197825838197,93.448560049213,75.8239009293513,89.2491389847461,81.4289377351039,96.4815030825918,90.4041051816605,85.4343512750932,107.526300771919,81.6604933876178,80.6834005371912,82.8384127226788,73.1992395543134,90.5990653992121,92.5955218870302,78.5588794641959,76.9768701087928,85.7430379298121,73.4761571626566,78.4172338402224,87.7068703291168,79.0649627941013,80.753959047742,81.5122966569083,70.1485503820871,88.9197825838197,93.448560049213,75.8239009293513,89.2491389847461,81.4289377351039,96.4815030825918,90.4041051816605,85.4343512750932,107.526300771919,81.6604933876178,80.6834005371912,82.8384127226788
59.6276207692145,79.9628817008382,75.640203004278,69.267724598237,65.3903683973382,70.667676031076,59.0100815933821,69.8580928764986,68.5242295415405,62.1807507000783,69.4077510824773,69.0141489005102,55.7669764928599,72.684633549877,84.5472473065393,66.3154394108843,77.2882495278675,67.0684896195504,78.2398499355544,77.1151214874975,73.7909764050857,81.6604933876178,80.2038435903198,63.9817816690513,70.2623994443501,59.6276207692145,79.9628817008382,75.640203004278,69.267724598237,65.3903683973382,70.667676031076,59.0100815933821,69.8580928764986,68.5242295415405,62.1807507000783,69.4077510824773,69.0141489005102,55.7669764928599,72.684633549877,84.5472473065393,66.3154394108843,77.2882495278675,67.0684896195504,78.2398499355544,77.1151214874975,73.7909764050857,81.6604933876178,80.2038435903198,63.9817816690513,70.2623994443501
52.0793330340102,72.0882849236987,73.8435044146202,54.6831656714687,57.6858000368101,64.405414375578,60.3835447217808,48.8469152810097,61.2811104756187,62.020812954821,66.4326221706099,68.2353221091362,56.7064611434529,65.9654142194981,68.4770089559505,59.0919510751142,63.0585873422236,64.8963981731287,75.1657335512689,66.2980183479261,69.7133872280634,80.6834005371912,63.9817816690513,81.9864737345446,65.9888701455958,52.0793330340102,72.0882849236987,73.8435044146202,54.6831656714687,57.6858000368101,64.405414375578,60.3835447217808,48.8469152810097,61.2811104756187,62.020812954821,66.4326221706099,68.2353221091362,56.7064611434529,65.9654142194981,68.4770089559505,59.0919510751142,63.0585873422236,64.8963981731287,75.1657335512689,66.2980183479261,69.7133872280634,80.6834005371912,63.9817816690513,81.9864737345446,65.9888701455958
63.6219845215934,76.057829722704,78.5244533527039,70.3823194287692,66.7995490799324,74.1709015555864,57.9011308633492,70.4068533522101,66.1544223328533,66.1072706109529,74.710730119437,71.247014628294,58.9333817999821,85.1966568215741,72.3512354348611,65.6936989329958,80.5269476007251,64.8099390166274,91.6516634554223,87.4634995924776,71.9133801208306,82.8384127226788,70.2623994443501,65.9888701455958,91.5141875110947,63.6219845215934,76.057829722704,78.5244533527039,70.3823194287692,66.7995490799324,74.1709015555864,57.9011308633492,70.4068533522101,66.1544223328533,66.1072706109529,74.710730119437,71.247014628294,58.9333817999821,85.1966568215741,72.3512354348611,65.6936989329958,80.5269476007251,64.8099390166274,91.6516634554223,87.4634995924776,71.9133801208306,82.8384127226788,70.2623994443501,65.9888701455958,91.5141875110947
74.5437598908174,67.0609011038474,73.8384409425036,55.1300405271256,53.0439443271334,74.5427939962551,52.0362916952885,62.5502585153797,65.9843895788254,57.4395312248821,59.2364076670745,54.8316136804982,55.435576784252,60.2513853393712,74.973299870574,51.4610874890073,68.0448609034669,58.9787672056331,81.4306976523495,73.5754010465653,64.0397504113755,73.1993355758486,59.6277167907497,52.0794290555454,63.6220805431286,74.5437598908174,67.0609011038474,73.8384409425036,55.1300405271256,53.0439443271334,74.5427939962551,52.0362916952885,62.5502585153797,65.9843895788254,57.4395312248821,59.2364076670745,54.8316136804982,55.435576784252,60.2513853393712,74.973299870574,51.4610874890073,68.0448609034669,58.9787672056331,81.4306976523495,73.5754010465653,64.0397504113755,73.1993355758486,59.6277167907497,52.0794290555454,63.6220805431286
67.0608050823122,108.885001737848,91.0467185324759,81.4451040265494,74.5861125810578,79.0615560266249,68.8890195474237,79.8364360297067,75.2884211268591,71.3851218670395,79.1291696135744,81.2449899740643,64.0981996598785,85.5581485735127,95.1147581684115,72.2969189269268,84.9816042490323,80.6760097799383,92.1046800777345,88.8512808710774,86.9147836485899,90.5990653992121,79.9628817008382,72.0882849236987,76.057829722704,67.0608050823122,108.885001737848,91.0467185324759,81.4451040265494,74.5861125810578,79.0615560266249,68.8890195474237,79.8364360297067,75.2884211268591,71.3851218670395,79.1291696135744,81.2449899740643,64.0981996598785,85.5581485735127,95.1147581684115,72.2969189269268,84.9816042490323,80.6760097799383,92.1046800777345,88.8512808710774,86.9147836485899,90.5990653992121,79.9628817008382,72.0882849236987,76.057829722704
73.8383449209683,91.0467185324759,106.222976099752,76.7443767333374,69.3188870341057,80.3921453658894,64.5101000583835,74.994815786035,80.3389230664255,69.0303209934066,80.5928900884728,73.7899142777165,56.3557635963696,79.1208111203334,91.3422668747154,71.5774716881266,80.7035013036159,76.3391913785763,96.9694061871287,92.8258108373617,90.4693331060906,92.5955218870302,75.640203004278,73.8435044146202,78.5244533527039,73.8383449209683,91.0467185324759,106.222976099752,76.7443767333374,69.3188870341057,80.3921453658894,64.5101000583835,74.994815786035,80.3389230664255,69.0303209934066,80.5928900884728,73.7899142777165,56.3557635963696,79.1208111203334,91.3422668747154,71.5774716881266,80.7035013036159,76.3391913785763,96.9694061871287,92.8258108373617,90.4693331060906,92.5955218870302,75.640203004278,73.8435044146202,78.5244533527039
55.1299445055904,81.4451040265494,76.7443767333374,80.7683779387373,64.6024671154613,63.478995298575,56.7245583236399,69.8648243128859,66.9932658340169,59.6431010514084,63.0685286964113,66.0159964615998,46.0866407767528,79.8552417852816,80.8470649279682,59.4791159118481,74.611119532769,65.9667133463749,77.4648872852775,82.004218211907,68.4664254728383,78.5588794641959,69.267724598237,54.6831656714687,70.3823194287692,55.1299445055904,81.4451040265494,76.7443767333374,80.7683779387373,64.6024671154613,63.478995298575,56.7245583236399,69.8648243128859,66.9932658340169,59.6431010514084,63.0685286964113,66.0159964615998,46.0866407767528,79.8552417852816,80.8470649279682,59.4791159118481,74.611119532769,65.9667133463749,77.4648872852775,82.004218211907,68.4664254728383,78.5588794641959,69.267724598237,54.6831656714687,70.3823194287692
53.0438483055982,74.5861125810578,69.3188870341057,64.6024671154613,100.268082339301,69.9526377050138,78.9585601700757,71.4188250100528,74.573625220928,65.128515317148,70.0027641902479,74.1497006165105,68.4785199479522,72.1834337417212,81.1799807864238,64.0393226805113,78.5184036619528,70.9470859896616,73.9740039752382,77.8759915761882,75.7526180918989,76.9768701087928,65.3903683973382,57.6858000368101,66.7995490799324,53.0438483055982,74.5861125810578,69.3188870341057,64.6024671154613,100.268082339301,69.9526377050138,78.9585601700757,71.4188250100528,74.573625220928,65.128515317148,70.0027641902479,74.1497006165105,68.4785199479522,72.1834337417212,81.1799807864238,64.0393226805113,78.5184036619528,70.9470859896616,73.9740039752382,77.8759915761882,75.7526180918989,76.9768701087928,65.3903683973382,57.6858000368101,66.7995490799324
74.5426979747199,79.0615560266249,80.3921453658894,63.478995298575,69.9526377050138,98.2140372078426,67.3589658827436,70.7329627297668,68.8855347066638,63.901876407297,68.4587888309587,73.9039454346152,73.4303659392932,74.5828978808249,82.0683832178857,67.6515031731745,78.7726128540889,76.6430344630641,84.4458960159529,79.8864638907902,71.6687506160096,85.7430379298121,70.667676031076,64.405414375578,74.1709015555864,74.5426979747199,79.0615560266249,80.3921453658894,63.478995298575,69.9526377050138,98.2140372078426,67.3589658827436,70.7329627297668,68.8855347066638,63.901876407297,68.4587888309587,73.9039454346152,73.4303659392932,74.5828978808249,82.0683832178857,67.6515031731745,78.7726128540889,76.6430344630641,84.4458960159529,79.8864638907902,71.6687506160096,85.7430379298121,70.667676031076,64.405414375578,74.1709015555864
52.0361956737533,68.8890195474237,64.5101000583835,56.7245583236399,78.9585601700757,67.3589658827436,97.3093175805263,56.7191162943164,76.9197259151585,67.5242322693262,66.0254515482377,70.8668499339901,70.6719658913751,71.0410425823862,79.1601637676172,66.0368222459517,72.8780833414703,62.2487780011261,80.0415125820635,70.1577169334654,68.7694882506426,73.4761571626566,59.0100815933821,60.3835447217808,57.9011308633492,52.0361956737533,68.8890195474237,64.5101000583835,56.7245583236399,78.9585601700757,67.3589658827436,97.3093175805263,56.7191162943164,76.9197259151585,67.5242322693262,66.0254515482377,70.8668499339901,70.6719658913751,71.0410425823862,79.1601637676172,66.0368222459517,72.8780833414703,62.2487780011261,80.0415125820635,70.1577169334654,68.7694882506426,73.4761571626566,59.0100815933821,60.3835447217808,57.9011308633492
62.5501624938445,79.8364360297067,74.994815786035,69.8648243128859,71.4188250100528,70.7329627297668,56.7191162943164,85.4767083392096,70.137010789177,64.4136568359445,59.4858509276161,71.1821145762172,61.3272663727013,69.1625821531684,76.5743101425629,60.1611248709034,81.1679940568769,66.4026365137621,80.9783945709308,83.8814089675815,71.0649577357465,78.4172338402224,69.8580928764986,48.8469152810097,70.4068533522101,62.5501624938445,79.8364360297067,74.994815786035,69.8648243128859,71.4188250100528,70.7329627297668,56.7191162943164,85.4767083392096,70.137010789177,64.4136568359445,59.4858509276161,71.1821145762172,61.3272663727013,69.1625821531684,76.5743101425629,60.1611248709034,81.1679940568769,66.4026365137621,80.9783945709308,83.8814089675815,71.0649577357465,78.4172338402224,69.8580928764986,48.8469152810097,70.4068533522101
65.9842935572902,75.2884211268591,80.3389230664255,66.9932658340169,74.573625220928,68.8855347066638,76.9197259151585,70.137010789177,102.625112515986,77.2244599750068,68.9311098601339,74.6288681846881,62.3073657240782,74.8125855512708,89.2950958997484,68.7805166126196,89.9931082159336,74.9728905316215,84.8279886805384,84.9723126405518,79.5029342352816,87.7068703291168,68.5242295415405,61.2811104756187,66.1544223328533,65.9842935572902,75.2884211268591,80.3389230664255,66.9932658340169,74.573625220928,68.8855347066638,76.9197259151585,70.137010789177,102.625112515986,77.2244599750068,68.9311098601339,74.6288681846881,62.3073657240782,74.8125855512708,89.2950958997484,68.7805166126196,89.9931082159336,74.9728905316215,84.8279886805384,84.9723126405518,79.5029342352816,87.7068703291168,68.5242295415405,61.2811104756187,66.1544223328533
57.4394352033469,71.3851218670395,69.0303209934066,59.6431010514084,65.128515317148,63.901876407297,67.5242322693262,64.4136568359445,77.2244599750068,78.0694607931198,62.6337253133692,70.4012851370467,63.1989134079334,67.4919678350762,71.8135226567269,61.9159734160379,75.7724810006449,61.9754351416027,81.5010101202703,72.8225232983664,69.3184379829636,79.0649627941013,62.1807507000783,62.020812954821,66.1072706109529,57.4394352033469,71.3851218670395,69.0303209934066,59.6431010514084,65.128515317148,63.901876407297,67.5242322693262,64.4136568359445,77.2244599750068,78.0694607931198,62.6337253133692,70.4012851370467,63.1989134079334,67.4919678350762,71.8135226567269,61.9159734160379,75.7724810006449,61.9754351416027,81.5010101202703,72.8225232983664,69.3184379829636,79.0649627941013,62.1807507000783,62.020812954821,66.1072706109529
59.2363116455393,79.1291696135744,80.5928900884728,63.0685286964113,70.0027641902479,68.4587888309587,66.0254515482377,59.4858509276161,68.9311098601339,62.6337253133692,88.1609016989014,61.3867337127396,57.6212035640043,77.2553868327983,80.5832167264652,68.2977526874157,74.0992065161817,61.3288135273237,86.0222928675745,80.9109438131082,79.4428645896573,80.753959047742,69.4077510824773,66.4326221706099,74.710730119437,59.2363116455393,79.1291696135744,80.5928900884728,63.0685286964113,70.0027641902479,68.4587888309587,66.0254515482377,59.4858509276161,68.9311098601339,62.6337253133692,88.1609016989014,61.3867337127396,57.6212035640043,77.2553868327983,80.5832167264652,68.2977526874157,74.0992065161817,61.3288135273237,86.0222928675745,80.9109438131082,79.4428645896573,80.753959047742,69.4077510824773,66.4326221706099,74.710730119437
54.8315176589629,81.2449899740643,73.7899142777165,66.0159964615998,74.1497006165105,73.9039454346152,70.8668499339901,71.1821145762172,74.6288681846881,70.4012851370467,61.3867337127396,86.9463370553061,69.4441268247275,72.0576255028534,74.7810780233288,67.7658909023413,79.1704577584627,78.2735189469951,78.8157841202778,81.1954031360845,69.6891456300647,81.5122966569083,69.0141489005102,68.2353221091362,71.247014628294,54.8315176589629,81.2449899740643,73.7899142777165,66.0159964615998,74.1497006165105,73.9039454346152,70.8668499339901,71.1821145762172,74.6288681846881,70.4012851370467,61.3867337127396,86.9463370553061,69.4441268247275,72.0576255028534,74.7810780233288,67.7658909023413,79.1704577584627,78.2735189469951,78.8157841202778,81.1954031360845,69.6891456300647,81.5122966569083,69.0141489005102,68.2353221091362,71.247014628294
55.4354807627168,64.0981996598785,56.3557635963696,46.0866407767528,68.4785199479522,73.4303659392932,70.6719658913751,61.3272663727013,62.3073657240782,63.1989134079334,57.6212035640043,69.4441268247275,85.780059982051,60.0240514575259,62.4765682031546,59.634656992246,71.9508202791357,60.690260436292,79.5505909611531,65.0166796920258,62.0325277481681,70.1485503820871,55.7669764928599,56.7064611434529,58.9333817999821,55.4354807627168,64.0981996598785,56.3557635963696,46.0866407767528,68.4785199479522,73.4303659392932,70.6719658913751,61.3272663727013,62.3073657240782,63.1989134079334,57.6212035640043,69.4441268247275,85.780059982051,60.0240514575259,62.4765682031546,59.634656992246,71.9508202791357,60.690260436292,79.5505909611531,65.0166796920258,62.0325277481681,70.1485503820871,55.7669764928599,56.7064611434529,58.9333817999821
60.2512893178359,85.5581485735127,79.1208111203334,79.8552417852816,72.1834337417212,74.5828978808249,71.0410425823862,69.1625821531684,74.8125855512708,67.4919678350762,77.2553868327983,72.0576255028534,60.0240514575259,102.41041526359,83.4996698877508,69.2528306038755,88.0584416502194,69.5422498701061,93.8607900364743,82.075895427302,75.0321874528469,88.9197825838197,72.684633549877,65.9654142194981,85.1966568215741,60.2512893178359,85.5581485735127,79.1208111203334,79.8552417852816,72.1834337417212,74.5828978808249,71.0410425823862,69.1625821531684,74.8125855512708,67.4919678350762,77.2553868327983,72.0576255028534,60.0240514575259,102.41041526359,83.4996698877508,69.2528306038755,88.0584416502194,69.5422498701061,93.8607900364743,82.075895427302,75.0321874528469,88.9197825838197,72.684633549877,65.9654142194981,85.1966568215741
74.9732038490388,95.1147581684115,91.3422668747154,80.8470649279682,81.1799807864238,82.0683832178857,79.1601637676172,76.5743101425629,89.2950958997484,71.8135226567269,80.5832167264652,74.7810780233288,62.4765682031546,83.4996698877508,109.43666228377,76.7167579917242,88.4415297852229,76.2447053674666,90.418619270375,87.0051295281325,90.2281065650631,93.448560049213,84.5472473065393,68.4770089559505,72.3512354348611,74.9732038490388,95.1147581684115,91.3422668747154,80.8470649279682,81.1799807864238,82.0683832178857,79.1601637676172,76.5743101425629,89.2950958997484,71.8135226567269,80.5832167264652,74.7810780233288,62.4765682031546,83.4996698877508,109.43666228377,76.7167579917242,88.4415297852229,76.2447053674666,90.418619270375,87.0051295281325,90.2281065650631,93.448560049213,84.5472473065393,68.4770089559505,72.3512354348611
51.4609914674721,72.2969189269268,71.5774716881266,59.4791159118481,64.0393226805113,67.6515031731745,66.0368222459517,60.1611248709034,68.7805166126196,61.9159734160379,68.2977526874157,67.7658909023413,59.634656992246,69.2528306038755,76.7167579917242,80.873363222267,79.9883455568258,57.1426863567866,76.2959486073615,67.7446197347257,69.9825755628144,75.8239009293513,66.3154394108843,59.0919510751142,65.6936989329958,51.4609914674721,72.2969189269268,71.5774716881266,59.4791159118481,64.0393226805113,67.6515031731745,66.0368222459517,60.1611248709034,68.7805166126196,61.9159734160379,68.2977526874157,67.7658909023413,59.634656992246,69.2528306038755,76.7167579917242,80.873363222267,79.9883455568258,57.1426863567866,76.2959486073615,67.7446197347257,69.9825755628144,75.8239009293513,66.3154394108843,59.0919510751142,65.6936989329958
68.0447648819316,84.9816042490323,80.7035013036159,74.611119532769,78.5184036619528,78.7726128540889,72.8780833414703,81.1679940568769,89.9931082159336,75.7724810006449,74.0992065161817,79.1704577584627,71.9508202791357,88.0584416502194,88.4415297852229,79.9883455568258,105.299680522352,71.2450479959909,96.3918950972443,87.4632227671907,80.4281502334094,89.2491389847461,77.2882495278675,63.0585873422236,80.5269476007251,68.0447648819316,84.9816042490323,80.7035013036159,74.611119532769,78.5184036619528,78.7726128540889,72.8780833414703,81.1679940568769,89.9931082159336,75.7724810006449,74.0992065161817,79.1704577584627,71.9508202791357,88.0584416502194,88.4415297852229,79.9883455568258,105.299680522352,71.2450479959909,96.3918950972443,87.4632227671907,80.4281502334094,89.2491389847461,77.2882495278675,63.0585873422236,80.5269476007251
58.9786711840979,80.6760097799383,76.3391913785763,65.9667133463749,70.9470859896616,76.6430344630641,62.2487780011261,66.4026365137621,74.9728905316215,61.9754351416027,61.3288135273237,78.2735189469951,60.690260436292,69.5422498701061,76.2447053674666,57.1426863567866,71.2450479959909,97.6751238379072,72.3054764294094,85.5763898867349,72.2184842335323,81.4289377351039,67.0684896195504,64.8963981731287,64.8099390166274,58.9786711840979,80.6760097799383,76.3391913785763,65.9667133463749,70.9470859896616,76.6430344630641,62.2487780011261,66.4026365137621,74.9728905316215,61.9754351416027,61.3288135273237,78.2735189469951,60.690260436292,69.5422498701061,76.2447053674666,57.1426863567866,71.2450479959909,97.6751238379072,72.3054764294094,85.5763898867349,72.2184842335323,81.4289377351039,67.0684896195504,64.8963981731287,64.8099390166274
81.4306016308143,92.1046800777345,96.9694061871287,77.4648872852775,73.9740039752382,84.4458960159529,80.0415125820635,80.9783945709308,84.8279886805384,81.5010101202703,86.0222928675745,78.8157841202778,79.5505909611531,93.8607900364743,90.418619270375,76.2959486073615,96.3918950972443,72.3054764294094,125.679606956847,95.9926622919955,89.8611331756312,96.4815030825918,78.2398499355544,75.1657335512689,91.6516634554223,81.4306016308143,92.1046800777345,96.9694061871287,77.4648872852775,73.9740039752382,84.4458960159529,80.0415125820635,80.9783945709308,84.8279886805384,81.5010101202703,86.0222928675745,78.8157841202778,79.5505909611531,93.8607900364743,90.418619270375,76.2959486073615,96.3918950972443,72.3054764294094,125.679606956847,95.9926622919955,89.8611331756312,96.4815030825918,78.2398499355544,75.1657335512689,91.6516634554223
73.5753050250301,88.8512808710774,92.8258108373617,82.004218211907,77.8759915761882,79.8864638907902,70.1577169334654,83.8814089675815,84.9723126405518,72.8225232983664,80.9109438131082,81.1954031360845,65.0166796920258,82.075895427302,87.0051295281325,67.7446197347257,87.4632227671907,85.5763898867349,95.9926622919955,112.232332221124,81.2239724141775,90.4041051816605,77.1151214874975,66.2980183479261,87.4634995924776,73.5753050250301,88.8512808710774,92.8258108373617,82.004218211907,77.8759915761882,79.8864638907902,70.1577169334654,83.8814089675815,84.9723126405518,72.8225232983664,80.9109438131082,81.1954031360845,65.0166796920258,82.075895427302,87.0051295281325,67.7446197347257,87.4632227671907,85.5763898867349,95.9926622919955,112.232332221124,81.2239724141775,90.4041051816605,77.1151214874975,66.2980183479261,87.4634995924776
64.0396543898403,86.9147836485899,90.4693331060906,68.4664254728383,75.7526180918989,71.6687506160096,68.7694882506426,71.0649577357465,79.5029342352816,69.3184379829636,79.4428645896573,69.6891456300647,62.0325277481681,75.0321874528469,90.2281065650631,69.9825755628144,80.4281502334094,72.2184842335323,89.8611331756312,81.2239724141775,96.6846017150926,85.4343512750932,73.7909764050857,69.7133872280634,71.9133801208306,64.0396543898403,86.9147836485899,90.4693331060906,68.4664254728383,75.7526180918989,71.6687506160096,68.7694882506426,71.0649577357465,79.5029342352816,69.3184379829636,79.4428645896573,69.6891456300647,62.0325277481681,75.0321874528469,90.2281065650631,69.9825755628144,80.4281502334094,72.2184842335323,89.8611331756312,81.2239724141775,96.6846017150926,85.4343512750932,73.7909764050857,69.7133872280634,71.9133801208306
73.1992395543134,90.5990653992121,92.5955218870302,78.5588794641959,76.9768701087928,85.7430379298121,73.4761571626566,78.4172338402224,87.7068703291168,79.0649627941013,80.753959047742,81.5122966569083,70.1485503820871,88.9197825838197,93.448560049213,75.8239009293513,89.2491389847461,81.4289377351039,96.4815030825918,90.4041051816605,85.4343512750932,107.526300771919,81.6604933876178,80.6834005371912,82.8384127226788,73.1992395543134,90.5990653992121,92.5955218870302,78.5588794641959,76.9768701087928,85.7430379298121,73.4761571626566,78.4172338402224,87.7068703291168,79.0649627941013,80.753959047742,81.5122966569083,70.1485503820871,88.9197825838197,93.448560049213,75.8239009293513,89.2491389847461,81.4289377351039,96.4815030825918,90.4041051816605,85.4343512750932,107.526300771919,81.6604933876178,80.6834005371912,82.8384127226788
