178.067770272419,177.620689460718,155.099381278843,149.377634512134,150.580841729192,176.210767383473,159.003681600586,146.768541137511,141.503075700551,143.800590611869,159.812586484441,151.136564094602,154.865871459179,171.492033470265,171.978750925315,162.802347764308,154.01370695134,175.952082689048,165.494224815213,150.933025731042,164.964999360699,172.074294922191,186.942655917727,156.406379264222,153.068399190565,121.413291560237,151.723661419677,171.964766813612,136.439008072448,155.44119659019,163.12327890476,180.125704234351,163.04863244016,149.155986619043,172.514794721204,142.209908986962,151.567900760418,145.110754462673,159.654210917013,146.946938821068,156.146317622512,167.507002890096,153.432139257931,177.633615143098,194.781764553209,144.058372264774,152.141270792856,140.424767885598,169.804706199848,176.442696514622,178.067770272419,177.620689460718,155.099381278843,149.377634512134,150.580841729192,176.210767383473,159.003681600586,146.768541137511,141.503075700551,143.800590611869,159.812586484441,151.136564094602,154.865871459179,171.492033470265,171.978750925315,162.802347764308,154.01370695134,175.952082689048,165.494224815213,150.933025731042,164.964999360699,172.074294922191,186.942655917727,156.406379264222,153.068399190565,121.413291560237,151.723661419677,171.964766813612,136.439008072448,155.44119659019,163.12327890476,180.125704234351,163.04863244016,149.155986619043,172.514794721204,142.209908986962,151.567900760418,145.110754462673,159.654210917013,146.946938821068,156.146317622512,167.507002890096,153.432139257931,177.633615143098,194.781764553209,144.058372264774,152.141270792856,140.424767885598,169.804706199848,176.442696514622
177.620688653874,287.418064010084,204.728715530283,194.540761811146,209.820419578791,225.854519793679,195.497622539731,198.305867208889,186.598957707466,198.502018137979,206.393638920302,200.62136150626,206.14033975081,210.026878124416,238.966509539376,221.558147782385,205.914701562246,232.476549703194,223.680019862343,203.529174141382,229.572026747078,234.876454638977,256.366465495699,212.714719014317,223.197607301824,175.508502712969,199.085184450863,217.589651333099,184.006609596097,198.326083659327,231.40079940561,232.950111738192,232.784596081422,183.81308491668,227.59806884998,202.465227612196,201.590396325931,184.102073861921,220.906984220575,183.998588267357,222.27460836874,223.988394847282,204.591112404206,234.29370355827,252.108370524729,200.685981413887,206.534378917239,201.579568854833,227.251539886138,238.396945254616,177.620688653874,287.418064010084,204.728715530283,194.540761811146,209.820419578791,225.854519793679,195.497622539731,198.305867208889,186.598957707466,198.502018137979,206.393638920302,200.62136150626,206.14033975081,210.026878124416,238.966509539376,221.558147782385,205.914701562246,232.476549703194,223.680019862343,203.529174141382,229.572026747078,234.876454638977,256.366465495699,212.714719014317,223.197607301824,175.508502712969,199.085184450863,217.589651333099,184.006609596097,198.326083659327,231.40079940561,232.950111738192,232.784596081422,183.81308491668,227.59806884998,202.465227612196,201.590396325931,184.102073861921,220.906984220575,183.998588267357,222.27460836874,223.988394847282,204.591112404206,234.29370355827,252.108370524729,200.685981413887,206.534378917239,201.579568854833,227.251539886138,238.396945254616
155.099380471999,204.728715530283,220.905775009087,177.500951401994,176.686011521288,203.631135194327,184.266278382358,160.422002963214,142.317097710751,157.438734557056,186.351641105071,170.020712313744,179.619524078244,198.457470491257,210.717340232201,190.05935137259,169.809031846937,195.927264204142,190.009719977843,183.887372088353,195.241542371814,182.646488107541,205.854275974304,185.11109347254,191.647396431424,146.972970755107,181.596756827825,195.293016432945,155.211376071306,171.948056078903,186.865686039898,183.787520739136,190.650677953335,158.176171822872,186.32815502305,175.203334918127,192.888717121041,172.403536918895,192.864183353446,173.335168584918,176.239335102655,182.238117171709,180.810609543567,197.222724180313,214.343727564117,151.741229184236,192.158118346004,162.337325440919,192.266800041787,196.379586839641,155.099380471999,204.728715530283,220.905775009087,177.500951401994,176.686011521288,203.631135194327,184.266278382358,160.422002963214,142.317097710751,157.438734557056,186.351641105071,170.020712313744,179.619524078244,198.457470491257,210.717340232201,190.05935137259,169.809031846937,195.927264204142,190.009719977843,183.887372088353,195.241542371814,182.646488107541,205.854275974304,185.11109347254,191.647396431424,146.972970755107,181.596756827825,195.293016432945,155.211376071306,171.948056078903,186.865686039898,183.787520739136,190.650677953335,158.176171822872,186.32815502305,175.203334918127,192.888717121041,172.403536918895,192.864183353446,173.335168584918,176.239335102655,182.238117171709,180.810609543567,197.222724180313,214.343727564117,151.741229184236,192.158118346004,162.337325440919,192.266800041787,196.379586839641
149.377633705291,194.540761811146,177.500951401994,207.874052971101,171.398503275431,184.196777213477,186.802678393125,169.040652637091,151.995297645409,161.641155165841,172.27939773989,181.586333780378,167.347115351222,175.294027855818,186.35578662124,184.257249095378,168.687212697024,189.024858272519,179.996230458708,166.670713100543,174.944111264384,177.37014768855,204.463799460297,169.678547029707,180.809407837547,145.05082728592,175.249299876037,185.443927326122,141.265287082211,173.861832686766,171.897438477398,189.550596312988,186.659027389097,154.828788824559,179.213929872263,157.728792382176,179.946493300439,158.161968667997,179.19925989729,143.802209410535,165.793356378752,175.183240873795,165.654343939122,190.685719379744,203.542135082103,161.474807685349,171.392294677195,178.251497581705,183.014657166042,183.056800925168,149.377633705291,194.540761811146,177.500951401994,207.874052971101,171.398503275431,184.196777213477,186.802678393125,169.040652637091,151.995297645409,161.641155165841,172.27939773989,181.586333780378,167.347115351222,175.294027855818,186.35578662124,184.257249095378,168.687212697024,189.024858272519,179.996230458708,166.670713100543,174.944111264384,177.37014768855,204.463799460297,169.678547029707,180.809407837547,145.05082728592,175.249299876037,185.443927326122,141.265287082211,173.861832686766,171.897438477398,189.550596312988,186.659027389097,154.828788824559,179.213929872263,157.728792382176,179.946493300439,158.161968667997,179.19925989729,143.802209410535,165.793356378752,175.183240873795,165.654343939122,190.685719379744,203.542135082103,161.474807685349,171.392294677195,178.251497581705,183.014657166042,183.056800925168
150.580840922348,209.820419578791,176.686011521288,171.398503275431,227.089886741129,189.978475045177,185.957008687741,167.888901312568,155.558349837853,165.494911623405,174.38462950741,176.430102870439,183.199469308692,189.375923784227,201.011320695162,188.196121324831,184.644002016374,207.484534218676,193.06234540239,177.982880153486,191.49663082387,183.660710589077,232.43965578845,186.409278867221,193.10346056085,145.54102752007,189.652293498031,189.358334442291,164.85317032015,177.337038939589,185.891657522612,200.796200871565,203.007644800437,174.163998151631,191.402127991495,177.538365359473,176.888882575982,153.21269209031,211.374810579051,157.815388358269,196.191873180445,197.337981193492,175.800796380813,211.51290291936,222.16752277758,176.322071740049,180.475078605605,168.812546986586,210.498927997214,193.59834179262,150.580840922348,209.820419578791,176.686011521288,171.398503275431,227.089886741129,189.978475045177,185.957008687741,167.888901312568,155.558349837853,165.494911623405,174.38462950741,176.430102870439,183.199469308692,189.375923784227,201.011320695162,188.196121324831,184.644002016374,207.484534218676,193.06234540239,177.982880153486,191.49663082387,183.660710589077,232.43965578845,186.409278867221,193.10346056085,145.54102752007,189.652293498031,189.358334442291,164.85317032015,177.337038939589,185.891657522612,200.796200871565,203.007644800437,174.163998151631,191.402127991495,177.538365359473,176.888882575982,153.21269209031,211.374810579051,157.815388358269,196.191873180445,197.337981193492,175.800796380813,211.51290291936,222.16752277758,176.322071740049,180.475078605605,168.812546986586,210.498927997214,193.59834179262
176.210766576629,225.854519793679,203.631135194327,184.196777213477,189.978475045177,257.914080374325,189.459806685911,197.863996581789,164.957080330049,193.088124307128,181.743920563785,193.780392133148,210.68264848894,203.580616732716,218.379153577627,216.498211683788,202.693891366994,222.017655763084,222.595478758294,199.036424853797,213.230839094642,202.86570093341,231.780127768847,193.749018206214,201.025647752666,158.075811466342,202.505417663026,228.05992199288,162.124164781492,200.969487825312,196.262878266568,214.393738997631,206.314770410514,187.715767722706,218.947821537867,177.650291972757,202.631091669505,178.216714555684,209.217545790662,179.667283599362,206.444629566989,200.425040784527,200.65574103763,228.304136220952,239.551813481106,171.034206931234,195.080310336397,179.411894564458,219.156471070962,233.28446742666,176.210766576629,225.854519793679,203.631135194327,184.196777213477,189.978475045177,257.914080374325,189.459806685911,197.863996581789,164.957080330049,193.088124307128,181.743920563785,193.780392133148,210.68264848894,203.580616732716,218.379153577627,216.498211683788,202.693891366994,222.017655763084,222.595478758294,199.036424853797,213.230839094642,202.86570093341,231.780127768847,193.749018206214,201.025647752666,158.075811466342,202.505417663026,228.05992199288,162.124164781492,200.969487825312,196.262878266568,214.393738997631,206.314770410514,187.715767722706,218.947821537867,177.650291972757,202.631091669505,178.216714555684,209.217545790662,179.667283599362,206.444629566989,200.425040784527,200.65574103763,228.304136220952,239.551813481106,171.034206931234,195.080310336397,179.411894564458,219.156471070962,233.28446742666
159.003680793742,195.497622539731,184.266278382358,186.802678393125,185.957008687741,189.459806685911,218.154049994126,163.858775440226,156.488798028843,164.685390706641,182.935524608975,176.75511813161,181.924121738889,181.210758878608,197.618845429732,191.714237643592,181.015299685328,203.03732183041,202.072327418314,167.421774196306,184.248673058054,170.080056585731,216.888660605783,183.989711830291,193.339102426106,152.338801547355,186.749348554864,207.542935755755,158.753970069998,163.110343986849,182.957997126296,196.232961933733,192.062778709864,168.661617768174,192.916738229975,164.239670370403,188.368024914935,164.23539117176,198.053164588575,169.247767710064,177.254937182287,195.015204174959,175.887077156191,201.529686591777,218.155284266365,162.909736055272,185.801322651014,175.680343906012,206.026472876671,182.657012065574,159.003680793742,195.497622539731,184.266278382358,186.802678393125,185.957008687741,189.459806685911,218.154049994126,163.858775440226,156.488798028843,164.685390706641,182.935524608975,176.75511813161,181.924121738889,181.210758878608,197.618845429732,191.714237643592,181.015299685328,203.03732183041,202.072327418314,167.421774196306,184.248673058054,170.080056585731,216.888660605783,183.989711830291,193.339102426106,152.338801547355,186.749348554864,207.542935755755,158.753970069998,163.110343986849,182.957997126296,196.232961933733,192.062778709864,168.661617768174,192.916738229975,164.239670370403,188.368024914935,164.23539117176,198.053164588575,169.247767710064,177.254937182287,195.015204174959,175.887077156191,201.529686591777,218.155284266365,162.909736055272,185.801322651014,175.680343906012,206.026472876671,182.657012065574
146.768540330667,198.305867208889,160.422002963214,169.040652637091,167.888901312568,197.863996581789,163.858775440226,221.058739594305,163.653189722214,163.726503811129,160.302538006456,189.682008257823,183.964495117693,183.168390245902,195.235405599712,183.304175070841,178.403572294992,198.294755648556,184.732021897094,174.589744963888,180.272639729637,183.022930869733,211.812380246902,167.540549651602,192.913973200608,142.852713670917,169.444534191379,187.611016193156,153.369980619202,182.416759841329,171.106466925883,189.086527435013,188.737011919917,167.90302182368,194.852877878206,152.896047048467,177.764979731225,165.049189392379,202.986712513537,151.247160163045,182.535520347617,181.187717955413,184.064676727772,204.862263322496,217.723431621041,159.320335482667,163.016764089214,167.884974094591,184.857354939577,194.549919372771,146.768540330667,198.305867208889,160.422002963214,169.040652637091,167.888901312568,197.863996581789,163.858775440226,221.058739594305,163.653189722214,163.726503811129,160.302538006456,189.682008257823,183.964495117693,183.168390245902,195.235405599712,183.304175070841,178.403572294992,198.294755648556,184.732021897094,174.589744963888,180.272639729637,183.022930869733,211.812380246902,167.540549651602,192.913973200608,142.852713670917,169.444534191379,187.611016193156,153.369980619202,182.416759841329,171.106466925883,189.086527435013,188.737011919917,167.90302182368,194.852877878206,152.896047048467,177.764979731225,165.049189392379,202.986712513537,151.247160163045,182.535520347617,181.187717955413,184.064676727772,204.862263322496,217.723431621041,159.320335482667,163.016764089214,167.884974094591,184.857354939577,194.549919372771
141.503074893707,186.598957707466,142.317097710751,151.995297645409,155.558349837853,164.957080330049,156.488798028843,163.653189722214,189.210252648298,142.177924031707,168.287922575899,161.721094601029,156.373236698998,159.246915590681,165.343797316993,159.876592506687,154.163025593064,173.935761902424,159.372123248149,139.231664418497,177.453790758827,156.840227971128,205.978324940477,160.680881160604,157.737726774077,131.671839630929,144.058043703386,173.556466776138,137.91644482975,154.703334035955,158.273027225695,177.915129736671,174.254227934183,146.270824481111,179.406818346424,135.897982278401,151.812360481948,131.717635454403,163.478723117026,125.780508760092,161.410956970631,180.18844627818,165.129619287861,185.697766567557,194.573915954424,142.63798841397,128.598416350351,153.144815951905,153.280858045531,177.457012643707,141.503074893707,186.598957707466,142.317097710751,151.995297645409,155.558349837853,164.957080330049,156.488798028843,163.653189722214,189.210252648298,142.177924031707,168.287922575899,161.721094601029,156.373236698998,159.246915590681,165.343797316993,159.876592506687,154.163025593064,173.935761902424,159.372123248149,139.231664418497,177.453790758827,156.840227971128,205.978324940477,160.680881160604,157.737726774077,131.671839630929,144.058043703386,173.556466776138,137.91644482975,154.703334035955,158.273027225695,177.915129736671,174.254227934183,146.270824481111,179.406818346424,135.897982278401,151.812360481948,131.717635454403,163.478723117026,125.780508760092,161.410956970631,180.18844627818,165.129619287861,185.697766567557,194.573915954424,142.63798841397,128.598416350351,153.144815951905,153.280858045531,177.457012643707
143.800589805026,198.502018137979,157.438734557056,161.641155165841,165.494911623405,193.088124307128,164.685390706641,163.726503811129,142.177924031707,201.086246827069,154.182945611569,173.246280819378,156.640686413998,158.263171353953,179.882065149892,183.66636683228,171.743472954604,184.041457127967,193.825281301085,163.307237166356,173.590118321839,187.496775406444,199.458525507575,172.448785521179,170.736097119636,129.876103353971,173.840357884129,176.333185426917,133.888009602632,169.612433879944,157.908294497256,187.732260533059,180.931108114582,155.699592782148,188.77055247935,140.551904164886,166.6956629094,148.056254993384,172.516735187705,146.284912024397,169.252659835512,179.505366490029,171.087761636997,190.81707510421,203.628276394396,150.07740135976,171.040140282363,148.949981217712,190.432266592548,186.828336456741,143.800589805026,198.502018137979,157.438734557056,161.641155165841,165.494911623405,193.088124307128,164.685390706641,163.726503811129,142.177924031707,201.086246827069,154.182945611569,173.246280819378,156.640686413998,158.263171353953,179.882065149892,183.66636683228,171.743472954604,184.041457127967,193.825281301085,163.307237166356,173.590118321839,187.496775406444,199.458525507575,172.448785521179,170.736097119636,129.876103353971,173.840357884129,176.333185426917,133.888009602632,169.612433879944,157.908294497256,187.732260533059,180.931108114582,155.699592782148,188.77055247935,140.551904164886,166.6956629094,148.056254993384,172.516735187705,146.284912024397,169.252659835512,179.505366490029,171.087761636997,190.81707510421,203.628276394396,150.07740135976,171.040140282363,148.949981217712,190.432266592548,186.828336456741
159.812585677597,206.393638920302,186.351641105071,172.27939773989,174.38462950741,181.743920563785,182.935524608975,160.302538006456,168.287922575899,154.182945611569,232.718780622034,178.070934604921,166.629584619581,184.82180492729,201.536330105198,192.320621530498,175.014318332862,183.683935438296,192.687737278673,168.089893362034,184.989807433287,177.889296470355,225.327020844059,189.870470200917,183.160383459963,149.443373465835,171.615097437394,184.417147620363,165.738441857784,165.55585143268,192.008106713825,194.965033068196,192.529740382277,160.640074667432,192.716725596416,171.201468056916,180.179012717853,148.859860052792,203.404139858485,179.723673243055,183.733433399102,205.726749459979,172.648441794383,212.793216324964,215.0326155197,164.412212818957,184.178300818543,172.266679140497,187.735024938189,199.764715386995,159.812585677597,206.393638920302,186.351641105071,172.27939773989,174.38462950741,181.743920563785,182.935524608975,160.302538006456,168.287922575899,154.182945611569,232.718780622034,178.070934604921,166.629584619581,184.82180492729,201.536330105198,192.320621530498,175.014318332862,183.683935438296,192.687737278673,168.089893362034,184.989807433287,177.889296470355,225.327020844059,189.870470200917,183.160383459963,149.443373465835,171.615097437394,184.417147620363,165.738441857784,165.55585143268,192.008106713825,194.965033068196,192.529740382277,160.640074667432,192.716725596416,171.201468056916,180.179012717853,148.859860052792,203.404139858485,179.723673243055,183.733433399102,205.726749459979,172.648441794383,212.793216324964,215.0326155197,164.412212818957,184.178300818543,172.266679140497,187.735024938189,199.764715386995
151.136563287758,200.62136150626,170.020712313744,181.586333780378,176.430102870439,193.780392133148,176.75511813161,189.682008257823,161.721094601029,173.246280819378,178.070934604921,229.685657613566,173.226665349745,177.620098029461,187.268304894335,193.188441176804,184.316049937129,186.256874845972,187.543765290702,172.124466767971,167.998269572581,176.626772930938,212.092992250439,172.067068724727,193.034160963609,148.374132652121,183.708931356971,192.802178565342,140.342511515146,162.12401058041,187.208176200344,197.284466009615,203.568891636838,166.869664130701,203.218753380696,146.842803014341,176.206606933904,157.320235570707,191.172936455448,155.793790984648,179.752140589143,192.672953575423,172.20810069909,217.377971712417,219.728364298718,163.968685574381,168.143521702591,170.624898796432,196.019975650769,196.15732280862,151.136563287758,200.62136150626,170.020712313744,181.586333780378,176.430102870439,193.780392133148,176.75511813161,189.682008257823,161.721094601029,173.246280819378,178.070934604921,229.685657613566,173.226665349745,177.620098029461,187.268304894335,193.188441176804,184.316049937129,186.256874845972,187.543765290702,172.124466767971,167.998269572581,176.626772930938,212.092992250439,172.067068724727,193.034160963609,148.374132652121,183.708931356971,192.802178565342,140.342511515146,162.12401058041,187.208176200344,197.284466009615,203.568891636838,166.869664130701,203.218753380696,146.842803014341,176.206606933904,157.320235570707,191.172936455448,155.793790984648,179.752140589143,192.672953575423,172.20810069909,217.377971712417,219.728364298718,163.968685574381,168.143521702591,170.624898796432,196.019975650769,196.15732280862
154.865870652336,206.14033975081,179.619524078244,167.347115351222,183.199469308692,210.68264848894,181.924121738889,183.964495117693,156.373236698998,156.640686413998,166.629584619581,173.226665349745,228.6697575158,183.568537682886,207.653616129729,199.402799221968,185.369005774598,204.661142695004,184.011230624315,184.814576411711,189.866277228173,171.361754390126,213.397895852473,172.438732714633,197.083810899288,143.722559352896,181.003495946208,197.300157131089,156.668525592009,170.814450062176,185.114928934362,195.392307276704,191.420299343077,159.372259553584,197.862283926671,165.613137235083,169.886619188745,166.745852035795,210.868730654175,163.316437682636,188.897921887729,184.557464566533,174.189493371842,203.412982233145,216.373694858408,161.408291055917,180.230348215523,176.929565409779,187.051910842352,195.281258576025,154.865870652336,206.14033975081,179.619524078244,167.347115351222,183.199469308692,210.68264848894,181.924121738889,183.964495117693,156.373236698998,156.640686413998,166.629584619581,173.226665349745,228.6697575158,183.568537682886,207.653616129729,199.402799221968,185.369005774598,204.661142695004,184.011230624315,184.814576411711,189.866277228173,171.361754390126,213.397895852473,172.438732714633,197.083810899288,143.722559352896,181.003495946208,197.300157131089,156.668525592009,170.814450062176,185.114928934362,195.392307276704,191.420299343077,159.372259553584,197.862283926671,165.613137235083,169.886619188745,166.745852035795,210.868730654175,163.316437682636,188.897921887729,184.557464566533,174.189493371842,203.412982233145,216.373694858408,161.408291055917,180.230348215523,176.929565409779,187.051910842352,195.281258576025
171.492032663421,210.026878124416,198.457470491257,175.294027855818,189.375923784227,203.580616732716,181.210758878608,183.168390245902,159.246915590681,158.263171353953,184.82180492729,177.620098029461,183.568537682886,256.634075355822,221.856119202851,195.550490127801,179.329856946853,217.679244614847,199.128444295308,184.899031836806,193.999982192957,203.199908790685,230.524218264426,186.961563094373,198.214306067009,138.877086982506,181.466217101187,206.196905762213,167.456649645052,193.915936783049,188.657538577626,202.82042136081,197.08454164172,171.043593638558,192.88612495423,174.475976667219,186.412160159926,172.469647515706,196.377118865867,173.420164710292,194.533936588839,199.701798383294,190.876639625061,212.078613660315,236.744308881828,168.309173723194,187.834678492237,165.644903340022,204.028876131455,206.838646555395,171.492032663421,210.026878124416,198.457470491257,175.294027855818,189.375923784227,203.580616732716,181.210758878608,183.168390245902,159.246915590681,158.263171353953,184.82180492729,177.620098029461,183.568537682886,256.634075355822,221.856119202851,195.550490127801,179.329856946853,217.679244614847,199.128444295308,184.899031836806,193.999982192957,203.199908790685,230.524218264426,186.961563094373,198.214306067009,138.877086982506,181.466217101187,206.196905762213,167.456649645052,193.915936783049,188.657538577626,202.82042136081,197.08454164172,171.043593638558,192.88612495423,174.475976667219,186.412160159926,172.469647515706,196.377118865867,173.420164710292,194.533936588839,199.701798383294,190.876639625061,212.078613660315,236.744308881828,168.309173723194,187.834678492237,165.644903340022,204.028876131455,206.838646555395
171.978750118472,238.966509539376,210.717340232201,186.35578662124,201.011320695162,218.379153577627,197.618845429732,195.235405599712,165.343797316993,179.882065149892,201.536330105198,187.268304894335,207.653616129729,221.856119202851,261.495663971186,209.387770036396,206.337042258711,221.595206123069,208.458673977733,210.698779742805,214.399812281565,213.176538347852,248.770474928744,201.547479150697,207.672137743933,160.427541611759,196.736407764007,215.30961083208,187.853309123074,212.387460984126,206.901910802213,217.832799632964,224.264238957515,176.86554400299,215.309851658454,191.635684375574,195.606141137962,187.059070295432,236.439280190498,197.331426428978,214.111601926919,203.084344221314,199.995653552299,222.020419371438,236.279790659794,180.022247169148,211.840456249846,182.473074177992,207.74609088676,221.24028053033,171.978750118472,238.966509539376,210.717340232201,186.35578662124,201.011320695162,218.379153577627,197.618845429732,195.235405599712,165.343797316993,179.882065149892,201.536330105198,187.268304894335,207.653616129729,221.856119202851,261.495663971186,209.387770036396,206.337042258711,221.595206123069,208.458673977733,210.698779742805,214.399812281565,213.176538347852,248.770474928744,201.547479150697,207.672137743933,160.427541611759,196.736407764007,215.30961083208,187.853309123074,212.387460984126,206.901910802213,217.832799632964,224.264238957515,176.86554400299,215.309851658454,191.635684375574,195.606141137962,187.059070295432,236.439280190498,197.331426428978,214.111601926919,203.084344221314,199.995653552299,222.020419371438,236.279790659794,180.022247169148,211.840456249846,182.473074177992,207.74609088676,221.24028053033
162.802346957464,221.558147782385,190.05935137259,184.257249095378,188.196121324831,216.498211683788,191.714237643592,183.304175070841,159.876592506687,183.66636683228,192.320621530498,193.188441176804,199.402799221968,195.550490127801,209.387770036396,250.872301049548,190.854530438538,206.997624190774,216.695024813765,193.228701596989,203.100235564339,191.880121315973,230.839443855195,188.1355399462,213.427587317247,148.038468905938,200.480895436341,211.41829962066,165.104891010654,186.966325130554,207.954116272403,213.258728549817,211.694665496473,180.954581115861,219.26644171804,177.384614931816,181.184836367801,168.314895695408,208.493685830139,184.365047422746,199.029067678924,205.099695677318,180.583101237938,223.432413326027,242.154971628449,173.341040103972,196.191679636906,187.155520817082,212.328684925148,217.039286248057,162.802346957464,221.558147782385,190.05935137259,184.257249095378,188.196121324831,216.498211683788,191.714237643592,183.304175070841,159.876592506687,183.66636683228,192.320621530498,193.188441176804,199.402799221968,195.550490127801,209.387770036396,250.872301049548,190.854530438538,206.997624190774,216.695024813765,193.228701596989,203.100235564339,191.880121315973,230.839443855195,188.1355399462,213.427587317247,148.038468905938,200.480895436341,211.41829962066,165.104891010654,186.966325130554,207.954116272403,213.258728549817,211.694665496473,180.954581115861,219.26644171804,177.384614931816,181.184836367801,168.314895695408,208.493685830139,184.365047422746,199.029067678924,205.099695677318,180.583101237938,223.432413326027,242.154971628449,173.341040103972,196.191679636906,187.155520817082,212.328684925148,217.039286248057
154.013706144497,205.914701562246,169.809031846937,168.687212697024,184.644002016374,202.693891366994,181.015299685328,178.403572294992,154.163025593064,171.743472954604,175.014318332862,184.316049937129,185.369005774598,179.329856946853,206.337042258711,190.854530438538,213.275849046058,199.437913720675,197.058385628125,188.417256893305,192.58766549286,177.419493822329,223.006577808316,177.808300616622,193.296286279837,151.902671562148,186.758666359897,201.988648394952,171.264151364998,180.443754306836,180.464598250406,203.913118944072,201.129714260378,173.686583757106,192.683600107031,166.4490463995,175.607768438224,157.184346068244,210.496375944128,165.919803014977,194.715310830288,192.491700933958,180.918092941375,200.647651967016,213.869949286001,165.132226484956,178.352338473681,166.873882293398,209.159057429456,204.646764771891,154.013706144497,205.914701562246,169.809031846937,168.687212697024,184.644002016374,202.693891366994,181.015299685328,178.403572294992,154.163025593064,171.743472954604,175.014318332862,184.316049937129,185.369005774598,179.329856946853,206.337042258711,190.854530438538,213.275849046058,199.437913720675,197.058385628125,188.417256893305,192.58766549286,177.419493822329,223.006577808316,177.808300616622,193.296286279837,151.902671562148,186.758666359897,201.988648394952,171.264151364998,180.443754306836,180.464598250406,203.913118944072,201.129714260378,173.686583757106,192.683600107031,166.4490463995,175.607768438224,157.184346068244,210.496375944128,165.919803014977,194.715310830288,192.491700933958,180.918092941375,200.647651967016,213.869949286001,165.132226484956,178.352338473681,166.873882293398,209.159057429456,204.646764771891
175.952081882204,232.476549703194,195.927264204142,189.024858272519,207.484534218676,222.017655763084,203.03732183041,198.294755648556,173.935761902424,184.041457127967,183.683935438296,186.256874845972,204.661142695004,217.679244614847,221.595206123069,206.997624190774,199.437913720675,281.131786893223,214.647605430249,210.129036047355,226.073512244814,211.198865552282,247.375832842197,200.270681936199,208.635069512484,152.08570198703,184.199617146036,228.765677948243,172.830223430473,205.650267842344,208.302341826999,221.908480934599,202.143503713625,190.831802150445,217.681552126073,184.22991598311,207.249008633918,190.007517988844,215.38909758617,183.782185418558,207.192777226056,209.061476365741,212.247642806756,223.547397442626,230.225580654338,198.714690247513,201.652425979538,190.813156335155,229.258301916328,218.957925158237,175.952081882204,232.476549703194,195.927264204142,189.024858272519,207.484534218676,222.017655763084,203.03732183041,198.294755648556,173.935761902424,184.041457127967,183.683935438296,186.256874845972,204.661142695004,217.679244614847,221.595206123069,206.997624190774,199.437913720675,281.131786893223,214.647605430249,210.129036047355,226.073512244814,211.198865552282,247.375832842197,200.270681936199,208.635069512484,152.08570198703,184.199617146036,228.765677948243,172.830223430473,205.650267842344,208.302341826999,221.908480934599,202.143503713625,190.831802150445,217.681552126073,184.22991598311,207.249008633918,190.007517988844,215.38909758617,183.782185418558,207.192777226056,209.061476365741,212.247642806756,223.547397442626,230.225580654338,198.714690247513,201.652425979538,190.813156335155,229.258301916328,218.957925158237
165.49422400837,223.680019862343,190.009719977843,179.996230458708,193.06234540239,222.595478758294,202.072327418314,184.732021897094,159.372123248149,193.825281301085,192.687737278673,187.543765290702,184.011230624315,199.128444295308,208.458673977733,216.695024813765,197.058385628125,214.647605430249,259.250717594571,187.477422376812,210.665959491886,202.64564098612,229.758707708689,204.474102791065,209.555554020419,156.051680781792,204.117531634788,226.560172134384,180.356570274391,189.94660333398,204.196654129971,215.655785845236,205.677843747976,182.339646483027,204.765927268251,176.494204226564,193.240967271181,175.011821577525,219.002523700141,175.679007129848,207.160281224873,204.785997266339,194.057843708886,228.099861426834,243.168811389981,182.534444390016,195.42738294996,183.887940528766,234.886171387678,216.90821665409,165.49422400837,223.680019862343,190.009719977843,179.996230458708,193.06234540239,222.595478758294,202.072327418314,184.732021897094,159.372123248149,193.825281301085,192.687737278673,187.543765290702,184.011230624315,199.128444295308,208.458673977733,216.695024813765,197.058385628125,214.647605430249,259.250717594571,187.477422376812,210.665959491886,202.64564098612,229.758707708689,204.474102791065,209.555554020419,156.051680781792,204.117531634788,226.560172134384,180.356570274391,189.94660333398,204.196654129971,215.655785845236,205.677843747976,182.339646483027,204.765927268251,176.494204226564,193.240967271181,175.011821577525,219.002523700141,175.679007129848,207.160281224873,204.785997266339,194.057843708886,228.099861426834,243.168811389981,182.534444390016,195.42738294996,183.887940528766,234.886171387678,216.90821665409
150.933024924198,203.529174141382,183.887372088353,166.670713100543,177.982880153486,199.036424853797,167.421774196306,174.589744963888,139.231664418497,163.307237166356,168.089893362034,172.124466767971,184.814576411711,184.899031836806,210.698779742805,193.228701596989,188.417256893305,210.129036047355,187.477422376812,225.579886462023,196.389082066252,174.228327501512,216.31763824482,172.65690091553,192.915682691617,128.51681488071,170.125611061745,191.485909845072,164.062721480539,186.600403366182,184.276986295199,189.485626912465,182.775162772941,166.987463682873,184.402152686147,168.210937306201,173.22374507536,166.609385093954,199.777730941036,172.331454458633,182.222940565558,179.036707008565,181.112513077509,202.892074574413,202.604359748956,170.195741431184,182.108139153819,167.090053660812,202.594779581467,194.974160177003,150.933024924198,203.529174141382,183.887372088353,166.670713100543,177.982880153486,199.036424853797,167.421774196306,174.589744963888,139.231664418497,163.307237166356,168.089893362034,172.124466767971,184.814576411711,184.899031836806,210.698779742805,193.228701596989,188.417256893305,210.129036047355,187.477422376812,225.579886462023,196.389082066252,174.228327501512,216.31763824482,172.65690091553,192.915682691617,128.51681488071,170.125611061745,191.485909845072,164.062721480539,186.600403366182,184.276986295199,189.485626912465,182.775162772941,166.987463682873,184.402152686147,168.210937306201,173.22374507536,166.609385093954,199.777730941036,172.331454458633,182.222940565558,179.036707008565,181.112513077509,202.892074574413,202.604359748956,170.195741431184,182.108139153819,167.090053660812,202.594779581467,194.974160177003
164.964998553855,229.572026747078,195.241542371814,174.944111264384,191.49663082387,213.230839094642,184.248673058054,180.272639729637,177.453790758827,173.590118321839,184.989807433287,167.998269572581,189.866277228173,193.999982192957,214.399812281565,203.100235564339,192.58766549286,226.073512244814,210.665959491886,196.389082066252,250.634555682522,199.5459070701,227.272319142121,201.070188206517,200.882113238673,155.915809761412,172.386734645284,211.256230253801,174.819045468271,196.852075991661,193.723488382954,207.984819476965,209.068985332427,177.030490204462,201.687459609889,184.359955732704,198.151113913953,173.744737789416,209.569446448096,169.266128397811,202.330818748792,202.293946872536,201.797213035112,209.591762138042,229.463725444832,179.621088410665,176.475965375008,176.166866117032,207.810692033482,221.16170559388,164.964998553855,229.572026747078,195.241542371814,174.944111264384,191.49663082387,213.230839094642,184.248673058054,180.272639729637,177.453790758827,173.590118321839,184.989807433287,167.998269572581,189.866277228173,193.999982192957,214.399812281565,203.100235564339,192.58766549286,226.073512244814,210.665959491886,196.389082066252,250.634555682522,199.5459070701,227.272319142121,201.070188206517,200.882113238673,155.915809761412,172.386734645284,211.256230253801,174.819045468271,196.852075991661,193.723488382954,207.984819476965,209.068985332427,177.030490204462,201.687459609889,184.359955732704,198.151113913953,173.744737789416,209.569446448096,169.266128397811,202.330818748792,202.293946872536,201.797213035112,209.591762138042,229.463725444832,179.621088410665,176.475965375008,176.166866117032,207.810692033482,221.16170559388
172.074294115348,234.876454638977,182.646488107541,177.37014768855,183.660710589077,202.86570093341,170.080056585731,183.022930869733,156.840227971128,187.496775406444,177.889296470355,176.626772930938,171.361754390126,203.199908790685,213.176538347852,191.880121315973,177.419493822329,211.198865552282,202.64564098612,174.228327501512,199.5459070701,240.154862724912,229.209940200632,187.391347454589,190.477624729773,146.889361395565,178.187055957424,186.252588931461,152.428141757851,190.787813590009,192.632761287599,212.509296828995,195.460584143586,162.0982632998,197.575156649209,170.45285883881,180.309809999596,167.662305068553,199.608214647625,166.822483669578,196.872748115916,197.591746999741,182.809654430869,207.769393590427,229.609957958735,179.240747289589,182.547995909003,169.54922710377,206.935252578179,212.281427052597,172.074294115348,234.876454638977,182.646488107541,177.37014768855,183.660710589077,202.86570093341,170.080056585731,183.022930869733,156.840227971128,187.496775406444,177.889296470355,176.626772930938,171.361754390126,203.199908790685,213.176538347852,191.880121315973,177.419493822329,211.198865552282,202.64564098612,174.228327501512,199.5459070701,240.154862724912,229.209940200632,187.391347454589,190.477624729773,146.889361395565,178.187055957424,186.252588931461,152.428141757851,190.787813590009,192.632761287599,212.509296828995,195.460584143586,162.0982632998,197.575156649209,170.45285883881,180.309809999596,167.662305068553,199.608214647625,166.822483669578,196.872748115916,197.591746999741,182.809654430869,207.769393590427,229.609957958735,179.240747289589,182.547995909003,169.54922710377,206.935252578179,212.281427052597
186.942655110884,256.366465495699,205.854275974304,204.463799460297,232.43965578845,231.780127768847,216.888660605783,211.812380246902,205.978324940477,199.458525507575,225.327020844059,212.092992250439,213.397895852473,230.524218264426,248.770474928744,230.839443855195,223.006577808316,247.375832842197,229.758707708689,216.31763824482,227.272319142121,229.209940200632,313.849020981969,223.828486096626,233.721365373263,172.232669210115,220.150195111901,242.530546355364,190.585512837897,218.020798720495,231.968468083941,250.583342296551,235.568265868746,206.370002342331,235.763967170642,205.909216955817,228.82753472683,179.405955571645,244.220159812267,196.36764157739,237.19025027429,238.252692401061,222.385233498721,255.512249091948,266.750909164093,204.034765942347,209.130399822121,199.871670852531,240.412490201901,244.455656173054,186.942655110884,256.366465495699,205.854275974304,204.463799460297,232.43965578845,231.780127768847,216.888660605783,211.812380246902,205.978324940477,199.458525507575,225.327020844059,212.092992250439,213.397895852473,230.524218264426,248.770474928744,230.839443855195,223.006577808316,247.375832842197,229.758707708689,216.31763824482,227.272319142121,229.209940200632,313.849020981969,223.828486096626,233.721365373263,172.232669210115,220.150195111901,242.530546355364,190.585512837897,218.020798720495,231.968468083941,250.583342296551,235.568265868746,206.370002342331,235.763967170642,205.909216955817,228.82753472683,179.405955571645,244.220159812267,196.36764157739,237.19025027429,238.252692401061,222.385233498721,255.512249091948,266.750909164093,204.034765942347,209.130399822121,199.871670852531,240.412490201901,244.455656173054
