114.761019666187,69.0095596660952,101.139628958584,93.7665627546632,70.3953780835569,75.250192720334,108.300432820415,84.646640381102,88.8159052185364,81.1077098342533,76.3416213760069,74.6618218092561,69.5153085060221,78.0207611538539,85.8356254676506,101.048270879847,86.1024139462727,92.0351159916451,86.3680161118001,89.7895193252345,87.7316896636779,79.5269149572341,65.6141203615027,83.4082671494932,76.1576657912719,114.761019666187,69.0095596660952,101.139628958584,93.7665627546632,70.3953780835569,75.250192720334,108.300432820415,84.646640381102,88.8159052185364,81.1077098342533,76.3416213760069,74.6618218092561,69.5153085060221,78.0207611538539,85.8356254676506,101.048270879847,86.1024139462727,92.0351159916451,86.3680161118001,89.7895193252345,87.7316896636779,79.5269149572341,65.6141203615027,83.4082671494932,76.1576657912719
69.0095373872177,68.0959432994295,63.3397749715693,59.735352995664,50.0756528586369,42.2466229877209,64.1119496758472,43.0943055191196,63.9499720598241,54.4187622886363,60.0977807264113,47.7630442666667,50.1939022012777,62.2741643492749,73.7420317455914,68.582858033858,53.8953744468357,69.7532972160001,45.6097662552458,53.2534086789514,68.8414805712894,53.479188206371,39.8621455476789,60.9571780460631,61.000550616385,69.0095373872177,68.0959432994295,63.3397749715693,59.735352995664,50.0756528586369,42.2466229877209,64.1119496758472,43.0943055191196,63.9499720598241,54.4187622886363,60.0977807264113,47.7630442666667,50.1939022012777,62.2741643492749,73.7420317455914,68.582858033858,53.8953744468357,69.7532972160001,45.6097662552458,53.2534086789514,68.8414805712894,53.479188206371,39.8621455476789,60.9571780460631,61.000550616385
101.139606679706,63.3397749715693,127.07460733967,98.8309191485804,75.4237726380152,68.200603613909,110.052318599857,81.2299670690785,96.6407248533408,87.6299323557456,73.8664369671422,73.171175849683,69.4756472857103,83.4708086164663,75.8173490504006,103.302933092628,96.2196167218224,94.0024128496725,85.6399580268814,84.7051986429894,89.9392409596681,85.2749524074354,80.4367948318239,92.8827724630693,85.7866502157683,101.139606679706,63.3397749715693,127.07460733967,98.8309191485804,75.4237726380152,68.200603613909,110.052318599857,81.2299670690785,96.6407248533408,87.6299323557456,73.8664369671422,73.171175849683,69.4756472857103,83.4708086164663,75.8173490504006,103.302933092628,96.2196167218224,94.0024128496725,85.6399580268814,84.7051986429894,89.9392409596681,85.2749524074354,80.4367948318239,92.8827724630693,85.7866502157683
93.7665404757857,59.735352995664,98.8309191485804,112.671074899051,72.4757264383569,75.5662520242419,100.507186196696,79.4552993402449,90.2118751472142,82.1535286241788,69.431308024687,82.1837097622417,55.5353583345026,88.8799239915752,82.2516794184211,95.5539926592555,90.3353722867483,90.3557777953751,81.7507136932346,87.3609130789533,92.3895645479878,76.027161622798,58.329883636442,89.059405812322,82.2695693385527,93.7665404757857,59.735352995664,98.8309191485804,112.671074899051,72.4757264383569,75.5662520242419,100.507186196696,79.4552993402449,90.2118751472142,82.1535286241788,69.431308024687,82.1837097622417,55.5353583345026,88.8799239915752,82.2516794184211,95.5539926592555,90.3353722867483,90.3557777953751,81.7507136932346,87.3609130789533,92.3895645479878,76.027161622798,58.329883636442,89.059405812322,82.2695693385527
70.3953558046795,50.0756528586369,75.4237726380152,72.4757264383569,72.0676267870289,50.5992974168538,68.2666732745789,55.102590454139,67.2724397115372,56.6449361348121,60.8891511820216,54.026438592978,50.5531206395067,66.725238584239,65.872652395591,78.3765263412288,74.5486324059419,68.1011697910171,62.3712114304275,68.1663679944237,65.6746424345732,61.7336489480483,54.4895089803508,57.5830574260101,60.9279295550797,70.3953558046795,50.0756528586369,75.4237726380152,72.4757264383569,72.0676267870289,50.5992974168538,68.2666732745789,55.102590454139,67.2724397115372,56.6449361348121,60.8891511820216,54.026438592978,50.5531206395067,66.725238584239,65.872652395591,78.3765263412288,74.5486324059419,68.1011697910171,62.3712114304275,68.1663679944237,65.6746424345732,61.7336489480483,54.4895089803508,57.5830574260101,60.9279295550797
75.2501704414566,42.2466229877209,68.200603613909,75.5662520242419,50.5992974168538,64.7042352634713,76.1736752597739,62.6343950073634,64.52952530891,55.2483491681283,49.9088216759527,57.1881106939952,42.8690369643322,61.7235946695678,61.0441212590646,74.1495373772781,68.3244425386133,62.9716704377886,63.9045076982998,69.2582296337432,66.3684188462756,57.8498588713502,46.2247469910567,60.7917416212251,53.1694128953367,75.2501704414566,42.2466229877209,68.200603613909,75.5662520242419,50.5992974168538,64.7042352634713,76.1736752597739,62.6343950073634,64.52952530891,55.2483491681283,49.9088216759527,57.1881106939952,42.8690369643322,61.7235946695678,61.0441212590646,74.1495373772781,68.3244425386133,62.9716704377886,63.9045076982998,69.2582296337432,66.3684188462756,57.8498588713502,46.2247469910567,60.7917416212251,53.1694128953367
108.300410541537,64.1119496758472,110.052318599857,100.507186196696,68.2666732745789,76.1736752597739,126.957913485298,90.9336602965319,88.8511539215761,93.9170714347801,78.7985693838003,72.8785113516463,69.8616979794452,81.9330188695495,83.0073863995526,101.244724917473,98.9122844452935,94.5638043782104,86.6811778272812,92.2822094061938,89.1797631964034,85.6091645668367,66.0155782981416,88.4707826037167,79.9117182471041,108.300410541537,64.1119496758472,110.052318599857,100.507186196696,68.2666732745789,76.1736752597739,126.957913485298,90.9336602965319,88.8511539215761,93.9170714347801,78.7985693838003,72.8785113516463,69.8616979794452,81.9330188695495,83.0073863995526,101.244724917473,98.9122844452935,94.5638043782104,86.6811778272812,92.2822094061938,89.1797631964034,85.6091645668367,66.0155782981416,88.4707826037167,79.9117182471041
84.6466181022245,43.0943055191196,81.2299670690785,79.4552993402449,55.102590454139,62.6343950073634,90.9336602965319,90.596817297903,63.8413867324802,74.1437934640832,60.296585642804,59.1379318978614,49.3870947294402,57.6719999063424,56.8377703474277,74.901912761822,84.6996993896283,70.0251061263759,69.3484123750305,72.512850826817,69.1090109123431,71.1503372245874,53.4274467380259,66.6879534949108,63.322909921051,84.6466181022245,43.0943055191196,81.2299670690785,79.4552993402449,55.102590454139,62.6343950073634,90.9336602965319,90.596817297903,63.8413867324802,74.1437934640832,60.296585642804,59.1379318978614,49.3870947294402,57.6719999063424,56.8377703474277,74.901912761822,84.6996993896283,70.0251061263759,69.3484123750305,72.512850826817,69.1090109123431,71.1503372245874,53.4274467380259,66.6879534949108,63.322909921051
88.8158829396589,63.9499720598241,96.6407248533408,90.2118751472142,67.2724397115372,64.52952530891,88.8511539215761,63.8413867324802,101.658206760866,72.8042437360063,77.8307221710842,77.6386792901865,58.6580945891513,81.3653065706161,87.1560591550503,94.4899143433888,82.2388886161997,83.3933504506461,76.733059158138,80.1245164953535,83.262011189113,74.7673866381087,64.0081345408313,83.5449296711853,77.5724533875958,88.8158829396589,63.9499720598241,96.6407248533408,90.2118751472142,67.2724397115372,64.52952530891,88.8511539215761,63.8413867324802,101.658206760866,72.8042437360063,77.8307221710842,77.6386792901865,58.6580945891513,81.3653065706161,87.1560591550503,94.4899143433888,82.2388886161997,83.3933504506461,76.733059158138,80.1245164953535,83.262011189113,74.7673866381087,64.0081345408313,83.5449296711853,77.5724533875958
81.1076875553758,54.4187622886363,87.6299323557456,82.1535286241788,56.6449361348121,55.2483491681283,93.9170714347801,74.1437934640832,72.8042437360063,98.3221311005885,64.4068282569447,67.4981587619356,58.6266365650357,64.0682433332338,70.5135801812103,69.945874509268,81.9667592295801,86.8078467226825,72.3333598255588,65.7658382474813,68.2197640591135,78.7795465792889,54.9969521177819,79.4951922329672,73.4573339699916,81.1076875553758,54.4187622886363,87.6299323557456,82.1535286241788,56.6449361348121,55.2483491681283,93.9170714347801,74.1437934640832,72.8042437360063,98.3221311005885,64.4068282569447,67.4981587619356,58.6266365650357,64.0682433332338,70.5135801812103,69.945874509268,81.9667592295801,86.8078467226825,72.3333598255588,65.7658382474813,68.2197640591135,78.7795465792889,54.9969521177819,79.4951922329672,73.4573339699916
76.3415990971294,60.0977807264113,73.8664369671422,69.431308024687,60.8891511820216,49.9088216759527,78.7985693838003,60.296585642804,77.8307221710842,64.4068282569447,86.6218621889042,56.6193109704699,53.9784696890621,64.8791131758046,82.117226491038,79.3395478864714,76.5529910557888,69.118151062157,57.6356120663121,64.0289038844009,65.7816489766838,67.9291324784565,53.9585103778827,66.0792768070779,69.5139263904141,76.3415990971294,60.0977807264113,73.8664369671422,69.431308024687,60.8891511820216,49.9088216759527,78.7985693838003,60.296585642804,77.8307221710842,64.4068282569447,86.6218621889042,56.6193109704699,53.9784696890621,64.8791131758046,82.117226491038,79.3395478864714,76.5529910557888,69.118151062157,57.6356120663121,64.0289038844009,65.7816489766838,67.9291324784565,53.9585103778827,66.0792768070779,69.5139263904141
74.6617995303787,47.7630442666667,73.171175849683,82.1837097622417,54.026438592978,57.1881106939952,72.8785113516463,59.1379318978614,77.6386792901865,67.4981587619356,56.6193109704699,84.9935663126905,54.8421814794356,63.9592204560798,66.634845525809,76.766907162074,71.9025438367367,78.8502475415941,74.7610251140129,73.3588893927387,72.3068762162502,69.5267029767103,43.9004355540446,74.7203120015307,62.911788298766,74.6617995303787,47.7630442666667,73.171175849683,82.1837097622417,54.026438592978,57.1881106939952,72.8785113516463,59.1379318978614,77.6386792901865,67.4981587619356,56.6193109704699,84.9935663126905,54.8421814794356,63.9592204560798,66.634845525809,76.766907162074,71.9025438367367,78.8502475415941,74.7610251140129,73.3588893927387,72.3068762162502,69.5267029767103,43.9004355540446,74.7203120015307,62.911788298766
69.5152862271446,50.1939022012777,69.4756472857103,55.5353583345026,50.5531206395067,42.8690369643322,69.8616979794452,49.3870947294402,58.6580945891513,58.6266365650357,53.9784696890621,54.8421814794356,68.5800404172646,52.7011202229088,63.4428265764836,67.8774354761851,62.1271140057808,68.5474463762369,59.5238908729012,55.7082224232005,58.0075744636108,57.9376456488159,40.2256700008156,65.8782188178507,49.3892017334967,69.5152862271446,50.1939022012777,69.4756472857103,55.5353583345026,50.5531206395067,42.8690369643322,69.8616979794452,49.3870947294402,58.6580945891513,58.6266365650357,53.9784696890621,54.8421814794356,68.5800404172646,52.7011202229088,63.4428265764836,67.8774354761851,62.1271140057808,68.5474463762369,59.5238908729012,55.7082224232005,58.0075744636108,57.9376456488159,40.2256700008156,65.8782188178507,49.3892017334967
78.0207388749764,62.2741643492749,83.4708086164663,88.8799239915752,66.725238584239,61.7235946695678,81.9330188695495,57.6719999063424,81.3653065706161,64.0682433332338,64.8791131758046,63.9592204560798,52.7011202229088,85.0379383389027,80.4578699553821,82.1572494530797,74.0175933861381,79.980181339848,61.3871957404368,71.9985440810569,79.1677176660889,61.7392514957467,51.6961523835837,73.4779764809918,70.8949459442291,78.0207388749764,62.2741643492749,83.4708086164663,88.8799239915752,66.725238584239,61.7235946695678,81.9330188695495,57.6719999063424,81.3653065706161,64.0682433332338,64.8791131758046,63.9592204560798,52.7011202229088,85.0379383389027,80.4578699553821,82.1572494530797,74.0175933861381,79.980181339848,61.3871957404368,71.9985440810569,79.1677176660889,61.7392514957467,51.6961523835837,73.4779764809918,70.8949459442291
85.8356031887732,73.7420317455914,75.8173490504006,82.2516794184211,65.872652395591,61.0441212590646,83.0073863995526,56.8377703474277,87.1560591550503,70.5135801812103,82.117226491038,66.634845525809,63.4428265764836,80.4578699553821,117.432897672738,89.2945040490689,74.6690685598542,84.9616268088038,71.4806625350989,72.1561068709505,93.3618154736998,66.9387518477927,47.2601678229247,81.0635600617639,75.7368058588198,85.8356031887732,73.7420317455914,75.8173490504006,82.2516794184211,65.872652395591,61.0441212590646,83.0073863995526,56.8377703474277,87.1560591550503,70.5135801812103,82.117226491038,66.634845525809,63.4428265764836,80.4578699553821,117.432897672738,89.2945040490689,74.6690685598542,84.9616268088038,71.4806625350989,72.1561068709505,93.3618154736998,66.9387518477927,47.2601678229247,81.0635600617639,75.7368058588198
101.048248600969,68.582858033858,103.302933092628,95.5539926592555,78.3765263412288,74.1495373772781,101.244724917473,74.901912761822,94.4899143433888,69.945874509268,79.3395478864714,76.766907162074,67.8774354761851,82.1572494530797,89.2945040490689,119.276802350441,95.1003013582355,88.1323408769264,91.4221483571586,95.6755761695491,96.9170290632747,84.6622722527641,70.2084672780714,81.7331487504754,76.7990552456285,101.048248600969,68.582858033858,103.302933092628,95.5539926592555,78.3765263412288,74.1495373772781,101.244724917473,74.901912761822,94.4899143433888,69.945874509268,79.3395478864714,76.766907162074,67.8774354761851,82.1572494530797,89.2945040490689,119.276802350441,95.1003013582355,88.1323408769264,91.4221483571586,95.6755761695491,96.9170290632747,84.6622722527641,70.2084672780714,81.7331487504754,76.7990552456285
86.1023916673953,53.8953744468357,96.2196167218224,90.3353722867483,74.5486324059419,68.3244425386133,98.9122844452935,84.6996993896283,82.2388886161997,81.9667592295801,76.5529910557888,71.9025438367367,62.1271140057808,74.0175933861381,74.6690685598542,95.1003013582355,111.262385097569,85.7798321692131,86.2737351457963,81.2561222621268,82.8058513851802,86.7848632635889,66.6386350732197,83.2243845419529,78.0318195034237,86.1023916673953,53.8953744468357,96.2196167218224,90.3353722867483,74.5486324059419,68.3244425386133,98.9122844452935,84.6996993896283,82.2388886161997,81.9667592295801,76.5529910557888,71.9025438367367,62.1271140057808,74.0175933861381,74.6690685598542,95.1003013582355,111.262385097569,85.7798321692131,86.2737351457963,81.2561222621268,82.8058513851802,86.7848632635889,66.6386350732197,83.2243845419529,78.0318195034237
92.0350937127677,69.7532972160001,94.0024128496725,90.3557777953751,68.1011697910171,62.9716704377886,94.5638043782104,70.0251061263759,83.3933504506461,86.8078467226825,69.118151062157,78.8502475415941,68.5474463762369,79.980181339848,84.9616268088038,88.1323408769264,85.7798321692131,110.655693421567,74.1392113492724,76.4106034509428,94.5995693287965,89.5540530141886,61.9835403774329,86.255112062517,91.0385486776252,92.0350937127677,69.7532972160001,94.0024128496725,90.3557777953751,68.1011697910171,62.9716704377886,94.5638043782104,70.0251061263759,83.3933504506461,86.8078467226825,69.118151062157,78.8502475415941,68.5474463762369,79.980181339848,84.9616268088038,88.1323408769264,85.7798321692131,110.655693421567,74.1392113492724,76.4106034509428,94.5995693287965,89.5540530141886,61.9835403774329,86.255112062517,91.0385486776252
86.3679938329227,45.6097662552458,85.6399580268814,81.7507136932346,62.3712114304275,63.9045076982998,86.6811778272812,69.3484123750305,76.733059158138,72.3333598255588,57.6356120663121,74.7610251140129,59.5238908729012,61.3871957404368,71.4806625350989,91.4221483571586,86.2737351457963,74.1392113492724,100.382649286127,79.6792246227635,73.6359442912038,69.0398444428742,55.7384778908409,70.8825568998853,53.5425164761993,86.3679938329227,45.6097662552458,85.6399580268814,81.7507136932346,62.3712114304275,63.9045076982998,86.6811778272812,69.3484123750305,76.733059158138,72.3333598255588,57.6356120663121,74.7610251140129,59.5238908729012,61.3871957404368,71.4806625350989,91.4221483571586,86.2737351457963,74.1392113492724,100.382649286127,79.6792246227635,73.6359442912038,69.0398444428742,55.7384778908409,70.8825568998853,53.5425164761993
89.789497046357,53.2534086789514,84.7051986429894,87.3609130789533,68.1663679944237,69.2582296337432,92.2822094061938,72.512850826817,80.1245164953535,65.7658382474813,64.0289038844009,73.3588893927387,55.7082224232005,71.9985440810569,72.1561068709505,95.6755761695491,81.2561222621268,76.4106034509428,79.6792246227635,99.9353785001818,88.4324786499604,74.3239611265461,57.9384089759551,64.9698424552915,63.3535445521975,89.789497046357,53.2534086789514,84.7051986429894,87.3609130789533,68.1663679944237,69.2582296337432,92.2822094061938,72.512850826817,80.1245164953535,65.7658382474813,64.0289038844009,73.3588893927387,55.7082224232005,71.9985440810569,72.1561068709505,95.6755761695491,81.2561222621268,76.4106034509428,79.6792246227635,99.9353785001818,88.4324786499604,74.3239611265461,57.9384089759551,64.9698424552915,63.3535445521975
87.7316673848005,68.8414805712894,89.9392409596681,92.3895645479878,65.6746424345732,66.3684188462756,89.1797631964034,69.1090109123431,83.262011189113,68.2197640591135,65.7816489766838,72.3068762162502,58.0075744636108,79.1677176660889,93.3618154736998,96.9170290632747,82.8058513851802,94.5995693287965,73.6359442912038,88.4324786499604,118.171712148111,76.1129821361752,55.4228184142817,83.6324209735674,86.1560794309199,87.7316673848005,68.8414805712894,89.9392409596681,92.3895645479878,65.6746424345732,66.3684188462756,89.1797631964034,69.1090109123431,83.262011189113,68.2197640591135,65.7816489766838,72.3068762162502,58.0075744636108,79.1677176660889,93.3618154736998,96.9170290632747,82.8058513851802,94.5995693287965,73.6359442912038,88.4324786499604,118.171712148111,76.1129821361752,55.4228184142817,83.6324209735674,86.1560794309199
79.5268926783566,53.479188206371,85.2749524074354,76.027161622798,61.7336489480483,57.8498588713502,85.6091645668367,71.1503372245874,74.7673866381087,78.7795465792889,67.9291324784565,69.5267029767103,57.9376456488159,61.7392514957467,66.9387518477927,84.6622722527641,86.7848632635889,89.5540530141886,69.0398444428742,74.3239611265461,76.1129821361752,98.7539712976199,66.739643950022,71.1912178313571,80.4996495162395,79.5268926783566,53.479188206371,85.2749524074354,76.027161622798,61.7336489480483,57.8498588713502,85.6091645668367,71.1503372245874,74.7673866381087,78.7795465792889,67.9291324784565,69.5267029767103,57.9376456488159,61.7392514957467,66.9387518477927,84.6622722527641,86.7848632635889,89.5540530141886,69.0398444428742,74.3239611265461,76.1129821361752,98.7539712976199,66.739643950022,71.1912178313571,80.4996495162395
65.6140980826252,39.8621455476789,80.4367948318239,58.329883636442,54.4895089803508,46.2247469910567,66.0155782981416,53.4274467380259,64.0081345408313,54.9969521177819,53.9585103778827,43.9004355540446,40.2256700008156,51.6961523835837,47.2601678229247,70.2084672780714,66.6386350732197,61.9835403774329,55.7384778908409,57.9384089759551,55.4228184142817,66.739643950022,67.137523929677,49.679257977357,59.468788894015,65.6140980826252,39.8621455476789,80.4367948318239,58.329883636442,54.4895089803508,46.2247469910567,66.0155782981416,53.4274467380259,64.0081345408313,54.9969521177819,53.9585103778827,43.9004355540446,40.2256700008156,51.6961523835837,47.2601678229247,70.2084672780714,66.6386350732197,61.9835403774329,55.7384778908409,57.9384089759551,55.4228184142817,66.739643950022,67.137523929677,49.679257977357,59.468788894015
83.4082448706158,60.9571780460631,92.8827724630693,89.059405812322,57.5830574260101,60.7917416212251,88.4707826037167,66.6879534949108,83.5449296711853,79.4951922329672,66.0792768070779,74.7203120015307,65.8782188178507,73.4779764809918,81.0635600617639,81.7331487504754,83.2243845419529,86.255112062517,70.8825568998853,64.9698424552915,83.6324209735674,71.1912178313571,49.679257977357,101.487864373465,80.5923837837088,83.4082448706158,60.9571780460631,92.8827724630693,89.059405812322,57.5830574260101,60.7917416212251,88.4707826037167,66.6879534949108,83.5449296711853,79.4951922329672,66.0792768070779,74.7203120015307,65.8782188178507,73.4779764809918,81.0635600617639,81.7331487504754,83.2243845419529,86.255112062517,70.8825568998853,64.9698424552915,83.6324209735674,71.1912178313571,49.679257977357,101.487864373465,80.5923837837088
76.1576435123944,61.000550616385,85.7866502157683,82.2695693385527,60.9279295550797,53.1694128953367,79.9117182471041,63.322909921051,77.5724533875958,73.4573339699916,69.5139263904141,62.911788298766,49.3892017334967,70.8949459442291,75.7368058588198,76.7990552456285,78.0318195034237,91.0385486776252,53.5425164761993,63.3535445521975,86.1560794309199,80.4996495162395,59.468788894015,80.5923837837088,92.8972444933894,76.1576435123944,61.000550616385,85.7866502157683,82.2695693385527,60.9279295550797,53.1694128953367,79.9117182471041,63.322909921051,77.5724533875958,73.4573339699916,69.5139263904141,62.911788298766,49.3892017334967,70.8949459442291,75.7368058588198,76.7990552456285,78.0318195034237,91.0385486776252,53.5425164761993,63.3535445521975,86.1560794309199,80.4996495162395,59.468788894015,80.5923837837088,92.8972444933894
114.761019666187,69.0095596660952,101.139628958584,93.7665627546632,70.3953780835569,75.250192720334,108.300432820415,84.646640381102,88.8159052185364,81.1077098342533,76.3416213760069,74.6618218092561,69.5153085060221,78.0207611538539,85.8356254676506,101.048270879847,86.1024139462727,92.0351159916451,86.3680161118001,89.7895193252345,87.7316896636779,79.5269149572341,65.6141203615027,83.4082671494932,76.1576657912719,114.761019666187,69.0095596660952,101.139628958584,93.7665627546632,70.3953780835569,75.250192720334,108.300432820415,84.646640381102,88.8159052185364,81.1077098342533,76.3416213760069,74.6618218092561,69.5153085060221,78.0207611538539,85.8356254676506,101.048270879847,86.1024139462727,92.0351159916451,86.3680161118001,89.7895193252345,87.7316896636779,79.5269149572341,65.6141203615027,83.4082671494932,76.1576657912719
69.0095373872177,68.0959432994295,63.3397749715693,59.735352995664,50.0756528586369,42.2466229877209,64.1119496758472,43.0943055191196,63.9499720598241,54.4187622886363,60.0977807264113,47.7630442666667,50.1939022012777,62.2741643492749,73.7420317455914,68.582858033858,53.8953744468357,69.7532972160001,45.6097662552458,53.2534086789514,68.8414805712894,53.479188206371,39.8621455476789,60.9571780460631,61.000550616385,69.0095373872177,68.0959432994295,63.3397749715693,59.735352995664,50.0756528586369,42.2466229877209,64.1119496758472,43.0943055191196,63.9499720598241,54.4187622886363,60.0977807264113,47.7630442666667,50.1939022012777,62.2741643492749,73.7420317455914,68.582858033858,53.8953744468357,69.7532972160001,45.6097662552458,53.2534086789514,68.8414805712894,53.479188206371,39.8621455476789,60.9571780460631,61.000550616385
101.139606679706,63.3397749715693,127.07460733967,98.8309191485804,75.4237726380152,68.200603613909,110.052318599857,81.2299670690785,96.6407248533408,87.6299323557456,73.8664369671422,73.171175849683,69.4756472857103,83.4708086164663,75.8173490504006,103.302933092628,96.2196167218224,94.0024128496725,85.6399580268814,84.7051986429894,89.9392409596681,85.2749524074354,80.4367948318239,92.8827724630693,85.7866502157683,101.139606679706,63.3397749715693,127.07460733967,98.8309191485804,75.4237726380152,68.200603613909,110.052318599857,81.2299670690785,96.6407248533408,87.6299323557456,73.8664369671422,73.171175849683,69.4756472857103,83.4708086164663,75.8173490504006,103.302933092628,96.2196167218224,94.0024128496725,85.6399580268814,84.7051986429894,89.9392409596681,85.2749524074354,80.4367948318239,92.8827724630693,85.7866502157683
93.7665404757857,59.735352995664,98.8309191485804,112.671074899051,72.4757264383569,75.5662520242419,100.507186196696,79.4552993402449,90.2118751472142,82.1535286241788,69.431308024687,82.1837097622417,55.5353583345026,88.8799239915752,82.2516794184211,95.5539926592555,90.3353722867483,90.3557777953751,81.7507136932346,87.3609130789533,92.3895645479878,76.027161622798,58.329883636442,89.059405812322,82.2695693385527,93.7665404757857,59.735352995664,98.8309191485804,112.671074899051,72.4757264383569,75.5662520242419,100.507186196696,79.4552993402449,90.2118751472142,82.1535286241788,69.431308024687,82.1837097622417,55.5353583345026,88.8799239915752,82.2516794184211,95.5539926592555,90.3353722867483,90.3557777953751,81.7507136932346,87.3609130789533,92.3895645479878,76.027161622798,58.329883636442,89.059405812322,82.2695693385527
70.3953558046795,50.0756528586369,75.4237726380152,72.4757264383569,72.0676267870289,50.5992974168538,68.2666732745789,55.102590454139,67.2724397115372,56.6449361348121,60.8891511820216,54.026438592978,50.5531206395067,66.725238584239,65.872652395591,78.3765263412288,74.5486324059419,68.1011697910171,62.3712114304275,68.1663679944237,65.6746424345732,61.7336489480483,54.4895089803508,57.5830574260101,60.9279295550797,70.3953558046795,50.0756528586369,75.4237726380152,72.4757264383569,72.0676267870289,50.5992974168538,68.2666732745789,55.102590454139,67.2724397115372,56.6449361348121,60.8891511820216,54.026438592978,50.5531206395067,66.725238584239,65.872652395591,78.3765263412288,74.5486324059419,68.1011697910171,62.3712114304275,68.1663679944237,65.6746424345732,61.7336489480483,54.4895089803508,57.5830574260101,60.9279295550797
75.2501704414566,42.2466229877209,68.200603613909,75.5662520242419,50.5992974168538,64.7042352634713,76.1736752597739,62.6343950073634,64.52952530891,55.2483491681283,49.9088216759527,57.1881106939952,42.8690369643322,61.7235946695678,61.0441212590646,74.1495373772781,68.3244425386133,62.9716704377886,63.9045076982998,69.2582296337432,66.3684188462756,57.8498588713502,46.2247469910567,60.7917416212251,53.1694128953367,75.2501704414566,42.2466229877209,68.200603613909,75.5662520242419,50.5992974168538,64.7042352634713,76.1736752597739,62.6343950073634,64.52952530891,55.2483491681283,49.9088216759527,57.1881106939952,42.8690369643322,61.7235946695678,61.0441212590646,74.1495373772781,68.3244425386133,62.9716704377886,63.9045076982998,69.2582296337432,66.3684188462756,57.8498588713502,46.2247469910567,60.7917416212251,53.1694128953367
108.300410541537,64.1119496758472,110.052318599857,100.507186196696,68.2666732745789,76.1736752597739,126.957913485298,90.9336602965319,88.8511539215761,93.9170714347801,78.7985693838003,72.8785113516463,69.8616979794452,81.9330188695495,83.0073863995526,101.244724917473,98.9122844452935,94.5638043782104,86.6811778272812,92.2822094061938,89.1797631964034,85.6091645668367,66.0155782981416,88.4707826037167,79.9117182471041,108.300410541537,64.1119496758472,110.052318599857,100.507186196696,68.2666732745789,76.1736752597739,126.957913485298,90.9336602965319,88.8511539215761,93.9170714347801,78.7985693838003,72.8785113516463,69.8616979794452,81.9330188695495,83.0073863995526,101.244724917473,98.9122844452935,94.5638043782104,86.6811778272812,92.2822094061938,89.1797631964034,85.6091645668367,66.0155782981416,88.4707826037167,79.9117182471041
84.6466181022245,43.0943055191196,81.2299670690785,79.4552993402449,55.102590454139,62.6343950073634,90.9336602965319,90.596817297903,63.8413867324802,74.1437934640832,60.296585642804,59.1379318978614,49.3870947294402,57.6719999063424,56.8377703474277,74.901912761822,84.6996993896283,70.0251061263759,69.3484123750305,72.512850826817,69.1090109123431,71.1503372245874,53.4274467380259,66.6879534949108,63.322909921051,84.6466181022245,43.0943055191196,81.2299670690785,79.4552993402449,55.102590454139,62.6343950073634,90.9336602965319,90.596817297903,63.8413867324802,74.1437934640832,60.296585642804,59.1379318978614,49.3870947294402,57.6719999063424,56.8377703474277,74.901912761822,84.6996993896283,70.0251061263759,69.3484123750305,72.512850826817,69.1090109123431,71.1503372245874,53.4274467380259,66.6879534949108,63.322909921051
88.8158829396589,63.9499720598241,96.6407248533408,90.2118751472142,67.2724397115372,64.52952530891,88.8511539215761,63.8413867324802,101.658206760866,72.8042437360063,77.8307221710842,77.6386792901865,58.6580945891513,81.3653065706161,87.1560591550503,94.4899143433888,82.2388886161997,83.3933504506461,76.733059158138,80.1245164953535,83.262011189113,74.7673866381087,64.0081345408313,83.5449296711853,77.5724533875958,88.8158829396589,63.9499720598241,96.6407248533408,90.2118751472142,67.2724397115372,64.52952530891,88.8511539215761,63.8413867324802,101.658206760866,72.8042437360063,77.8307221710842,77.6386792901865,58.6580945891513,81.3653065706161,87.1560591550503,94.4899143433888,82.2388886161997,83.3933504506461,76.733059158138,80.1245164953535,83.262011189113,74.7673866381087,64.0081345408313,83.5449296711853,77.5724533875958
81.1076875553758,54.4187622886363,87.6299323557456,82.1535286241788,56.6449361348121,55.2483491681283,93.9170714347801,74.1437934640832,72.8042437360063,98.3221311005885,64.4068282569447,67.4981587619356,58.6266365650357,64.0682433332338,70.5135801812103,69.945874509268,81.9667592295801,86.8078467226825,72.3333598255588,65.7658382474813,68.2197640591135,78.7795465792889,54.9969521177819,79.4951922329672,73.4573339699916,81.1076875553758,54.4187622886363,87.6299323557456,82.1535286241788,56.6449361348121,55.2483491681283,93.9170714347801,74.1437934640832,72.8042437360063,98.3221311005885,64.4068282569447,67.4981587619356,58.6266365650357,64.0682433332338,70.5135801812103,69.945874509268,81.9667592295801,86.8078467226825,72.3333598255588,65.7658382474813,68.2197640591135,78.7795465792889,54.9969521177819,79.4951922329672,73.4573339699916
76.3415990971294,60.0977807264113,73.8664369671422,69.431308024687,60.8891511820216,49.9088216759527,78.7985693838003,60.296585642804,77.8307221710842,64.4068282569447,86.6218621889042,56.6193109704699,53.9784696890621,64.8791131758046,82.117226491038,79.3395478864714,76.5529910557888,69.118151062157,57.6356120663121,64.0289038844009,65.7816489766838,67.9291324784565,53.9585103778827,66.0792768070779,69.5139263904141,76.3415990971294,60.0977807264113,73.8664369671422,69.431308024687,60.8891511820216,49.9088216759527,78.7985693838003,60.296585642804,77.8307221710842,64.4068282569447,86.6218621889042,56.6193109704699,53.9784696890621,64.8791131758046,82.117226491038,79.3395478864714,76.5529910557888,69.118151062157,57.6356120663121,64.0289038844009,65.7816489766838,67.9291324784565,53.9585103778827,66.0792768070779,69.5139263904141
74.6617995303787,47.7630442666667,73.171175849683,82.1837097622417,54.026438592978,57.1881106939952,72.8785113516463,59.1379318978614,77.6386792901865,67.4981587619356,56.6193109704699,84.9935663126905,54.8421814794356,63.9592204560798,66.634845525809,76.766907162074,71.9025438367367,78.8502475415941,74.7610251140129,73.3588893927387,72.3068762162502,69.5267029767103,43.9004355540446,74.7203120015307,62.911788298766,74.6617995303787,47.7630442666667,73.171175849683,82.1837097622417,54.026438592978,57.1881106939952,72.8785113516463,59.1379318978614,77.6386792901865,67.4981587619356,56.6193109704699,84.9935663126905,54.8421814794356,63.9592204560798,66.634845525809,76.766907162074,71.9025438367367,78.8502475415941,74.7610251140129,73.3588893927387,72.3068762162502,69.5267029767103,43.9004355540446,74.7203120015307,62.911788298766
69.5152862271446,50.1939022012777,69.4756472857103,55.5353583345026,50.5531206395067,42.8690369643322,69.8616979794452,49.3870947294402,58.6580945891513,58.6266365650357,53.9784696890621,54.8421814794356,68.5800404172646,52.7011202229088,63.4428265764836,67.8774354761851,62.1271140057808,68.5474463762369,59.5238908729012,55.7082224232005,58.0075744636108,57.9376456488159,40.2256700008156,65.8782188178507,49.3892017334967,69.5152862271446,50.1939022012777,69.4756472857103,55.5353583345026,50.5531206395067,42.8690369643322,69.8616979794452,49.3870947294402,58.6580945891513,58.6266365650357,53.9784696890621,54.8421814794356,68.5800404172646,52.7011202229088,63.4428265764836,67.8774354761851,62.1271140057808,68.5474463762369,59.5238908729012,55.7082224232005,58.0075744636108,57.9376456488159,40.2256700008156,65.8782188178507,49.3892017334967
78.0207388749764,62.2741643492749,83.4708086164663,88.8799239915752,66.725238584239,61.7235946695678,81.9330188695495,57.6719999063424,81.3653065706161,64.0682433332338,64.8791131758046,63.9592204560798,52.7011202229088,85.0379383389027,80.4578699553821,82.1572494530797,74.0175933861381,79.980181339848,61.3871957404368,71.9985440810569,79.1677176660889,61.7392514957467,51.6961523835837,73.4779764809918,70.8949459442291,78.0207388749764,62.2741643492749,83.4708086164663,88.8799239915752,66.725238584239,61.7235946695678,81.9330188695495,57.6719999063424,81.3653065706161,64.0682433332338,64.8791131758046,63.9592204560798,52.7011202229088,85.0379383389027,80.4578699553821,82.1572494530797,74.0175933861381,79.980181339848,61.3871957404368,71.9985440810569,79.1677176660889,61.7392514957467,51.6961523835837,73.4779764809918,70.8949459442291
85.8356031887732,73.7420317455914,75.8173490504006,82.2516794184211,65.872652395591,61.0441212590646,83.0073863995526,56.8377703474277,87.1560591550503,70.5135801812103,82.117226491038,66.634845525809,63.4428265764836,80.4578699553821,117.432897672738,89.2945040490689,74.6690685598542,84.9616268088038,71.4806625350989,72.1561068709505,93.3618154736998,66.9387518477927,47.2601678229247,81.0635600617639,75.7368058588198,85.8356031887732,73.7420317455914,75.8173490504006,82.2516794184211,65.872652395591,61.0441212590646,83.0073863995526,56.8377703474277,87.1560591550503,70.5135801812103,82.117226491038,66.634845525809,63.4428265764836,80.4578699553821,117.432897672738,89.2945040490689,74.6690685598542,84.9616268088038,71.4806625350989,72.1561068709505,93.3618154736998,66.9387518477927,47.2601678229247,81.0635600617639,75.7368058588198
101.048248600969,68.582858033858,103.302933092628,95.5539926592555,78.3765263412288,74.1495373772781,101.244724917473,74.901912761822,94.4899143433888,69.945874509268,79.3395478864714,76.766907162074,67.8774354761851,82.1572494530797,89.2945040490689,119.276802350441,95.1003013582355,88.1323408769264,91.4221483571586,95.6755761695491,96.9170290632747,84.6622722527641,70.2084672780714,81.7331487504754,76.7990552456285,101.048248600969,68.582858033858,103.302933092628,95.5539926592555,78.3765263412288,74.1495373772781,101.244724917473,74.901912761822,94.4899143433888,69.945874509268,79.3395478864714,76.766907162074,67.8774354761851,82.1572494530797,89.2945040490689,119.276802350441,95.1003013582355,88.1323408769264,91.4221483571586,95.6755761695491,96.9170290632747,84.6622722527641,70.2084672780714,81.7331487504754,76.7990552456285
86.1023916673953,53.8953744468357,96.2196167218224,90.3353722867483,74.5486324059419,68.3244425386133,98.9122844452935,84.6996993896283,82.2388886161997,81.9667592295801,76.5529910557888,71.9025438367367,62.1271140057808,74.0175933861381,74.6690685598542,95.1003013582355,111.262385097569,85.7798321692131,86.2737351457963,81.2561222621268,82.8058513851802,86.7848632635889,66.6386350732197,83.2243845419529,78.0318195034237,86.1023916673953,53.8953744468357,96.2196167218224,90.3353722867483,74.5486324059419,68.3244425386133,98.9122844452935,84.6996993896283,82.2388886161997,81.9667592295801,76.5529910557888,71.9025438367367,62.1271140057808,74.0175933861381,74.6690685598542,95.1003013582355,111.262385097569,85.7798321692131,86.2737351457963,81.2561222621268,82.8058513851802,86.7848632635889,66.6386350732197,83.2243845419529,78.0318195034237
92.0350937127677,69.7532972160001,94.0024128496725,90.3557777953751,68.1011697910171,62.9716704377886,94.5638043782104,70.0251061263759,83.3933504506461,86.8078467226825,69.118151062157,78.8502475415941,68.5474463762369,79.980181339848,84.9616268088038,88.1323408769264,85.7798321692131,110.655693421567,74.1392113492724,76.4106034509428,94.5995693287965,89.5540530141886,61.9835403774329,86.255112062517,91.0385486776252,92.0350937127677,69.7532972160001,94.0024128496725,90.3557777953751,68.1011697910171,62.9716704377886,94.5638043782104,70.0251061263759,83.3933504506461,86.8078467226825,69.118151062157,78.8502475415941,68.5474463762369,79.980181339848,84.9616268088038,88.1323408769264,85.7798321692131,110.655693421567,74.1392113492724,76.4106034509428,94.5995693287965,89.5540530141886,61.9835403774329,86.255112062517,91.0385486776252
86.3679938329227,45.6097662552458,85.6399580268814,81.7507136932346,62.3712114304275,63.9045076982998,86.6811778272812,69.3484123750305,76.733059158138,72.3333598255588,57.6356120663121,74.7610251140129,59.5238908729012,61.3871957404368,71.4806625350989,91.4221483571586,86.2737351457963,74.1392113492724,100.382649286127,79.6792246227635,73.6359442912038,69.0398444428742,55.7384778908409,70.8825568998853,53.5425164761993,86.3679938329227,45.6097662552458,85.6399580268814,81.7507136932346,62.3712114304275,63.9045076982998,86.6811778272812,69.3484123750305,76.733059158138,72.3333598255588,57.6356120663121,74.7610251140129,59.5238908729012,61.3871957404368,71.4806625350989,91.4221483571586,86.2737351457963,74.1392113492724,100.382649286127,79.6792246227635,73.6359442912038,69.0398444428742,55.7384778908409,70.8825568998853,53.5425164761993
89.789497046357,53.2534086789514,84.7051986429894,87.3609130789533,68.1663679944237,69.2582296337432,92.2822094061938,72.512850826817,80.1245164953535,65.7658382474813,64.0289038844009,73.3588893927387,55.7082224232005,71.9985440810569,72.1561068709505,95.6755761695491,81.2561222621268,76.4106034509428,79.6792246227635,99.9353785001818,88.4324786499604,74.3239611265461,57.9384089759551,64.9698424552915,63.3535445521975,89.789497046357,53.2534086789514,84.7051986429894,87.3609130789533,68.1663679944237,69.2582296337432,92.2822094061938,72.512850826817,80.1245164953535,65.7658382474813,64.0289038844009,73.3588893927387,55.7082224232005,71.9985440810569,72.1561068709505,95.6755761695491,81.2561222621268,76.4106034509428,79.6792246227635,99.9353785001818,88.4324786499604,74.3239611265461,57.9384089759551,64.9698424552915,63.3535445521975
87.7316673848005,68.8414805712894,89.9392409596681,92.3895645479878,65.6746424345732,66.3684188462756,89.1797631964034,69.1090109123431,83.262011189113,68.2197640591135,65.7816489766838,72.3068762162502,58.0075744636108,79.1677176660889,93.3618154736998,96.9170290632747,82.8058513851802,94.5995693287965,73.6359442912038,88.4324786499604,118.171712148111,76.1129821361752,55.4228184142817,83.6324209735674,86.1560794309199,87.7316673848005,68.8414805712894,89.9392409596681,92.3895645479878,65.6746424345732,66.3684188462756,89.1797631964034,69.1090109123431,83.262011189113,68.2197640591135,65.7816489766838,72.3068762162502,58.0075744636108,79.1677176660889,93.3618154736998,96.9170290632747,82.8058513851802,94.5995693287965,73.6359442912038,88.4324786499604,118.171712148111,76.1129821361752,55.4228184142817,83.6324209735674,86.1560794309199
79.5268926783566,53.479188206371,85.2749524074354,76.027161622798,61.7336489480483,57.8498588713502,85.6091645668367,71.1503372245874,74.7673866381087,78.7795465792889,67.9291324784565,69.5267029767103,57.9376456488159,61.7392514957467,66.9387518477927,84.6622722527641,86.7848632635889,89.5540530141886,69.0398444428742,74.3239611265461,76.1129821361752,98.7539712976199,66.739643950022,71.1912178313571,80.4996495162395,79.5268926783566,53.479188206371,85.2749524074354,76.027161622798,61.7336489480483,57.8498588713502,85.6091645668367,71.1503372245874,74.7673866381087,78.7795465792889,67.9291324784565,69.5267029767103,57.9376456488159,61.7392514957467,66.9387518477927,84.6622722527641,86.7848632635889,89.5540530141886,69.0398444428742,74.3239611265461,76.1129821361752,98.7539712976199,66.739643950022,71.1912178313571,80.4996495162395
