283.140083189145,212.94290972216,193.27349360745,219.229393264048,236.196434296859,208.867706970907,202.699059285253,199.530832314022,190.498657913066,229.123767814748,219.80335394432,201.214967474945,205.777527536805,248.419764045574,195.540485087653,215.590121462155,236.162014940747,227.165253938111,215.574536263705,252.98224873067,206.523102702196,191.74111221462,221.350093204366,212.142932766837,202.042367797701,201.562046772085,214.35401170592,189.344113171004,241.897579390135,204.537173417646,206.344431000692,201.538815705502,209.467505219413,241.115752098038,232.499628989049,238.202202671399,213.804062099511,235.600611061778,228.105072112533,206.995831740817,220.289739803806,216.957516717943,174.644245219619,243.975321445807,240.870069940733,219.123413317115,204.167492495808,203.469349925832,209.754874403826,199.040875543525,283.140083189145,212.94290972216,193.27349360745,219.229393264048,236.196434296859,208.867706970907,202.699059285253,199.530832314022,190.498657913066,229.123767814748,219.80335394432,201.214967474945,205.777527536805,248.419764045574,195.540485087653,215.590121462155,236.162014940747,227.165253938111,215.574536263705,252.98224873067,206.523102702196,191.74111221462,221.350093204366,212.142932766837,202.042367797701,201.562046772085,214.35401170592,189.344113171004,241.897579390135,204.537173417646,206.344431000692,201.538815705502,209.467505219413,241.115752098038,232.499628989049,238.202202671399,213.804062099511,235.600611061778,228.105072112533,206.995831740817,220.289739803806,216.957516717943,174.644245219619,243.975321445807,240.870069940733,219.123413317115,204.167492495808,203.469349925832,209.754874403826,199.040875543525
212.942909349443,267.817787737272,199.030023802477,208.865900399295,229.994719140244,192.58889958447,203.99092498716,211.669132742833,169.552006944975,221.80947412633,213.007944436365,203.109539141624,198.088395006836,243.775672757211,202.777421374893,186.059397645518,204.236785081291,229.594098752348,192.846079327073,253.235760621732,187.562223132904,174.039373373314,217.338155859667,198.799942603458,184.892437897371,184.735542835455,209.811475799677,159.981515748729,211.05247813002,170.610111150974,200.96653518445,199.969681006389,202.447976102575,222.851862648864,230.29863065832,225.468996000692,196.056456275145,215.27611604682,206.230711386876,221.026508911805,201.082857865694,210.178253539548,167.420761161566,240.647318863462,210.723340487259,202.46178647009,186.729211435476,208.156698973029,188.071261259076,169.221602329447,212.942909349443,267.817787737272,199.030023802477,208.865900399295,229.994719140244,192.58889958447,203.99092498716,211.669132742833,169.552006944975,221.80947412633,213.007944436365,203.109539141624,198.088395006836,243.775672757211,202.777421374893,186.059397645518,204.236785081291,229.594098752348,192.846079327073,253.235760621732,187.562223132904,174.039373373314,217.338155859667,198.799942603458,184.892437897371,184.735542835455,209.811475799677,159.981515748729,211.05247813002,170.610111150974,200.96653518445,199.969681006389,202.447976102575,222.851862648864,230.29863065832,225.468996000692,196.056456275145,215.27611604682,206.230711386876,221.026508911805,201.082857865694,210.178253539548,167.420761161566,240.647318863462,210.723340487259,202.46178647009,186.729211435476,208.156698973029,188.071261259076,169.221602329447
193.273493234733,199.030023802477,236.018485429901,212.574550437921,223.507191887929,187.404651109842,189.927229540656,198.725975462689,170.123515093419,233.34386760294,214.718437754764,192.255316167277,183.803154138116,220.530051466415,184.287348922283,182.727361056483,201.871129222449,200.925635487019,190.739135392343,236.287612872895,183.638181481593,170.178286316901,197.787099164283,193.05965147135,186.300949689361,187.690818382321,212.594410084962,163.391703997231,207.44218625735,167.233574564155,198.940978174688,187.823786782892,203.907059944383,224.688973511295,232.341395241748,210.60316208734,200.772342911596,204.278885910048,209.484165556306,203.921893017543,191.707491880767,202.054650104205,166.19703853172,232.872429037442,218.419735337967,181.464023319473,180.033448043052,188.595705506192,180.221003306912,177.215135013084,193.273493234733,199.030023802477,236.018485429901,212.574550437921,223.507191887929,187.404651109842,189.927229540656,198.725975462689,170.123515093419,233.34386760294,214.718437754764,192.255316167277,183.803154138116,220.530051466415,184.287348922283,182.727361056483,201.871129222449,200.925635487019,190.739135392343,236.287612872895,183.638181481593,170.178286316901,197.787099164283,193.05965147135,186.300949689361,187.690818382321,212.594410084962,163.391703997231,207.44218625735,167.233574564155,198.940978174688,187.823786782892,203.907059944383,224.688973511295,232.341395241748,210.60316208734,200.772342911596,204.278885910048,209.484165556306,203.921893017543,191.707491880767,202.054650104205,166.19703853172,232.872429037442,218.419735337967,181.464023319473,180.033448043052,188.595705506192,180.221003306912,177.215135013084
219.229392891331,208.865900399295,212.574550437921,279.766952445017,218.968781279728,187.355801127749,206.079901930049,213.270447627966,187.699861828636,237.738084691193,222.105539285522,212.211789840744,193.137035539781,240.873691586309,209.176056413469,209.69037908661,226.189937853368,231.282542791129,207.600578064518,249.756450444465,206.31548267305,178.822971689971,222.002664252993,204.726337509463,204.25310876905,189.04198950813,222.473735162094,185.478950434437,226.754204994653,195.029583168982,216.076326649632,197.767020518763,212.422308065961,249.00391442784,229.104656641972,229.16542641934,219.715119042652,225.325389572881,218.768961281741,214.865208145503,231.581846330243,203.804750403649,186.252436522142,239.325020442137,226.064774407503,205.4870920446,204.332036350883,217.959181693958,208.975388807731,186.001188684676,219.229392891331,208.865900399295,212.574550437921,279.766952445017,218.968781279728,187.355801127749,206.079901930049,213.270447627966,187.699861828636,237.738084691193,222.105539285522,212.211789840744,193.137035539781,240.873691586309,209.176056413469,209.69037908661,226.189937853368,231.282542791129,207.600578064518,249.756450444465,206.31548267305,178.822971689971,222.002664252993,204.726337509463,204.25310876905,189.04198950813,222.473735162094,185.478950434437,226.754204994653,195.029583168982,216.076326649632,197.767020518763,212.422308065961,249.00391442784,229.104656641972,229.16542641934,219.715119042652,225.325389572881,218.768961281741,214.865208145503,231.581846330243,203.804750403649,186.252436522142,239.325020442137,226.064774407503,205.4870920446,204.332036350883,217.959181693958,208.975388807731,186.001188684676
236.196433924142,229.994719140244,223.507191887929,218.968781279728,275.088751871797,216.662713240886,210.923687935467,212.213710259215,180.948764911458,245.485827661034,228.597540566054,205.353624496776,206.411922243027,247.504189711123,211.120628943171,199.852910057866,215.875377026588,229.611310702693,204.844985525465,246.732858961819,205.042519885437,189.61599924895,215.474042664932,200.696801649162,192.734738715418,205.283225537083,227.040798731283,164.084833901864,229.681919203001,186.594210348201,208.501454708774,206.988659711951,213.605351400025,241.970275989044,232.72871127181,234.933463818034,212.250205075262,224.263714347355,230.384383103039,217.299389156933,220.074987477407,222.354581625716,171.314655369233,248.906072441362,240.060965781812,198.618093767023,201.182765762385,211.795915698779,203.114086580218,193.701192074854,236.196433924142,229.994719140244,223.507191887929,218.968781279728,275.088751871797,216.662713240886,210.923687935467,212.213710259215,180.948764911458,245.485827661034,228.597540566054,205.353624496776,206.411922243027,247.504189711123,211.120628943171,199.852910057866,215.875377026588,229.611310702693,204.844985525465,246.732858961819,205.042519885437,189.61599924895,215.474042664932,200.696801649162,192.734738715418,205.283225537083,227.040798731283,164.084833901864,229.681919203001,186.594210348201,208.501454708774,206.988659711951,213.605351400025,241.970275989044,232.72871127181,234.933463818034,212.250205075262,224.263714347355,230.384383103039,217.299389156933,220.074987477407,222.354581625716,171.314655369233,248.906072441362,240.060965781812,198.618093767023,201.182765762385,211.795915698779,203.114086580218,193.701192074854
208.86770659819,192.58889958447,187.404651109842,187.355801127749,216.662713240886,220.627363487609,178.227340433278,181.299846623574,157.412504447867,218.09387206894,205.99292218829,187.708139824796,175.912141270078,220.579527949952,178.057793374541,198.348539641056,203.755872091673,205.725998384852,199.120455398262,227.385615624484,194.333464967244,166.693440923906,185.431918343861,176.312398478125,188.234687147512,183.165198207543,196.365664186644,164.725257763882,208.999284299766,161.079349589735,196.31562817913,180.243383847254,193.322479682083,217.143291521331,208.670530457744,208.649077126984,191.491509127114,204.084453617154,211.225619334886,191.987061283313,190.687029291015,184.230278115807,161.4202126082,217.699295403945,207.042042077314,193.510836887411,179.560072180129,197.098634655409,183.283820533044,167.22795987496,208.86770659819,192.58889958447,187.404651109842,187.355801127749,216.662713240886,220.627363487609,178.227340433278,181.299846623574,157.412504447867,218.09387206894,205.99292218829,187.708139824796,175.912141270078,220.579527949952,178.057793374541,198.348539641056,203.755872091673,205.725998384852,199.120455398262,227.385615624484,194.333464967244,166.693440923906,185.431918343861,176.312398478125,188.234687147512,183.165198207543,196.365664186644,164.725257763882,208.999284299766,161.079349589735,196.31562817913,180.243383847254,193.322479682083,217.143291521331,208.670530457744,208.649077126984,191.491509127114,204.084453617154,211.225619334886,191.987061283313,190.687029291015,184.230278115807,161.4202126082,217.699295403945,207.042042077314,193.510836887411,179.560072180129,197.098634655409,183.283820533044,167.22795987496
202.699058912536,203.99092498716,189.927229540656,206.079901930049,210.923687935467,178.227340433278,240.932554431308,196.216607610808,167.33369192135,221.73560734095,211.539719108947,195.838231845748,179.754554912338,219.010747690538,182.628224605976,189.307666822639,201.006652958731,206.125724547303,190.110432988544,228.477301731877,184.052457165434,178.892008710233,215.406036427003,180.919927284472,170.719394525533,185.980075101109,216.847230115959,156.831930301883,208.347984546897,189.796541632707,206.515507848273,188.219329948801,189.337546897286,217.792238655827,217.684498996489,216.667274145697,199.501998784806,208.589551586374,205.462465958635,205.771757038921,190.986515425865,203.889036352745,159.286196716104,228.052518725419,230.610436765404,202.912478641567,184.654686898201,193.18208347388,175.909397412979,180.275034761695,202.699058912536,203.99092498716,189.927229540656,206.079901930049,210.923687935467,178.227340433278,240.932554431308,196.216607610808,167.33369192135,221.73560734095,211.539719108947,195.838231845748,179.754554912338,219.010747690538,182.628224605976,189.307666822639,201.006652958731,206.125724547303,190.110432988544,228.477301731877,184.052457165434,178.892008710233,215.406036427003,180.919927284472,170.719394525533,185.980075101109,216.847230115959,156.831930301883,208.347984546897,189.796541632707,206.515507848273,188.219329948801,189.337546897286,217.792238655827,217.684498996489,216.667274145697,199.501998784806,208.589551586374,205.462465958635,205.771757038921,190.986515425865,203.889036352745,159.286196716104,228.052518725419,230.610436765404,202.912478641567,184.654686898201,193.18208347388,175.909397412979,180.275034761695
199.530831941305,211.669132742833,198.725975462689,213.270447627966,212.213710259215,181.299846623574,196.216607610808,247.436041143024,165.41741028328,227.429900774968,208.123766424612,209.374909559531,182.57277658357,214.260387263475,187.244247983662,194.144376918273,196.605792700968,231.169559457256,175.562677197329,227.284464206067,196.699337577471,169.528992951513,208.078935263523,193.237127526907,185.465306097556,185.784653233474,205.508662335154,147.99553471107,218.57180214118,178.229197926261,190.432966486608,183.886168155334,190.32767874104,214.839455343329,227.085186399842,207.318586021795,187.666699109466,213.111949879512,197.528162918997,209.251298154181,200.738032438895,179.451299768859,174.26747588607,223.38261720174,216.013570460952,178.890478916364,194.532127791172,208.095060525079,172.107382313056,172.062561822593,199.530831941305,211.669132742833,198.725975462689,213.270447627966,212.213710259215,181.299846623574,196.216607610808,247.436041143024,165.41741028328,227.429900774968,208.123766424612,209.374909559531,182.57277658357,214.260387263475,187.244247983662,194.144376918273,196.605792700968,231.169559457256,175.562677197329,227.284464206067,196.699337577471,169.528992951513,208.078935263523,193.237127526907,185.465306097556,185.784653233474,205.508662335154,147.99553471107,218.57180214118,178.229197926261,190.432966486608,183.886168155334,190.32767874104,214.839455343329,227.085186399842,207.318586021795,187.666699109466,213.111949879512,197.528162918997,209.251298154181,200.738032438895,179.451299768859,174.26747588607,223.38261720174,216.013570460952,178.890478916364,194.532127791172,208.095060525079,172.107382313056,172.062561822593
190.498657540349,169.552006944975,170.123515093419,187.699861828636,180.948764911458,157.412504447867,167.33369192135,165.41741028328,187.88358649041,195.138081774672,182.447863822263,172.39179813295,164.649141016102,192.278012079241,168.463056538461,167.244319010633,181.589203659802,171.341194821687,168.152093030776,217.492970249765,167.599346154619,145.653419566195,180.737082196564,170.063054500783,162.019306358327,161.435595705239,189.989713334573,149.80385359784,189.181016875749,156.895623186305,173.132934996815,164.834872181808,183.59843538025,194.666325369607,210.625233981991,197.586067165292,177.896018602417,185.229762469616,183.44978156983,181.902334091495,173.10346123708,178.56742587578,148.705286581144,193.728626797226,197.037709041848,171.64657823781,162.461348180387,181.455896814406,169.266134800986,156.004368254532,190.498657540349,169.552006944975,170.123515093419,187.699861828636,180.948764911458,157.412504447867,167.33369192135,165.41741028328,187.88358649041,195.138081774672,182.447863822263,172.39179813295,164.649141016102,192.278012079241,168.463056538461,167.244319010633,181.589203659802,171.341194821687,168.152093030776,217.492970249765,167.599346154619,145.653419566195,180.737082196564,170.063054500783,162.019306358327,161.435595705239,189.989713334573,149.80385359784,189.181016875749,156.895623186305,173.132934996815,164.834872181808,183.59843538025,194.666325369607,210.625233981991,197.586067165292,177.896018602417,185.229762469616,183.44978156983,181.902334091495,173.10346123708,178.56742587578,148.705286581144,193.728626797226,197.037709041848,171.64657823781,162.461348180387,181.455896814406,169.266134800986,156.004368254532
229.123767442031,221.80947412633,233.34386760294,237.738084691193,245.485827661034,218.09387206894,221.73560734095,227.429900774968,195.138081774672,316.852446286014,245.106809885187,230.577263515966,211.951217141283,269.998007927464,197.958971855212,218.27103943573,242.308970497982,230.651917431771,216.872796262164,260.566917084023,217.790226131925,197.130201832788,235.575865909917,218.015132552335,217.270573013853,196.234904043677,239.311600212224,181.351923212955,248.436971899996,201.79957243188,232.06597602154,223.458835773738,227.312504141977,261.066441547897,264.401080156715,252.874248449367,237.832974362342,245.983042020471,249.598444449616,243.255406526928,225.972163294373,227.673615052581,201.280323162324,252.91470538008,250.701009296199,213.990173139071,214.813221574812,217.65224267454,215.161174567287,195.972023881738,229.123767442031,221.80947412633,233.34386760294,237.738084691193,245.485827661034,218.09387206894,221.73560734095,227.429900774968,195.138081774672,316.852446286014,245.106809885187,230.577263515966,211.951217141283,269.998007927464,197.958971855212,218.27103943573,242.308970497982,230.651917431771,216.872796262164,260.566917084023,217.790226131925,197.130201832788,235.575865909917,218.015132552335,217.270573013853,196.234904043677,239.311600212224,181.351923212955,248.436971899996,201.79957243188,232.06597602154,223.458835773738,227.312504141977,261.066441547897,264.401080156715,252.874248449367,237.832974362342,245.983042020471,249.598444449616,243.255406526928,225.972163294373,227.673615052581,201.280323162324,252.91470538008,250.701009296199,213.990173139071,214.813221574812,217.65224267454,215.161174567287,195.972023881738
219.803353571604,213.007944436365,214.718437754764,222.105539285522,228.597540566054,205.99292218829,211.539719108947,208.123766424612,182.447863822263,245.106809885187,276.367071429873,204.250517971584,203.56253295835,250.291599616325,196.61821180899,216.02778801394,221.331963596115,230.773027846677,214.845667043055,250.058875764484,193.693523555946,172.679119582356,214.06073775448,205.510036262691,202.024848885127,198.682990213646,215.557941293504,164.429443961615,218.395730615282,187.614718674337,209.344481715318,192.222199704325,224.897850781689,255.130826094082,235.847331507571,221.614077892688,218.382044876915,223.638974750561,213.207390073984,231.11180046655,221.362520626329,211.58466567196,182.148049526321,235.474441346433,231.468329237048,205.350027267925,186.129906361938,209.489983427004,178.68013488759,196.637347589981,219.803353571604,213.007944436365,214.718437754764,222.105539285522,228.597540566054,205.99292218829,211.539719108947,208.123766424612,182.447863822263,245.106809885187,276.367071429873,204.250517971584,203.56253295835,250.291599616325,196.61821180899,216.02778801394,221.331963596115,230.773027846677,214.845667043055,250.058875764484,193.693523555946,172.679119582356,214.06073775448,205.510036262691,202.024848885127,198.682990213646,215.557941293504,164.429443961615,218.395730615282,187.614718674337,209.344481715318,192.222199704325,224.897850781689,255.130826094082,235.847331507571,221.614077892688,218.382044876915,223.638974750561,213.207390073984,231.11180046655,221.362520626329,211.58466567196,182.148049526321,235.474441346433,231.468329237048,205.350027267925,186.129906361938,209.489983427004,178.68013488759,196.637347589981
201.214967102228,203.109539141624,192.255316167277,212.211789840744,205.353624496776,187.708139824796,195.838231845748,209.374909559531,172.39179813295,230.577263515966,204.250517971584,228.818083340933,174.314391331332,231.883601760052,185.743623783859,197.875079945936,206.662533217532,219.465764740904,189.461470872174,240.965413210448,194.846954974106,175.676499100873,209.30449162079,184.477847458926,188.911277995261,175.321260955485,215.048605905899,157.83676237477,221.088045072256,183.528486194231,200.139808174679,190.660869784503,200.955310591449,225.317833392987,221.658152710345,218.496314697291,202.003479923554,213.014229898843,211.329555446919,203.816116095053,197.853377348351,184.550387381984,171.273795795292,226.705407316071,216.359325816024,191.46881565022,192.435179737674,211.996077588378,187.557633708622,178.556333213272,201.214967102228,203.109539141624,192.255316167277,212.211789840744,205.353624496776,187.708139824796,195.838231845748,209.374909559531,172.39179813295,230.577263515966,204.250517971584,228.818083340933,174.314391331332,231.883601760052,185.743623783859,197.875079945936,206.662533217532,219.465764740904,189.461470872174,240.965413210448,194.846954974106,175.676499100873,209.30449162079,184.477847458926,188.911277995261,175.321260955485,215.048605905899,157.83676237477,221.088045072256,183.528486194231,200.139808174679,190.660869784503,200.955310591449,225.317833392987,221.658152710345,218.496314697291,202.003479923554,213.014229898843,211.329555446919,203.816116095053,197.853377348351,184.550387381984,171.273795795292,226.705407316071,216.359325816024,191.46881565022,192.435179737674,211.996077588378,187.557633708622,178.556333213272
205.777527164088,198.088395006836,183.803154138116,193.137035539781,206.411922243027,175.912141270078,179.754554912338,182.57277658357,164.649141016102,211.951217141283,203.56253295835,174.314391331332,213.132654882504,208.861878444693,170.997165155041,168.643479308366,200.387987096185,192.720009987272,176.002157746679,219.085676814169,173.082654601641,162.267663791686,193.540159422585,178.772184755609,171.837282019737,161.170343108597,182.445760968011,147.401366590056,195.898432664894,165.770752117515,176.368888479037,167.281642959507,181.42333310701,210.929709095099,216.595330625956,203.233710846384,199.535162118349,198.035527271612,187.381167528354,202.07732834752,191.109573608682,196.931728353363,155.183949468343,225.092808003128,210.034268820853,178.143504627924,175.435435247274,184.519534644442,174.368611004221,168.632586165414,205.777527164088,198.088395006836,183.803154138116,193.137035539781,206.411922243027,175.912141270078,179.754554912338,182.57277658357,164.649141016102,211.951217141283,203.56253295835,174.314391331332,213.132654882504,208.861878444693,170.997165155041,168.643479308366,200.387987096185,192.720009987272,176.002157746679,219.085676814169,173.082654601641,162.267663791686,193.540159422585,178.772184755609,171.837282019737,161.170343108597,182.445760968011,147.401366590056,195.898432664894,165.770752117515,176.368888479037,167.281642959507,181.42333310701,210.929709095099,216.595330625956,203.233710846384,199.535162118349,198.035527271612,187.381167528354,202.07732834752,191.109573608682,196.931728353363,155.183949468343,225.092808003128,210.034268820853,178.143504627924,175.435435247274,184.519534644442,174.368611004221,168.632586165414
248.419763672858,243.775672757211,220.530051466415,240.873691586309,247.504189711123,220.579527949952,219.010747690538,214.260387263475,192.278012079241,269.998007927464,250.291599616325,231.883601760052,208.861878444693,327.164775200441,226.169426152556,231.600466030074,247.110742308068,233.713092208801,239.360589627607,266.689909590089,219.628956398366,209.049172518327,230.542026419769,219.910515444364,217.745371173278,206.250875742629,241.421305119892,191.398165304361,260.746629581408,213.742817768997,217.601305671627,216.326129329914,236.893091860888,271.054762802633,258.990039689171,252.327810344033,242.106683970748,231.920217670452,249.102830965066,228.178842849301,225.190620675257,232.670544312397,194.785307230308,254.821653160649,243.93129203587,228.18560007638,204.693128614026,227.567382208105,215.410974843794,201.296268888627,248.419763672858,243.775672757211,220.530051466415,240.873691586309,247.504189711123,220.579527949952,219.010747690538,214.260387263475,192.278012079241,269.998007927464,250.291599616325,231.883601760052,208.861878444693,327.164775200441,226.169426152556,231.600466030074,247.110742308068,233.713092208801,239.360589627607,266.689909590089,219.628956398366,209.049172518327,230.542026419769,219.910515444364,217.745371173278,206.250875742629,241.421305119892,191.398165304361,260.746629581408,213.742817768997,217.601305671627,216.326129329914,236.893091860888,271.054762802633,258.990039689171,252.327810344033,242.106683970748,231.920217670452,249.102830965066,228.178842849301,225.190620675257,232.670544312397,194.785307230308,254.821653160649,243.93129203587,228.18560007638,204.693128614026,227.567382208105,215.410974843794,201.296268888627
195.540484714936,202.777421374893,184.287348922283,209.176056413469,211.120628943171,178.057793374541,182.628224605976,187.244247983662,168.463056538461,197.958971855212,196.61821180899,185.743623783859,170.997165155041,226.169426152556,230.098055963497,184.879046804314,197.925557457801,206.137309607104,185.98208529214,237.019228160706,190.884975505005,168.31808813622,204.416707710811,175.901083707378,180.17831688252,177.825145182224,205.181151557223,148.044823764622,200.935353706233,166.806385741174,182.503582724916,173.949842506869,191.185452447546,214.740187463735,199.965378201632,208.220766663579,177.414359219822,194.857714580293,199.213901267142,195.448786997361,194.513781021663,188.760655822105,163.381720561148,215.119721905782,215.674251363484,180.582966167125,186.403134956811,187.197205720931,181.539380176108,167.796029207067,195.540484714936,202.777421374893,184.287348922283,209.176056413469,211.120628943171,178.057793374541,182.628224605976,187.244247983662,168.463056538461,197.958971855212,196.61821180899,185.743623783859,170.997165155041,226.169426152556,230.098055963497,184.879046804314,197.925557457801,206.137309607104,185.98208529214,237.019228160706,190.884975505005,168.31808813622,204.416707710811,175.901083707378,180.17831688252,177.825145182224,205.181151557223,148.044823764622,200.935353706233,166.806385741174,182.503582724916,173.949842506869,191.185452447546,214.740187463735,199.965378201632,208.220766663579,177.414359219822,194.857714580293,199.213901267142,195.448786997361,194.513781021663,188.760655822105,163.381720561148,215.119721905782,215.674251363484,180.582966167125,186.403134956811,187.197205720931,181.539380176108,167.796029207067
215.590121089438,186.059397645518,182.727361056483,209.69037908661,199.852910057866,198.348539641056,189.307666822639,194.144376918273,167.244319010633,218.27103943573,216.02778801394,197.875079945936,168.643479308366,231.600466030074,184.879046804314,262.254958782339,222.592395829257,210.985900240174,188.78722871995,230.688438633581,211.191084884158,165.611920611143,207.668030859972,200.307208693011,194.58729100465,184.49679756074,214.302198620024,174.29635449759,231.874157879044,169.108055962139,215.111091434375,178.781293783881,204.185530146742,238.779236215172,223.067567253645,224.446418094505,197.062928249839,227.244920793948,205.424383036535,201.717689526925,192.687691378279,190.073209946117,183.72552003713,213.259019443142,225.785450235807,204.44211100737,176.402901957255,193.809967859099,185.917721745793,181.22976406397,215.590121089438,186.059397645518,182.727361056483,209.69037908661,199.852910057866,198.348539641056,189.307666822639,194.144376918273,167.244319010633,218.27103943573,216.02778801394,197.875079945936,168.643479308366,231.600466030074,184.879046804314,262.254958782339,222.592395829257,210.985900240174,188.78722871995,230.688438633581,211.191084884158,165.611920611143,207.668030859972,200.307208693011,194.58729100465,184.49679756074,214.302198620024,174.29635449759,231.874157879044,169.108055962139,215.111091434375,178.781293783881,204.185530146742,238.779236215172,223.067567253645,224.446418094505,197.062928249839,227.244920793948,205.424383036535,201.717689526925,192.687691378279,190.073209946117,183.72552003713,213.259019443142,225.785450235807,204.44211100737,176.402901957255,193.809967859099,185.917721745793,181.22976406397
236.16201456803,204.236785081291,201.871129222449,226.189937853368,215.875377026588,203.755872091673,201.006652958731,196.605792700968,181.589203659802,242.308970497982,221.331963596115,206.662533217532,200.387987096185,247.110742308068,197.925557457801,222.592395829257,265.220802894187,218.222053932652,200.581175731444,251.011390239402,206.333771129341,192.008900775682,229.723294826621,213.573004944314,205.489820448584,194.146189561225,226.634974528655,184.81086964416,237.184893990647,199.026971793975,219.421496664373,196.758827379687,208.716672703935,245.247701450073,233.033649438117,234.384886744439,211.12920707834,226.210774333079,221.628530907248,209.109584945157,222.040750437016,201.761355907295,167.964939172945,243.501238964552,241.143850692358,214.446656802593,206.186694345109,202.144492980847,202.191723809674,187.83474854348,236.16201456803,204.236785081291,201.871129222449,226.189937853368,215.875377026588,203.755872091673,201.006652958731,196.605792700968,181.589203659802,242.308970497982,221.331963596115,206.662533217532,200.387987096185,247.110742308068,197.925557457801,222.592395829257,265.220802894187,218.222053932652,200.581175731444,251.011390239402,206.333771129341,192.008900775682,229.723294826621,213.573004944314,205.489820448584,194.146189561225,226.634974528655,184.81086964416,237.184893990647,199.026971793975,219.421496664373,196.758827379687,208.716672703935,245.247701450073,233.033649438117,234.384886744439,211.12920707834,226.210774333079,221.628530907248,209.109584945157,222.040750437016,201.761355907295,167.964939172945,243.501238964552,241.143850692358,214.446656802593,206.186694345109,202.144492980847,202.191723809674,187.83474854348
227.165253565394,229.594098752348,200.925635487019,231.282542791129,229.611310702693,205.725998384852,206.125724547303,231.169559457256,171.341194821687,230.651917431771,230.773027846677,219.465764740904,192.720009987272,233.713092208801,206.137309607104,210.985900240174,218.222053932652,291.534818726691,200.643178306773,264.954175621716,222.023175516084,172.490375534617,227.78127093574,213.180557044978,207.344302506315,198.249710500655,216.605302221732,167.968060533944,234.540698344061,188.761535669614,206.261436849971,193.305195188817,209.145887975591,251.635687193488,216.619970287752,237.996114976624,194.95683263354,229.038212605067,216.95110692158,229.438539691284,228.381167109852,196.959724648335,194.23137375517,252.286625752922,241.966578994935,202.093523116355,210.152227341315,231.035727689519,189.460275551555,191.415867478107,227.165253565394,229.594098752348,200.925635487019,231.282542791129,229.611310702693,205.725998384852,206.125724547303,231.169559457256,171.341194821687,230.651917431771,230.773027846677,219.465764740904,192.720009987272,233.713092208801,206.137309607104,210.985900240174,218.222053932652,291.534818726691,200.643178306773,264.954175621716,222.023175516084,172.490375534617,227.78127093574,213.180557044978,207.344302506315,198.249710500655,216.605302221732,167.968060533944,234.540698344061,188.761535669614,206.261436849971,193.305195188817,209.145887975591,251.635687193488,216.619970287752,237.996114976624,194.95683263354,229.038212605067,216.95110692158,229.438539691284,228.381167109852,196.959724648335,194.23137375517,252.286625752922,241.966578994935,202.093523116355,210.152227341315,231.035727689519,189.460275551555,191.415867478107
215.574535890988,192.846079327073,190.739135392343,207.600578064518,204.844985525465,199.120455398262,190.110432988544,175.562677197329,168.152093030776,216.872796262164,214.845667043055,189.461470872174,176.002157746679,239.360589627607,185.98208529214,188.78722871995,200.581175731444,200.643178306773,229.734569778439,238.650104350144,191.823026404907,164.227039011259,193.28706761709,180.277518671886,186.74429444481,187.25046221618,195.859073443014,171.753125243891,208.063580424468,182.751137008543,204.932368410211,181.180598062507,202.316337672685,221.274604200555,219.700214857912,209.93239616105,197.075563033641,210.881983052766,220.248797746617,198.803521895948,190.308436399206,200.714316654977,165.551826030483,224.073324408908,207.924328583858,198.091224834059,182.530523801741,197.995263311988,191.283913116988,176.477176484798,215.574535890988,192.846079327073,190.739135392343,207.600578064518,204.844985525465,199.120455398262,190.110432988544,175.562677197329,168.152093030776,216.872796262164,214.845667043055,189.461470872174,176.002157746679,239.360589627607,185.98208529214,188.78722871995,200.581175731444,200.643178306773,229.734569778439,238.650104350144,191.823026404907,164.227039011259,193.28706761709,180.277518671886,186.74429444481,187.25046221618,195.859073443014,171.753125243891,208.063580424468,182.751137008543,204.932368410211,181.180598062507,202.316337672685,221.274604200555,219.700214857912,209.93239616105,197.075563033641,210.881983052766,220.248797746617,198.803521895948,190.308436399206,200.714316654977,165.551826030483,224.073324408908,207.924328583858,198.091224834059,182.530523801741,197.995263311988,191.283913116988,176.477176484798
252.982248357953,253.235760621732,236.287612872895,249.756450444465,246.732858961819,227.385615624484,228.477301731877,227.284464206067,217.492970249765,260.566917084023,250.058875764484,240.965413210448,219.085676814169,266.689909590089,237.019228160706,230.688438633581,251.011390239402,264.954175621716,238.650104350144,340.993551949709,232.38544086509,201.176109893617,252.300710690334,229.81778682529,236.048070721447,228.229029172104,252.946167920903,209.338951719264,252.642320201913,204.303275227041,242.965603259312,216.531566677168,249.943916078681,273.652644772213,278.318392517291,267.728278296404,243.517576900027,259.37649305529,263.516073545616,245.961808001742,249.433649317995,251.266754621548,203.281432119844,277.494121309102,260.45707133911,243.904365535728,229.103351878255,250.27594567221,231.657303083678,218.613918368171,252.982248357953,253.235760621732,236.287612872895,249.756450444465,246.732858961819,227.385615624484,228.477301731877,227.284464206067,217.492970249765,260.566917084023,250.058875764484,240.965413210448,219.085676814169,266.689909590089,237.019228160706,230.688438633581,251.011390239402,264.954175621716,238.650104350144,340.993551949709,232.38544086509,201.176109893617,252.300710690334,229.81778682529,236.048070721447,228.229029172104,252.946167920903,209.338951719264,252.642320201913,204.303275227041,242.965603259312,216.531566677168,249.943916078681,273.652644772213,278.318392517291,267.728278296404,243.517576900027,259.37649305529,263.516073545616,245.961808001742,249.433649317995,251.266754621548,203.281432119844,277.494121309102,260.45707133911,243.904365535728,229.103351878255,250.27594567221,231.657303083678,218.613918368171
206.523102329479,187.562223132904,183.638181481593,206.31548267305,205.042519885437,194.333464967244,184.052457165434,196.699337577471,167.599346154619,217.790226131925,193.693523555946,194.846954974106,173.082654601641,219.628956398366,190.884975505005,211.191084884158,206.333771129341,222.023175516084,191.823026404907,232.38544086509,242.310286279717,168.517669837811,211.317929286087,177.382688449015,190.208038573813,182.482003537783,204.361052802732,158.646488036348,216.225000832594,175.85725170924,192.812239595568,188.822389248879,192.324832237969,213.37763975158,216.107374145571,224.123366748655,196.981230709562,207.217329229969,201.54973188597,200.32980970154,200.866562738278,176.66385929481,175.837403472487,222.002795709078,229.647958003894,182.574068637491,177.999650546927,203.645402019034,198.544313544226,180.565207407621,206.523102329479,187.562223132904,183.638181481593,206.31548267305,205.042519885437,194.333464967244,184.052457165434,196.699337577471,167.599346154619,217.790226131925,193.693523555946,194.846954974106,173.082654601641,219.628956398366,190.884975505005,211.191084884158,206.333771129341,222.023175516084,191.823026404907,232.38544086509,242.310286279717,168.517669837811,211.317929286087,177.382688449015,190.208038573813,182.482003537783,204.361052802732,158.646488036348,216.225000832594,175.85725170924,192.812239595568,188.822389248879,192.324832237969,213.37763975158,216.107374145571,224.123366748655,196.981230709562,207.217329229969,201.54973188597,200.32980970154,200.866562738278,176.66385929481,175.837403472487,222.002795709078,229.647958003894,182.574068637491,177.999650546927,203.645402019034,198.544313544226,180.565207407621
191.741111841903,174.039373373314,170.178286316901,178.822971689971,189.61599924895,166.693440923906,178.892008710233,169.528992951513,145.653419566195,197.130201832788,172.679119582356,175.676499100873,162.267663791686,209.049172518327,168.31808813622,165.611920611143,192.008900775682,172.490375534617,164.227039011259,201.176109893617,168.517669837811,198.594603517999,191.259888349013,163.237281739333,159.555347746527,168.865635326546,192.38814060489,140.326199639943,200.423957924743,166.513577530652,168.795801022762,175.033086287783,156.446981702423,205.033370165494,195.225666679925,187.546831667795,171.946272091383,164.497450822523,178.4883659385,172.262225489137,178.115248787087,183.471709740379,138.813259950493,206.35357526057,202.355728443783,170.399511969428,173.415116316612,169.093063194687,168.208402091802,164.899515013183,191.741111841903,174.039373373314,170.178286316901,178.822971689971,189.61599924895,166.693440923906,178.892008710233,169.528992951513,145.653419566195,197.130201832788,172.679119582356,175.676499100873,162.267663791686,209.049172518327,168.31808813622,165.611920611143,192.008900775682,172.490375534617,164.227039011259,201.176109893617,168.517669837811,198.594603517999,191.259888349013,163.237281739333,159.555347746527,168.865635326546,192.38814060489,140.326199639943,200.423957924743,166.513577530652,168.795801022762,175.033086287783,156.446981702423,205.033370165494,195.225666679925,187.546831667795,171.946272091383,164.497450822523,178.4883659385,172.262225489137,178.115248787087,183.471709740379,138.813259950493,206.35357526057,202.355728443783,170.399511969428,173.415116316612,169.093063194687,168.208402091802,164.899515013183
221.35009283165,217.338155859667,197.787099164283,222.002664252993,215.474042664932,185.431918343861,215.406036427003,208.078935263523,180.737082196564,235.575865909917,214.06073775448,209.30449162079,193.540159422585,230.542026419769,204.416707710811,207.668030859972,229.723294826621,227.78127093574,193.28706761709,252.300710690334,211.317929286087,191.259888349013,251.346060464695,206.252390254594,195.995026942919,196.196423555238,223.289235727379,160.820884655155,235.097789951023,193.520306843581,210.16888220298,203.98288337826,200.678991008816,238.271358644834,234.10227804949,233.136828610068,196.028189467221,226.712061327974,210.925956396584,225.996637365164,212.613907144819,211.463549157548,171.674586852923,241.277220196982,242.416302600049,208.004071537059,207.952467182686,207.846657000841,206.571874406649,188.658650409774,221.35009283165,217.338155859667,197.787099164283,222.002664252993,215.474042664932,185.431918343861,215.406036427003,208.078935263523,180.737082196564,235.575865909917,214.06073775448,209.30449162079,193.540159422585,230.542026419769,204.416707710811,207.668030859972,229.723294826621,227.78127093574,193.28706761709,252.300710690334,211.317929286087,191.259888349013,251.346060464695,206.252390254594,195.995026942919,196.196423555238,223.289235727379,160.820884655155,235.097789951023,193.520306843581,210.16888220298,203.98288337826,200.678991008816,238.271358644834,234.10227804949,233.136828610068,196.028189467221,226.712061327974,210.925956396584,225.996637365164,212.613907144819,211.463549157548,171.674586852923,241.277220196982,242.416302600049,208.004071537059,207.952467182686,207.846657000841,206.571874406649,188.658650409774
