256.229252217201,208.56747142381,221.921375571388,181.209172103394,199.331816924988,164.824683348322,236.136825784651,160.376644405357,201.561835524812,226.103507999174,204.462162749275,194.399024701652,197.64533196114,168.820808760415,191.670911049263,177.112023315513,162.089318792882,197.474640471071,213.999622376064,174.545916239185,169.152840334746,202.87155552474,199.437199865273,200.975740608595,209.861740596293,177.56149976177,192.859313973409,225.997765175823,194.033425130622,214.894982871404,218.184507650287,182.096317906045,171.973134829302,182.089653435099,212.016124008003,206.253766452455,208.896313582806,205.819338887927,213.42029267816,214.545465175665,210.747276562083,209.462209153542,206.612276782943,207.370324555435,187.817917296507,194.32510132232,205.619547071803,245.87218739521,198.177710904236,194.669538797509,256.229252217201,208.56747142381,221.921375571388,181.209172103394,199.331816924988,164.824683348322,236.136825784651,160.376644405357,201.561835524812,226.103507999174,204.462162749275,194.399024701652,197.64533196114,168.820808760415,191.670911049263,177.112023315513,162.089318792882,197.474640471071,213.999622376064,174.545916239185,169.152840334746,202.87155552474,199.437199865273,200.975740608595,209.861740596293,177.56149976177,192.859313973409,225.997765175823,194.033425130622,214.894982871404,218.184507650287,182.096317906045,171.973134829302,182.089653435099,212.016124008003,206.253766452455,208.896313582806,205.819338887927,213.42029267816,214.545465175665,210.747276562083,209.462209153542,206.612276782943,207.370324555435,187.817917296507,194.32510132232,205.619547071803,245.87218739521,198.177710904236,194.669538797509
208.567470829575,246.927981524917,228.984367846628,178.915125544778,208.96148937646,178.356370983253,234.841892629396,158.499213809561,206.430312754295,212.360450396812,202.438926193166,169.529109016008,217.019887069501,178.960370730801,205.385091897061,181.134096671528,168.807784777852,192.786244220254,213.927384083796,182.030957347324,163.115616077259,200.453552755045,203.586626458233,209.027902306009,194.583712342282,206.081508907029,202.053284536757,209.929173764851,191.410710835603,225.390159587837,221.780105392947,186.489075116695,177.019009079549,183.731027702582,223.24034043956,193.451801728947,204.260874554343,211.140168603234,207.583074960872,217.986105537161,214.796717209125,200.815284836433,210.095176404394,203.270787593281,188.528110346303,195.021448063393,197.652937488577,235.909413798613,195.180165408667,190.492367587317,208.567470829575,246.927981524917,228.984367846628,178.915125544778,208.96148937646,178.356370983253,234.841892629396,158.499213809561,206.430312754295,212.360450396812,202.438926193166,169.529109016008,217.019887069501,178.960370730801,205.385091897061,181.134096671528,168.807784777852,192.786244220254,213.927384083796,182.030957347324,163.115616077259,200.453552755045,203.586626458233,209.027902306009,194.583712342282,206.081508907029,202.053284536757,209.929173764851,191.410710835603,225.390159587837,221.780105392947,186.489075116695,177.019009079549,183.731027702582,223.24034043956,193.451801728947,204.260874554343,211.140168603234,207.583074960872,217.986105537161,214.796717209125,200.815284836433,210.095176404394,203.270787593281,188.528110346303,195.021448063393,197.652937488577,235.909413798613,195.180165408667,190.492367587317
221.921374977153,228.984367846628,279.529748088525,194.280128093379,227.13258469142,190.110166014094,256.122280536373,182.662930816939,221.204442299451,243.267334665992,224.675379995298,186.627580064651,216.693959577538,185.112775891606,203.895609292152,186.039857523053,187.813189160495,198.710899395794,241.462790701329,183.552897865136,180.42474228258,225.668821477069,228.418930951676,223.987972787129,218.674299214106,213.839922587081,204.579669366792,235.940680428202,199.928828375704,242.042589999141,231.758042280914,191.417336876833,197.350182059638,206.78123088184,237.244145626,204.893757306062,218.941894098953,227.927444790007,217.715206218619,214.698200913813,211.345983071732,231.889709592329,219.077129365113,217.53177218263,203.634556121649,211.321444344696,205.937393435959,249.938859655703,203.774479783537,190.839140777689,221.921374977153,228.984367846628,279.529748088525,194.280128093379,227.13258469142,190.110166014094,256.122280536373,182.662930816939,221.204442299451,243.267334665992,224.675379995298,186.627580064651,216.693959577538,185.112775891606,203.895609292152,186.039857523053,187.813189160495,198.710899395794,241.462790701329,183.552897865136,180.42474228258,225.668821477069,228.418930951676,223.987972787129,218.674299214106,213.839922587081,204.579669366792,235.940680428202,199.928828375704,242.042589999141,231.758042280914,191.417336876833,197.350182059638,206.78123088184,237.244145626,204.893757306062,218.941894098953,227.927444790007,217.715206218619,214.698200913813,211.345983071732,231.889709592329,219.077129365113,217.53177218263,203.634556121649,211.321444344696,205.937393435959,249.938859655703,203.774479783537,190.839140777689
181.209171509159,178.915125544778,194.280128093379,221.835121794216,177.595835132432,141.060852565231,208.543421185168,129.373638001631,176.737678787331,193.557061679532,185.358629339726,165.263487328391,181.402132849104,159.573663024736,167.283913974573,162.12411786943,155.18455836137,186.628069872643,191.893013328468,155.032456698256,150.20265507831,184.597340890149,168.510368013775,169.255251763913,178.337019441114,153.987494249061,168.251844595981,199.540399503541,164.758102149432,190.524304927326,184.912882792043,158.360410955441,157.8721261521,145.246955629389,190.646688836936,185.103321365573,182.438985417429,177.434886073875,185.474198695679,186.823258656487,180.042367591322,187.149249487601,175.127436862264,173.208377502276,155.500010207626,168.335135608539,172.569902230787,234.710947402813,183.661218450223,172.671694946721,181.209171509159,178.915125544778,194.280128093379,221.835121794216,177.595835132432,141.060852565231,208.543421185168,129.373638001631,176.737678787331,193.557061679532,185.358629339726,165.263487328391,181.402132849104,159.573663024736,167.283913974573,162.12411786943,155.18455836137,186.628069872643,191.893013328468,155.032456698256,150.20265507831,184.597340890149,168.510368013775,169.255251763913,178.337019441114,153.987494249061,168.251844595981,199.540399503541,164.758102149432,190.524304927326,184.912882792043,158.360410955441,157.8721261521,145.246955629389,190.646688836936,185.103321365573,182.438985417429,177.434886073875,185.474198695679,186.823258656487,180.042367591322,187.149249487601,175.127436862264,173.208377502276,155.500010207626,168.335135608539,172.569902230787,234.710947402813,183.661218450223,172.671694946721
199.331816330753,208.96148937646,227.13258469142,177.595835132432,268.07696249183,175.907500908976,233.39764307191,166.237121139595,205.253083703199,227.239050705069,202.80263378758,179.744862583418,206.975349477622,189.047092313956,196.511877933952,180.56057060189,180.958924977585,173.952871249721,226.095515068084,178.827157560908,173.699730632912,204.03377590572,205.00748655724,197.984417721935,197.468230315276,201.127537308477,188.524334832058,215.075001124792,186.236954041777,214.648422782399,213.898881315076,158.397042430893,184.672297873727,185.197508866377,221.660956265363,214.554355903939,205.292020848356,214.20289402295,221.793362931032,209.953251279174,188.810607822697,213.023453053632,210.571446344624,201.801996634585,190.04197313215,210.177534225624,194.61318919819,242.326912074373,189.099157497527,192.775026869412,199.331816330753,208.96148937646,227.13258469142,177.595835132432,268.07696249183,175.907500908976,233.39764307191,166.237121139595,205.253083703199,227.239050705069,202.80263378758,179.744862583418,206.975349477622,189.047092313956,196.511877933952,180.56057060189,180.958924977585,173.952871249721,226.095515068084,178.827157560908,173.699730632912,204.03377590572,205.00748655724,197.984417721935,197.468230315276,201.127537308477,188.524334832058,215.075001124792,186.236954041777,214.648422782399,213.898881315076,158.397042430893,184.672297873727,185.197508866377,221.660956265363,214.554355903939,205.292020848356,214.20289402295,221.793362931032,209.953251279174,188.810607822697,213.023453053632,210.571446344624,201.801996634585,190.04197313215,210.177534225624,194.61318919819,242.326912074373,189.099157497527,192.775026869412
164.824682754087,178.356370983253,190.110166014094,141.060852565231,175.907500908976,190.915388798042,201.463990572546,136.729243186504,179.106084036607,182.18537558525,166.202108220167,145.192130130985,175.409637355628,150.473447684811,154.436574504628,148.080854742116,138.449252995525,156.673681233108,173.820822131344,156.986442741771,151.154355897737,165.498993792716,177.268576624197,171.479543921783,165.855133839694,159.644541277916,160.653753206838,179.67627799242,153.235308027295,187.636482534847,179.098211245581,146.797590830158,159.89345312225,161.006767479125,184.570122619637,172.686443154871,182.287279578014,175.068307290379,161.315626548558,179.976976898326,168.802288763448,178.239946097944,176.391627972279,171.550904486001,154.651799155366,162.475775780387,157.487225403354,194.341028870899,156.944277401429,140.606346977851,164.824682754087,178.356370983253,190.110166014094,141.060852565231,175.907500908976,190.915388798042,201.463990572546,136.729243186504,179.106084036607,182.18537558525,166.202108220167,145.192130130985,175.409637355628,150.473447684811,154.436574504628,148.080854742116,138.449252995525,156.673681233108,173.820822131344,156.986442741771,151.154355897737,165.498993792716,177.268576624197,171.479543921783,165.855133839694,159.644541277916,160.653753206838,179.67627799242,153.235308027295,187.636482534847,179.098211245581,146.797590830158,159.89345312225,161.006767479125,184.570122619637,172.686443154871,182.287279578014,175.068307290379,161.315626548558,179.976976898326,168.802288763448,178.239946097944,176.391627972279,171.550904486001,154.651799155366,162.475775780387,157.487225403354,194.341028870899,156.944277401429,140.606346977851
236.136825190416,234.841892629396,256.122280536373,208.543421185168,233.39764307191,201.463990572546,307.413945033648,181.415448374328,233.446573211667,249.125640765759,230.695275535666,193.418210965418,232.741249914527,206.779086939365,220.470179861919,207.025750884939,194.226464221574,204.172032127325,245.466366833702,203.310590535285,194.940620533226,237.542881334776,230.613990872248,241.387142353926,218.312818210281,206.006574555026,224.569586954597,236.086377632317,206.653615110648,230.988892086167,257.830680845574,202.494573481082,211.038230509801,208.944368986602,235.290059475731,222.463861821607,237.577296282772,241.43834511025,227.898592330426,224.986451953315,239.208419704812,237.148327129973,224.806683123047,231.565758572655,221.282437550583,230.591365927552,224.369011148539,277.540998848503,221.799371025933,206.987171516387,236.136825190416,234.841892629396,256.122280536373,208.543421185168,233.39764307191,201.463990572546,307.413945033648,181.415448374328,233.446573211667,249.125640765759,230.695275535666,193.418210965418,232.741249914527,206.779086939365,220.470179861919,207.025750884939,194.226464221574,204.172032127325,245.466366833702,203.310590535285,194.940620533226,237.542881334776,230.613990872248,241.387142353926,218.312818210281,206.006574555026,224.569586954597,236.086377632317,206.653615110648,230.988892086167,257.830680845574,202.494573481082,211.038230509801,208.944368986602,235.290059475731,222.463861821607,237.577296282772,241.43834511025,227.898592330426,224.986451953315,239.208419704812,237.148327129973,224.806683123047,231.565758572655,221.282437550583,230.591365927552,224.369011148539,277.540998848503,221.799371025933,206.987171516387
160.376643811122,158.499213809561,182.662930816939,129.373638001631,166.237121139595,136.729243186504,181.415448374328,162.720549602001,162.63458028112,178.896085821784,152.597394826032,134.213207618811,153.705322466424,132.163548195401,140.651043223515,128.034146751187,133.131178161376,136.078045944279,161.654262938737,133.355803596862,132.465799540226,158.875824109498,159.324310436352,154.43588454752,142.484515522311,148.703200521264,145.289900790325,181.227191756824,141.285763720476,163.209948430656,173.780812251875,134.050953956715,140.130325545284,145.844242248618,168.417763026359,146.06829141653,163.720413761029,165.29282889525,158.031933275773,174.172277557414,160.617475474545,168.162675012695,154.005978157946,162.565100882052,137.500324236234,149.175642352667,146.587891581013,166.281019075783,141.697481321535,142.556294262456,160.376643811122,158.499213809561,182.662930816939,129.373638001631,166.237121139595,136.729243186504,181.415448374328,162.720549602001,162.63458028112,178.896085821784,152.597394826032,134.213207618811,153.705322466424,132.163548195401,140.651043223515,128.034146751187,133.131178161376,136.078045944279,161.654262938737,133.355803596862,132.465799540226,158.875824109498,159.324310436352,154.43588454752,142.484515522311,148.703200521264,145.289900790325,181.227191756824,141.285763720476,163.209948430656,173.780812251875,134.050953956715,140.130325545284,145.844242248618,168.417763026359,146.06829141653,163.720413761029,165.29282889525,158.031933275773,174.172277557414,160.617475474545,168.162675012695,154.005978157946,162.565100882052,137.500324236234,149.175642352667,146.587891581013,166.281019075783,141.697481321535,142.556294262456
201.561834930577,206.430312754295,221.204442299451,176.737678787331,205.253083703199,179.106084036607,233.446573211667,162.63458028112,245.205453892604,218.644195973056,190.60301457958,179.019004455932,206.809595606062,195.074164386139,207.748331791529,169.998528747309,176.735934173478,190.190886822453,216.147175716038,174.374084915669,170.93699624061,193.955210026717,197.235124844231,208.127560857019,202.474807781239,195.091352743973,185.322129734732,217.869491038511,192.057016708768,223.602495451597,210.749685373816,173.193734053431,178.589312510356,196.767932270059,215.575597726357,202.107230930207,209.399989093057,212.12609880392,206.93969795796,211.497594255229,216.42387264571,212.043965259441,199.943987997639,205.517587301819,183.614484000661,199.336534152502,196.098503282344,233.024739871118,184.957071602508,178.733677819413,201.561834930577,206.430312754295,221.204442299451,176.737678787331,205.253083703199,179.106084036607,233.446573211667,162.63458028112,245.205453892604,218.644195973056,190.60301457958,179.019004455932,206.809595606062,195.074164386139,207.748331791529,169.998528747309,176.735934173478,190.190886822453,216.147175716038,174.374084915669,170.93699624061,193.955210026717,197.235124844231,208.127560857019,202.474807781239,195.091352743973,185.322129734732,217.869491038511,192.057016708768,223.602495451597,210.749685373816,173.193734053431,178.589312510356,196.767932270059,215.575597726357,202.107230930207,209.399989093057,212.12609880392,206.93969795796,211.497594255229,216.42387264571,212.043965259441,199.943987997639,205.517587301819,183.614484000661,199.336534152502,196.098503282344,233.024739871118,184.957071602508,178.733677819413
226.103507404939,212.360450396812,243.267334665992,193.557061679532,227.239050705069,182.18537558525,249.125640765759,178.896085821784,218.644195973056,270.516802297145,211.509021345002,203.551244381211,225.649822879509,192.82052314821,196.270350432128,183.401447498275,186.717271326108,201.807425140904,231.080866953059,178.51495226686,188.337605011499,210.487461071579,221.429483322538,230.297068419474,217.10198927628,209.430764136357,202.838540843408,245.903551632212,196.459968286774,217.270444474867,228.681361990209,186.10372184357,188.274270155708,212.853875980995,229.872325729109,224.477624240853,231.001754971559,222.434776287737,229.058871633705,227.677520333789,219.69034458628,233.383734899269,214.056264387766,230.333836407855,193.524187268663,219.914133070653,203.729907669651,251.274754592405,204.742606117773,209.753569496714,226.103507404939,212.360450396812,243.267334665992,193.557061679532,227.239050705069,182.18537558525,249.125640765759,178.896085821784,218.644195973056,270.516802297145,211.509021345002,203.551244381211,225.649822879509,192.82052314821,196.270350432128,183.401447498275,186.717271326108,201.807425140904,231.080866953059,178.51495226686,188.337605011499,210.487461071579,221.429483322538,230.297068419474,217.10198927628,209.430764136357,202.838540843408,245.903551632212,196.459968286774,217.270444474867,228.681361990209,186.10372184357,188.274270155708,212.853875980995,229.872325729109,224.477624240853,231.001754971559,222.434776287737,229.058871633705,227.677520333789,219.69034458628,233.383734899269,214.056264387766,230.333836407855,193.524187268663,219.914133070653,203.729907669651,251.274754592405,204.742606117773,209.753569496714
204.46216215504,202.438926193166,224.675379995298,185.358629339726,202.80263378758,166.202108220167,230.695275535666,152.597394826032,190.60301457958,211.509021345002,241.835321187369,167.483865611214,194.275284450883,169.743044823572,189.620445988621,175.240935197969,172.221700369273,181.519660936657,213.174479631757,168.393843152959,152.502966633223,210.705188271848,204.101516679677,192.715349944089,184.945583803555,169.820663279466,199.910854777289,198.757071261936,187.176544056448,218.798809778079,215.207057181718,173.824479766866,182.134311061397,184.30889634159,207.650355967643,190.219379465178,209.702738964329,205.789843068741,207.288410591492,212.655504792405,189.054936490851,211.739249569828,196.212273330381,188.923292619113,192.808756027458,196.023471179643,180.581087987805,234.98672995326,184.464255116063,191.337804858963,204.46216215504,202.438926193166,224.675379995298,185.358629339726,202.80263378758,166.202108220167,230.695275535666,152.597394826032,190.60301457958,211.509021345002,241.835321187369,167.483865611214,194.275284450883,169.743044823572,189.620445988621,175.240935197969,172.221700369273,181.519660936657,213.174479631757,168.393843152959,152.502966633223,210.705188271848,204.101516679677,192.715349944089,184.945583803555,169.820663279466,199.910854777289,198.757071261936,187.176544056448,218.798809778079,215.207057181718,173.824479766866,182.134311061397,184.30889634159,207.650355967643,190.219379465178,209.702738964329,205.789843068741,207.288410591492,212.655504792405,189.054936490851,211.739249569828,196.212273330381,188.923292619113,192.808756027458,196.023471179643,180.581087987805,234.98672995326,184.464255116063,191.337804858963
194.399024107417,169.529109016008,186.627580064651,165.263487328391,179.744862583418,145.192130130985,193.418210965418,134.213207618811,179.019004455932,203.551244381211,167.483865611214,200.731114902785,180.29609688917,158.855764230779,166.342235531551,150.199504243854,154.035998801776,172.020035676912,189.829372943158,158.703262344467,148.14826398455,171.357857311536,171.651887598127,172.994324850548,185.526058908678,155.722985004931,163.64124032204,199.54255146719,162.782094020078,182.292909479829,186.666898077489,142.149031857451,150.880808490096,158.113534789559,185.637693498998,188.446295562784,189.898604831946,165.904376077556,190.876954930987,182.478286057689,176.867972505394,182.735030132245,179.959155545944,188.958594056953,157.159522114358,177.762944704299,164.316783138681,216.164232771537,172.599383145,163.365827915677,194.399024107417,169.529109016008,186.627580064651,165.263487328391,179.744862583418,145.192130130985,193.418210965418,134.213207618811,179.019004455932,203.551244381211,167.483865611214,200.731114902785,180.29609688917,158.855764230779,166.342235531551,150.199504243854,154.035998801776,172.020035676912,189.829372943158,158.703262344467,148.14826398455,171.357857311536,171.651887598127,172.994324850548,185.526058908678,155.722985004931,163.64124032204,199.54255146719,162.782094020078,182.292909479829,186.666898077489,142.149031857451,150.880808490096,158.113534789559,185.637693498998,188.446295562784,189.898604831946,165.904376077556,190.876954930987,182.478286057689,176.867972505394,182.735030132245,179.959155545944,188.958594056953,157.159522114358,177.762944704299,164.316783138681,216.164232771537,172.599383145,163.365827915677
197.645331366905,217.019887069501,216.693959577538,181.402132849104,206.975349477622,175.409637355628,232.741249914527,153.705322466424,206.809595606062,225.649822879509,194.275284450883,180.29609688917,261.926662000196,184.599931253776,201.902535392456,186.26318585713,175.317229991444,183.572007874808,208.956773115148,179.723384772454,166.025179356878,203.610535651048,200.56554373261,214.864437916093,184.937403407222,204.710987366723,189.357215286406,208.776756429738,187.812497460307,216.842213050868,203.001675041204,196.363492191315,171.554987115418,177.731812640747,217.97037381948,210.302632763711,214.161613405548,210.950165436169,196.075488039013,203.048263877187,208.829536368829,224.653916862609,216.547967434032,215.425822928683,200.844782840714,200.158857409798,197.72693684955,248.732489475057,193.316441122924,185.59083560612,197.645331366905,217.019887069501,216.693959577538,181.402132849104,206.975349477622,175.409637355628,232.741249914527,153.705322466424,206.809595606062,225.649822879509,194.275284450883,180.29609688917,261.926662000196,184.599931253776,201.902535392456,186.26318585713,175.317229991444,183.572007874808,208.956773115148,179.723384772454,166.025179356878,203.610535651048,200.56554373261,214.864437916093,184.937403407222,204.710987366723,189.357215286406,208.776756429738,187.812497460307,216.842213050868,203.001675041204,196.363492191315,171.554987115418,177.731812640747,217.97037381948,210.302632763711,214.161613405548,210.950165436169,196.075488039013,203.048263877187,208.829536368829,224.653916862609,216.547967434032,215.425822928683,200.844782840714,200.158857409798,197.72693684955,248.732489475057,193.316441122924,185.59083560612
168.82080816618,178.960370730801,185.112775891606,159.573663024736,189.047092313956,150.473447684811,206.779086939365,132.163548195401,195.074164386139,192.82052314821,169.743044823572,158.855764230779,184.599931253776,200.553246621237,178.741330991444,155.41461211991,151.979563585202,170.736209497424,193.919977468368,160.568087369497,139.60982514673,163.942005804319,171.018801898646,182.471333009731,174.226042884947,168.845779464317,166.857775653835,177.102100156115,168.208139611293,188.82054536944,188.554076622423,157.394592102233,157.95446233966,156.325268505997,192.71752102243,192.661664366402,193.387247401614,186.685446525797,186.754828739813,186.519029092422,194.64734083209,173.817625345994,169.738422399372,183.421463714292,157.20353117912,185.546170949993,170.350720999104,206.550106809254,163.725683381691,172.438008076401,168.82080816618,178.960370730801,185.112775891606,159.573663024736,189.047092313956,150.473447684811,206.779086939365,132.163548195401,195.074164386139,192.82052314821,169.743044823572,158.855764230779,184.599931253776,200.553246621237,178.741330991444,155.41461211991,151.979563585202,170.736209497424,193.919977468368,160.568087369497,139.60982514673,163.942005804319,171.018801898646,182.471333009731,174.226042884947,168.845779464317,166.857775653835,177.102100156115,168.208139611293,188.82054536944,188.554076622423,157.394592102233,157.95446233966,156.325268505997,192.71752102243,192.661664366402,193.387247401614,186.685446525797,186.754828739813,186.519029092422,194.64734083209,173.817625345994,169.738422399372,183.421463714292,157.20353117912,185.546170949993,170.350720999104,206.550106809254,163.725683381691,172.438008076401
191.670910455028,205.385091897061,203.895609292152,167.283913974573,196.511877933952,154.436574504628,220.470179861919,140.651043223515,207.748331791529,196.270350432128,189.620445988621,166.342235531551,201.902535392456,178.741330991444,257.146417758789,176.686384640889,174.479168058353,185.180898353912,197.291216951533,170.891688712747,149.055115745226,193.049394463064,188.199610651158,197.545053546619,187.176165670009,175.045477169674,158.487638152001,184.000800044372,174.115547161561,206.030203753594,206.032365647893,143.847408196178,160.040461417875,187.348832541202,204.137744670876,191.341502803586,187.657001893957,193.157911471371,191.579419397516,195.526161721581,198.723792859686,195.29313996877,191.340837426352,198.945391043614,184.418991145049,189.778544888823,201.456911066744,223.953362514809,186.812408189695,188.134879973781,191.670910455028,205.385091897061,203.895609292152,167.283913974573,196.511877933952,154.436574504628,220.470179861919,140.651043223515,207.748331791529,196.270350432128,189.620445988621,166.342235531551,201.902535392456,178.741330991444,257.146417758789,176.686384640889,174.479168058353,185.180898353912,197.291216951533,170.891688712747,149.055115745226,193.049394463064,188.199610651158,197.545053546619,187.176165670009,175.045477169674,158.487638152001,184.000800044372,174.115547161561,206.030203753594,206.032365647893,143.847408196178,160.040461417875,187.348832541202,204.137744670876,191.341502803586,187.657001893957,193.157911471371,191.579419397516,195.526161721581,198.723792859686,195.29313996877,191.340837426352,198.945391043614,184.418991145049,189.778544888823,201.456911066744,223.953362514809,186.812408189695,188.134879973781
177.112022721278,181.134096671528,186.039857523053,162.12411786943,180.56057060189,148.080854742116,207.025750884939,128.034146751187,169.998528747309,183.401447498275,175.240935197969,150.199504243854,186.26318585713,155.41461211991,176.686384640889,185.678305431757,140.55449209446,163.522878233022,183.138848546632,149.956754407055,146.26141768475,176.391769618765,162.231573757561,174.903832744238,162.553180449282,155.422234384855,165.005221188179,171.159653991421,167.98490037757,176.036283869362,186.791631062088,152.742037024957,151.971676575334,151.9167522367,176.928619697494,173.560127039219,173.21566371588,174.387697931886,171.562880578453,175.352439108237,176.531182654896,179.153244960571,164.633747736597,171.133781344123,162.008117206663,165.60586640638,169.692915178888,211.122624660187,160.943786085366,152.132480856304,177.112022721278,181.134096671528,186.039857523053,162.12411786943,180.56057060189,148.080854742116,207.025750884939,128.034146751187,169.998528747309,183.401447498275,175.240935197969,150.199504243854,186.26318585713,155.41461211991,176.686384640889,185.678305431757,140.55449209446,163.522878233022,183.138848546632,149.956754407055,146.26141768475,176.391769618765,162.231573757561,174.903832744238,162.553180449282,155.422234384855,165.005221188179,171.159653991421,167.98490037757,176.036283869362,186.791631062088,152.742037024957,151.971676575334,151.9167522367,176.928619697494,173.560127039219,173.21566371588,174.387697931886,171.562880578453,175.352439108237,176.531182654896,179.153244960571,164.633747736597,171.133781344123,162.008117206663,165.60586640638,169.692915178888,211.122624660187,160.943786085366,152.132480856304
162.089318198647,168.807784777852,187.813189160495,155.18455836137,180.958924977585,138.449252995525,194.226464221574,133.131178161376,176.735934173478,186.717271326108,172.221700369273,154.035998801776,175.317229991444,151.979563585202,174.479168058353,140.55449209446,182.796076577053,145.747824540868,184.980639832141,145.052885384232,134.937621577391,182.732272755053,166.890021757237,176.089452171282,164.366766950346,156.975341189573,149.041277892276,188.101422292651,156.184190049571,174.558035038248,166.05572970121,129.045481637488,145.602274184154,163.91244454651,190.089435860943,165.808211241929,171.925672151918,179.289128468406,171.277035341671,174.690378674461,168.407043296281,183.884987437661,178.225037048819,176.072157661266,168.315284599651,182.760488892714,164.00764968384,205.036483163054,157.472991225961,153.15722909347,162.089318198647,168.807784777852,187.813189160495,155.18455836137,180.958924977585,138.449252995525,194.226464221574,133.131178161376,176.735934173478,186.717271326108,172.221700369273,154.035998801776,175.317229991444,151.979563585202,174.479168058353,140.55449209446,182.796076577053,145.747824540868,184.980639832141,145.052885384232,134.937621577391,182.732272755053,166.890021757237,176.089452171282,164.366766950346,156.975341189573,149.041277892276,188.101422292651,156.184190049571,174.558035038248,166.05572970121,129.045481637488,145.602274184154,163.91244454651,190.089435860943,165.808211241929,171.925672151918,179.289128468406,171.277035341671,174.690378674461,168.407043296281,183.884987437661,178.225037048819,176.072157661266,168.315284599651,182.760488892714,164.00764968384,205.036483163054,157.472991225961,153.15722909347
197.474639876836,192.786244220254,198.710899395794,186.628069872643,173.952871249721,156.673681233108,204.172032127325,136.078045944279,190.190886822453,201.807425140904,181.519660936657,172.020035676912,183.572007874808,170.736209497424,185.180898353912,163.522878233022,145.747824540868,237.620211582616,189.125069053887,169.207076385117,149.679682361719,163.458272752307,176.064809297021,186.693484771951,195.160740477484,169.682037730854,167.495774666585,184.575441785029,162.846992983279,198.433222039117,205.836751130909,170.769411535779,166.041622652292,158.468242186705,199.549221187589,188.924400345789,194.384892785669,182.097078038715,191.478678763456,190.634487021396,198.576134353263,191.442160020106,179.103197046048,188.038786384273,148.923373896465,186.692819167285,191.842407167129,213.053958492118,181.985986169457,176.446877208154,197.474639876836,192.786244220254,198.710899395794,186.628069872643,173.952871249721,156.673681233108,204.172032127325,136.078045944279,190.190886822453,201.807425140904,181.519660936657,172.020035676912,183.572007874808,170.736209497424,185.180898353912,163.522878233022,145.747824540868,237.620211582616,189.125069053887,169.207076385117,149.679682361719,163.458272752307,176.064809297021,186.693484771951,195.160740477484,169.682037730854,167.495774666585,184.575441785029,162.846992983279,198.433222039117,205.836751130909,170.769411535779,166.041622652292,158.468242186705,199.549221187589,188.924400345789,194.384892785669,182.097078038715,191.478678763456,190.634487021396,198.576134353263,191.442160020106,179.103197046048,188.038786384273,148.923373896465,186.692819167285,191.842407167129,213.053958492118,181.985986169457,176.446877208154
213.999621781829,213.927384083796,241.462790701329,191.893013328468,226.095515068084,173.820822131344,245.466366833702,161.654262938737,216.147175716038,231.080866953059,213.174479631757,189.829372943158,208.956773115148,193.919977468368,197.291216951533,183.138848546632,184.980639832141,189.125069053887,258.410833401298,183.773291321104,179.002046994061,211.969229105313,199.044642019711,213.959546603319,213.43928087399,197.306994378337,196.75297929775,227.149990978603,189.3297323478,217.882374547955,219.937113540393,183.46105091721,182.293009724241,203.510043503135,230.172436054823,213.675307513588,222.356977641657,215.014704737668,223.533184006586,210.289153220703,212.55218394873,222.013349003893,213.37010356841,209.258872928173,199.162545071776,211.190067296663,197.262748269515,247.91474643918,194.80509821747,191.215066915998,213.999621781829,213.927384083796,241.462790701329,191.893013328468,226.095515068084,173.820822131344,245.466366833702,161.654262938737,216.147175716038,231.080866953059,213.174479631757,189.829372943158,208.956773115148,193.919977468368,197.291216951533,183.138848546632,184.980639832141,189.125069053887,258.410833401298,183.773291321104,179.002046994061,211.969229105313,199.044642019711,213.959546603319,213.43928087399,197.306994378337,196.75297929775,227.149990978603,189.3297323478,217.882374547955,219.937113540393,183.46105091721,182.293009724241,203.510043503135,230.172436054823,213.675307513588,222.356977641657,215.014704737668,223.533184006586,210.289153220703,212.55218394873,222.013349003893,213.37010356841,209.258872928173,199.162545071776,211.190067296663,197.262748269515,247.91474643918,194.80509821747,191.215066915998
174.54591564495,182.030957347324,183.552897865136,155.032456698256,178.827157560908,156.986442741771,203.310590535285,133.355803596862,174.374084915669,178.51495226686,168.393843152959,158.703262344467,179.723384772454,160.568087369497,170.891688712747,149.956754407055,145.052885384232,169.207076385117,183.773291321104,195.53928205891,146.619355487599,165.272895236755,162.565317598637,165.41849559662,165.520180541942,156.640209062323,159.353037571823,181.356587666161,149.362267763382,190.698278605771,176.530809136244,161.876672183083,153.477624737219,151.600069012387,184.91592283883,177.282750974328,182.450331854564,175.094581028432,175.622929063319,173.476772821629,184.292653904739,179.679771365447,181.221772729295,185.534088225876,172.29841920836,172.457118982667,171.857274832287,202.67922787287,176.580600655401,158.489915585464,174.54591564495,182.030957347324,183.552897865136,155.032456698256,178.827157560908,156.986442741771,203.310590535285,133.355803596862,174.374084915669,178.51495226686,168.393843152959,158.703262344467,179.723384772454,160.568087369497,170.891688712747,149.956754407055,145.052885384232,169.207076385117,183.773291321104,195.53928205891,146.619355487599,165.272895236755,162.565317598637,165.41849559662,165.520180541942,156.640209062323,159.353037571823,181.356587666161,149.362267763382,190.698278605771,176.530809136244,161.876672183083,153.477624737219,151.600069012387,184.91592283883,177.282750974328,182.450331854564,175.094581028432,175.622929063319,173.476772821629,184.292653904739,179.679771365447,181.221772729295,185.534088225876,172.29841920836,172.457118982667,171.857274832287,202.67922787287,176.580600655401,158.489915585464
169.152839740511,163.115616077259,180.42474228258,150.20265507831,173.699730632912,151.154355897737,194.940620533226,132.465799540226,170.93699624061,188.337605011499,152.502966633223,148.14826398455,166.025179356878,139.60982514673,149.055115745226,146.26141768475,134.937621577391,149.679682361719,179.002046994061,146.619355487599,193.074109352449,164.683528955437,157.52952501218,170.699150708983,168.25273714905,154.005620977504,158.686594408829,181.131208069603,138.019273393119,174.84182322963,168.056278236591,137.387254986275,144.6724095798,155.32758640782,178.345984597902,172.958077061319,174.11050985674,169.368592111049,163.90677816821,172.182890813975,169.85091819443,168.961510490562,155.870249771215,165.985327906954,148.09746828463,163.558673305421,167.961221021996,191.718290547799,160.932819157618,144.314380827349,169.152839740511,163.115616077259,180.42474228258,150.20265507831,173.699730632912,151.154355897737,194.940620533226,132.465799540226,170.93699624061,188.337605011499,152.502966633223,148.14826398455,166.025179356878,139.60982514673,149.055115745226,146.26141768475,134.937621577391,149.679682361719,179.002046994061,146.619355487599,193.074109352449,164.683528955437,157.52952501218,170.699150708983,168.25273714905,154.005620977504,158.686594408829,181.131208069603,138.019273393119,174.84182322963,168.056278236591,137.387254986275,144.6724095798,155.32758640782,178.345984597902,172.958077061319,174.11050985674,169.368592111049,163.90677816821,172.182890813975,169.85091819443,168.961510490562,155.870249771215,165.985327906954,148.09746828463,163.558673305421,167.961221021996,191.718290547799,160.932819157618,144.314380827349
202.871554930505,200.453552755045,225.668821477069,184.597340890149,204.03377590572,165.498993792716,237.542881334776,158.875824109498,193.955210026717,210.487461071579,210.705188271848,171.357857311536,203.610535651048,163.942005804319,193.049394463064,176.391769618765,182.732272755053,163.458272752307,211.969229105313,165.272895236755,164.683528955437,244.514365541936,206.473922814792,202.965345909276,181.16254366855,172.358393659433,183.487476136006,206.22682578548,182.139279136832,218.376680611505,206.20471551145,171.299126726395,176.008950418392,182.943307878713,207.890059635927,188.795842191747,206.858165299868,211.858920236418,199.431132062316,204.46823181627,196.732299867955,214.924773588912,200.781678872751,200.565244930725,185.087159527276,192.005178214719,194.372158730564,253.640439102195,190.334417791935,187.279213622016,202.871554930505,200.453552755045,225.668821477069,184.597340890149,204.03377590572,165.498993792716,237.542881334776,158.875824109498,193.955210026717,210.487461071579,210.705188271848,171.357857311536,203.610535651048,163.942005804319,193.049394463064,176.391769618765,182.732272755053,163.458272752307,211.969229105313,165.272895236755,164.683528955437,244.514365541936,206.473922814792,202.965345909276,181.16254366855,172.358393659433,183.487476136006,206.22682578548,182.139279136832,218.376680611505,206.20471551145,171.299126726395,176.008950418392,182.943307878713,207.890059635927,188.795842191747,206.858165299868,211.858920236418,199.431132062316,204.46823181627,196.732299867955,214.924773588912,200.781678872751,200.565244930725,185.087159527276,192.005178214719,194.372158730564,253.640439102195,190.334417791935,187.279213622016
199.437199271039,203.586626458233,228.418930951676,168.510368013775,205.00748655724,177.268576624197,230.613990872248,159.324310436352,197.235124844231,221.429483322538,204.101516679677,171.651887598127,200.56554373261,171.018801898646,188.199610651158,162.231573757561,166.890021757237,176.064809297021,199.044642019711,162.565317598637,157.52952501218,206.473922814792,241.320726952653,201.251067862042,191.221046700403,189.941136111161,190.453886935914,204.508156112787,187.121652631703,208.099081404804,215.402586119257,163.90411596553,179.003421608974,191.080447707367,211.858961084979,190.701419098442,204.295144679658,208.380283035923,202.223536983875,209.569574676788,192.014636110231,209.343589712211,201.381391794027,202.869758384186,176.041731235309,184.545894220767,189.104812259279,233.981373618878,193.818621450262,186.407021285016,199.437199271039,203.586626458233,228.418930951676,168.510368013775,205.00748655724,177.268576624197,230.613990872248,159.324310436352,197.235124844231,221.429483322538,204.101516679677,171.651887598127,200.56554373261,171.018801898646,188.199610651158,162.231573757561,166.890021757237,176.064809297021,199.044642019711,162.565317598637,157.52952501218,206.473922814792,241.320726952653,201.251067862042,191.221046700403,189.941136111161,190.453886935914,204.508156112787,187.121652631703,208.099081404804,215.402586119257,163.90411596553,179.003421608974,191.080447707367,211.858961084979,190.701419098442,204.295144679658,208.380283035923,202.223536983875,209.569574676788,192.014636110231,209.343589712211,201.381391794027,202.869758384186,176.041731235309,184.545894220767,189.104812259279,233.981373618878,193.818621450262,186.407021285016
