114.07342064978,80.8678655379452,63.0991893667667,86.5484256173763,83.8269086779669,97.3851310695018,79.2340598605712,89.2571902716598,61.117291058391,57.3402733932929,80.8474069418013,75.3558911616904,87.1381701288303,87.1989736594717,92.8237217095575,89.9360199374203,78.5239557373817,104.874179853561,68.203640239469,71.0354707417279,85.9211119862211,83.6984678238525,62.9738395826271,79.4860125695901,83.2803926788552,114.07342064978,80.8678655379452,63.0991893667667,86.5484256173763,83.8269086779669,97.3851310695018,79.2340598605712,89.2571902716598,61.117291058391,57.3402733932929,80.8474069418013,75.3558911616904,87.1381701288303,87.1989736594717,92.8237217095575,89.9360199374203,78.5239557373817,104.874179853561,68.203640239469,71.0354707417279,85.9211119862211,83.6984678238525,62.9738395826271,79.4860125695901,83.2803926788552
80.8676606409451,96.5638187066286,67.3396047900157,79.2974785378793,79.6061009756486,95.6488538055098,75.6757412445177,86.9978027958645,60.8795197443939,55.3202234571883,79.8428250381352,81.2854473584585,82.7696317976995,75.4641709792525,90.2768208186838,97.6707081802401,73.3432015607768,94.7987830536281,66.1817197572232,79.4930418748655,86.5805023563013,67.4659642911722,62.2611820250574,87.2570470701957,73.3192705741878,80.8676606409451,96.5638187066286,67.3396047900157,79.2974785378793,79.6061009756486,95.6488538055098,75.6757412445177,86.9978027958645,60.8795197443939,55.3202234571883,79.8428250381352,81.2854473584585,82.7696317976995,75.4641709792525,90.2768208186838,97.6707081802401,73.3432015607768,94.7987830536281,66.1817197572232,79.4930418748655,86.5805023563013,67.4659642911722,62.2611820250574,87.2570470701957,73.3192705741878
63.0989844697665,67.3396047900157,84.2220300911877,73.4962212060606,75.9506082874427,77.4879030720856,77.9964531153382,77.5761745403603,53.7112893751417,48.6850464876816,63.9834683404054,72.2377902950234,68.1041628626745,73.4172611877564,78.313426226241,87.426142610638,64.8202913376996,77.9888895831448,56.7243724249213,69.8835562195164,76.0221224222751,65.6039145706338,56.7968646269786,79.8153325932773,69.3833663071833,63.0989844697665,67.3396047900157,84.2220300911877,73.4962212060606,75.9506082874427,77.4879030720856,77.9964531153382,77.5761745403603,53.7112893751417,48.6850464876816,63.9834683404054,72.2377902950234,68.1041628626745,73.4172611877564,78.313426226241,87.426142610638,64.8202913376996,77.9888895831448,56.7243724249213,69.8835562195164,76.0221224222751,65.6039145706338,56.7968646269786,79.8153325932773,69.3833663071833
86.5482207203762,79.2974785378793,73.4962212060606,107.410994177694,77.7335146470355,100.025258209964,85.6023016076469,93.2796431138093,69.8851588537257,65.4500943718986,78.5804828513659,80.4942260376804,89.8991935647021,91.4379072630485,85.2723448876759,92.640235176629,74.6914788858653,96.5724623420096,72.0278831549043,69.7742174746819,89.9527667510088,71.8636064638296,68.3378780472815,79.9758570809667,75.870658951778,86.5482207203762,79.2974785378793,73.4962212060606,107.410994177694,77.7335146470355,100.025258209964,85.6023016076469,93.2796431138093,69.8851588537257,65.4500943718986,78.5804828513659,80.4942260376804,89.8991935647021,91.4379072630485,85.2723448876759,92.640235176629,74.6914788858653,96.5724623420096,72.0278831549043,69.7742174746819,89.9527667510088,71.8636064638296,68.3378780472815,79.9758570809667,75.870658951778
83.8267037809668,79.6061009756486,75.9506082874427,77.7335146470355,101.168875056449,94.2543915321976,88.162769928092,88.4623594224727,67.5231910460797,48.8560654158689,77.9856210379789,82.540681308115,77.2895093005759,85.0307331130251,91.505504923241,91.03192865471,72.9292444170901,89.2751231896405,71.9164417191873,76.5024766805759,89.3311622836122,81.7418940142131,62.3168993033754,90.6109082852769,80.7101478539159,83.8267037809668,79.6061009756486,75.9506082874427,77.7335146470355,101.168875056449,94.2543915321976,88.162769928092,88.4623594224727,67.5231910460797,48.8560654158689,77.9856210379789,82.540681308115,77.2895093005759,85.0307331130251,91.505504923241,91.03192865471,72.9292444170901,89.2751231896405,71.9164417191873,76.5024766805759,89.3311622836122,81.7418940142131,62.3168993033754,90.6109082852769,80.7101478539159
97.3849261725017,95.6488538055098,77.4879030720856,100.025258209964,94.2543915321976,134.251802237198,91.5935364583594,99.7021564365878,72.7068852231442,67.8231312612784,83.1812396316791,89.1532546999603,101.513756713351,96.6594112496875,97.5901743055328,102.957426489301,82.155784985328,111.581775208395,80.0948369334227,81.8967343738697,97.3780418364979,85.0653133875837,73.5846981814848,101.855719353936,97.2462404816305,97.3849261725017,95.6488538055098,77.4879030720856,100.025258209964,94.2543915321976,134.251802237198,91.5935364583594,99.7021564365878,72.7068852231442,67.8231312612784,83.1812396316791,89.1532546999603,101.513756713351,96.6594112496875,97.5901743055328,102.957426489301,82.155784985328,111.581775208395,80.0948369334227,81.8967343738697,97.3780418364979,85.0653133875837,73.5846981814848,101.855719353936,97.2462404816305
79.2338549635711,75.6757412445177,77.9964531153382,85.6023016076469,88.162769928092,91.5935364583594,102.084145229028,80.5105531814923,71.2580353541667,56.0709855728078,71.1563109973721,81.7546412930142,77.965379958928,91.0318661474804,89.9662861188953,91.8977930222549,70.5549556954512,87.7981374681714,83.1108791532135,72.9680701836942,88.9444626011383,78.3528866605428,62.1568001148363,96.3781160343194,77.3086645973661,79.2338549635711,75.6757412445177,77.9964531153382,85.6023016076469,88.162769928092,91.5935364583594,102.084145229028,80.5105531814923,71.2580353541667,56.0709855728078,71.1563109973721,81.7546412930142,77.965379958928,91.0318661474804,89.9662861188953,91.8977930222549,70.5549556954512,87.7981374681714,83.1108791532135,72.9680701836942,88.9444626011383,78.3528866605428,62.1568001148363,96.3781160343194,77.3086645973661
89.2569853746597,86.9978027958645,77.5761745403603,93.2796431138093,88.4623594224727,99.7021564365878,80.5105531814923,114.714340709861,67.6203746177599,57.3965481723693,78.5755539871503,83.7934637252178,82.9980690873306,84.2062212338182,90.5202604729548,93.9834798684153,80.252416350021,90.9574914176215,73.7075416441232,86.611304134094,96.734132755035,69.8173619224402,63.8786868173984,91.3148619575102,81.7880783286144,89.2569853746597,86.9978027958645,77.5761745403603,93.2796431138093,88.4623594224727,99.7021564365878,80.5105531814923,114.714340709861,67.6203746177599,57.3965481723693,78.5755539871503,83.7934637252178,82.9980690873306,84.2062212338182,90.5202604729548,93.9834798684153,80.252416350021,90.9574914176215,73.7075416441232,86.611304134094,96.734132755035,69.8173619224402,63.8786868173984,91.3148619575102,81.7880783286144
61.1170861613909,60.8795197443939,53.7112893751417,69.8851588537257,67.5231910460797,72.7068852231442,71.2580353541667,67.6203746177599,64.0557799874752,49.277530202728,57.1874708376645,71.3297987475498,64.4388452989704,70.3703293527505,69.0952538041502,71.2767242349156,54.5920555334125,67.8757810618354,63.7256851366765,63.2522651313927,73.9691006678472,65.0837258298525,52.6209637049983,73.7246546157094,61.4039378027842,61.1170861613909,60.8795197443939,53.7112893751417,69.8851588537257,67.5231910460797,72.7068852231442,71.2580353541667,67.6203746177599,64.0557799874752,49.277530202728,57.1874708376645,71.3297987475498,64.4388452989704,70.3703293527505,69.0952538041502,71.2767242349156,54.5920555334125,67.8757810618354,63.7256851366765,63.2522651313927,73.9691006678472,65.0837258298525,52.6209637049983,73.7246546157094,61.4039378027842
57.3400684962928,55.3202234571883,48.6850464876816,65.4500943718986,48.8560654158689,67.8231312612784,56.0709855728078,57.3965481723693,49.277530202728,58.4644376920019,51.9346806347401,57.7554762420579,61.8376409289604,64.8801881510527,59.8487882182597,62.0934739264222,50.0747123884512,71.0195101345315,49.3988794399587,52.702518043649,68.634653989399,58.0788006337963,52.2271858711667,56.9081073216892,55.2693655987571,57.3400684962928,55.3202234571883,48.6850464876816,65.4500943718986,48.8560654158689,67.8231312612784,56.0709855728078,57.3965481723693,49.277530202728,58.4644376920019,51.9346806347401,57.7554762420579,61.8376409289604,64.8801881510527,59.8487882182597,62.0934739264222,50.0747123884512,71.0195101345315,49.3988794399587,52.702518043649,68.634653989399,58.0788006337963,52.2271858711667,56.9081073216892,55.2693655987571
80.8472020448012,79.8428250381352,63.9834683404054,78.5804828513659,77.9856210379789,83.1812396316791,71.1563109973721,78.5755539871503,57.1874708376645,51.9346806347401,105.455173412524,79.342864844474,79.0332030811676,72.614314221017,88.0723874048578,84.6509254171259,80.6515711951636,97.7906234467867,63.9868599982448,67.2658115829827,80.8370036858924,77.0759963028068,56.3620621667758,74.9021699152692,70.7415379711172,80.8472020448012,79.8428250381352,63.9834683404054,78.5804828513659,77.9856210379789,83.1812396316791,71.1563109973721,78.5755539871503,57.1874708376645,51.9346806347401,105.455173412524,79.342864844474,79.0332030811676,72.614314221017,88.0723874048578,84.6509254171259,80.6515711951636,97.7906234467867,63.9868599982448,67.2658115829827,80.8370036858924,77.0759963028068,56.3620621667758,74.9021699152692,70.7415379711172
75.3556862646903,81.2854473584585,72.2377902950234,80.4942260376804,82.540681308115,89.1532546999603,81.7546412930142,83.7934637252178,71.3297987475498,57.7554762420579,79.342864844474,101.178461804733,77.916743727335,81.74085750173,89.0865601875343,95.0028157858877,72.6867997112078,95.7760776618728,68.6343928530672,90.1366095683831,90.4084366241249,85.098614686518,59.0735925346788,89.0891693934595,75.3954920278896,75.3556862646903,81.2854473584585,72.2377902950234,80.4942260376804,82.540681308115,89.1532546999603,81.7546412930142,83.7934637252178,71.3297987475498,57.7554762420579,79.342864844474,101.178461804733,77.916743727335,81.74085750173,89.0865601875343,95.0028157858877,72.6867997112078,95.7760776618728,68.6343928530672,90.1366095683831,90.4084366241249,85.098614686518,59.0735925346788,89.0891693934595,75.3954920278896
87.1379652318302,82.7696317976995,68.1041628626745,89.8991935647021,77.2895093005759,101.513756713351,77.965379958928,82.9980690873306,64.4388452989704,61.8376409289604,79.0332030811676,77.916743727335,99.9980200733591,81.183185179075,83.5604654612725,94.4759038188942,76.0408647775792,100.68220984218,68.4709306498115,71.2430017733585,85.542287131641,77.9660135016846,67.8469333869464,87.9709496273514,78.7199304545264,87.1379652318302,82.7696317976995,68.1041628626745,89.8991935647021,77.2895093005759,101.513756713351,77.965379958928,82.9980690873306,64.4388452989704,61.8376409289604,79.0332030811676,77.916743727335,99.9980200733591,81.183185179075,83.5604654612725,94.4759038188942,76.0408647775792,100.68220984218,68.4709306498115,71.2430017733585,85.542287131641,77.9660135016846,67.8469333869464,87.9709496273514,78.7199304545264
87.1987687624715,75.4641709792525,73.4172611877564,91.4379072630485,85.0307331130251,96.6594112496875,91.0318661474804,84.2062212338182,70.3703293527505,64.8801881510527,72.614314221017,81.74085750173,81.183185179075,100.017251821721,89.1621641800264,87.4310717398725,69.2932325911899,93.4900577997715,70.9607337439895,71.5852240388265,86.3082154283214,79.186295399787,68.6282387666101,86.6195657414666,83.0135885752414,87.1987687624715,75.4641709792525,73.4172611877564,91.4379072630485,85.0307331130251,96.6594112496875,91.0318661474804,84.2062212338182,70.3703293527505,64.8801881510527,72.614314221017,81.74085750173,81.183185179075,100.017251821721,89.1621641800264,87.4310717398725,69.2932325911899,93.4900577997715,70.9607337439895,71.5852240388265,86.3082154283214,79.186295399787,68.6282387666101,86.6195657414666,83.0135885752414
92.8235168125574,90.2768208186838,78.313426226241,85.2723448876759,91.505504923241,97.5901743055328,89.9662861188953,90.5202604729548,69.0952538041502,59.8487882182597,88.0723874048578,89.0865601875343,83.5604654612725,89.1621641800264,110.342575218852,100.840712754793,80.1871948267687,103.872263376525,74.2970757269544,83.9171232961214,96.9206703336737,85.7720041808785,70.4734901846286,90.4223922865599,77.937403790876,92.8235168125574,90.2768208186838,78.313426226241,85.2723448876759,91.505504923241,97.5901743055328,89.9662861188953,90.5202604729548,69.0952538041502,59.8487882182597,88.0723874048578,89.0865601875343,83.5604654612725,89.1621641800264,110.342575218852,100.840712754793,80.1871948267687,103.872263376525,74.2970757269544,83.9171232961214,96.9206703336737,85.7720041808785,70.4734901846286,90.4223922865599,77.937403790876
89.9358150404202,97.6707081802401,87.426142610638,92.640235176629,91.03192865471,102.957426489301,91.8977930222549,93.9834798684153,71.2767242349156,62.0934739264222,84.6509254171259,95.0028157858877,94.4759038188942,87.4310717398725,100.840712754793,120.403433482378,82.8917565663923,109.721135024652,73.6390925452153,94.7201852495367,94.9446143601179,83.8423356361184,72.5456980730337,106.625844190711,84.9589727089513,89.9358150404202,97.6707081802401,87.426142610638,92.640235176629,91.03192865471,102.957426489301,91.8977930222549,93.9834798684153,71.2767242349156,62.0934739264222,84.6509254171259,95.0028157858877,94.4759038188942,87.4310717398725,100.840712754793,120.403433482378,82.8917565663923,109.721135024652,73.6390925452153,94.7201852495367,94.9446143601179,83.8423356361184,72.5456980730337,106.625844190711,84.9589727089513
78.5237508403816,73.3432015607768,64.8202913376996,74.6914788858653,72.9292444170901,82.155784985328,70.5549556954512,80.252416350021,54.5920555334125,50.0747123884512,80.6515711951636,72.6867997112078,76.0408647775792,69.2932325911899,80.1871948267687,82.8917565663923,74.6125687423837,92.5562038148311,62.8978517209499,67.6265999465013,80.5260534368226,71.2056571590666,54.3776679693368,79.1520509458304,71.0796625114674,78.5237508403816,73.3432015607768,64.8202913376996,74.6914788858653,72.9292444170901,82.155784985328,70.5549556954512,80.252416350021,54.5920555334125,50.0747123884512,80.6515711951636,72.6867997112078,76.0408647775792,69.2932325911899,80.1871948267687,82.8917565663923,74.6125687423837,92.5562038148311,62.8978517209499,67.6265999465013,80.5260534368226,71.2056571590666,54.3776679693368,79.1520509458304,71.0796625114674
104.873974956561,94.7987830536281,77.9888895831448,96.5724623420096,89.2751231896405,111.581775208395,87.7981374681714,90.9574914176215,67.8757810618354,71.0195101345315,97.7906234467867,95.7760776618728,100.68220984218,93.4900577997715,103.872263376525,109.721135024652,92.5562038148311,144.491628461489,73.8855595848803,86.0910849453294,102.579513457181,95.9869835967351,74.9500045749503,96.1664032521104,92.6267280040886,104.873974956561,94.7987830536281,77.9888895831448,96.5724623420096,89.2751231896405,111.581775208395,87.7981374681714,90.9574914176215,67.8757810618354,71.0195101345315,97.7906234467867,95.7760776618728,100.68220984218,93.4900577997715,103.872263376525,109.721135024652,92.5562038148311,144.491628461489,73.8855595848803,86.0910849453294,102.579513457181,95.9869835967351,74.9500045749503,96.1664032521104,92.6267280040886
68.2034353424689,66.1817197572232,56.7243724249213,72.0278831549043,71.9164417191873,80.0948369334227,83.1108791532135,73.7075416441232,63.7256851366765,49.3988794399587,63.9868599982448,68.6343928530672,68.4709306498115,70.9607337439895,74.2970757269544,73.6390925452153,62.8978517209499,73.8855595848803,84.9270977928769,59.2730731535382,86.7087516365797,68.3869820145201,53.0765537199765,86.853944034801,63.9071287958904,68.2034353424689,66.1817197572232,56.7243724249213,72.0278831549043,71.9164417191873,80.0948369334227,83.1108791532135,73.7075416441232,63.7256851366765,49.3988794399587,63.9868599982448,68.6343928530672,68.4709306498115,70.9607337439895,74.2970757269544,73.6390925452153,62.8978517209499,73.8855595848803,84.9270977928769,59.2730731535382,86.7087516365797,68.3869820145201,53.0765537199765,86.853944034801,63.9071287958904
71.0352658447277,79.4930418748655,69.8835562195164,69.7742174746819,76.5024766805759,81.8967343738697,72.9680701836942,86.611304134094,63.2522651313927,52.702518043649,67.2658115829827,90.1366095683831,71.2430017733585,71.5852240388265,83.9171232961214,94.7201852495367,67.6265999465013,86.0910849453294,59.2730731535382,101.123645257642,81.4639160579944,72.0811240731845,53.4094278881754,86.903014866136,74.6587897555741,71.0352658447277,79.4930418748655,69.8835562195164,69.7742174746819,76.5024766805759,81.8967343738697,72.9680701836942,86.611304134094,63.2522651313927,52.702518043649,67.2658115829827,90.1366095683831,71.2430017733585,71.5852240388265,83.9171232961214,94.7201852495367,67.6265999465013,86.0910849453294,59.2730731535382,101.123645257642,81.4639160579944,72.0811240731845,53.4094278881754,86.903014866136,74.6587897555741
85.9209070892209,86.5805023563013,76.0221224222751,89.9527667510088,89.3311622836122,97.3780418364979,88.9444626011383,96.734132755035,73.9691006678472,68.634653989399,80.8370036858924,90.4084366241249,85.542287131641,86.3082154283214,96.9206703336737,94.9446143601179,80.5260534368226,102.579513457181,86.7087516365797,81.4639160579944,117.285191323204,90.4380384730751,70.4453911777204,90.3351063873514,74.3379991633395,85.9209070892209,86.5805023563013,76.0221224222751,89.9527667510088,89.3311622836122,97.3780418364979,88.9444626011383,96.734132755035,73.9691006678472,68.634653989399,80.8370036858924,90.4084366241249,85.542287131641,86.3082154283214,96.9206703336737,94.9446143601179,80.5260534368226,102.579513457181,86.7087516365797,81.4639160579944,117.285191323204,90.4380384730751,70.4453911777204,90.3351063873514,74.3379991633395
83.6982629268524,67.4659642911722,65.6039145706338,71.8636064638296,81.7418940142131,85.0653133875837,78.3528866605428,69.8173619224402,65.0837258298525,58.0788006337963,77.0759963028068,85.098614686518,77.9660135016846,79.186295399787,85.7720041808785,83.8423356361184,71.2056571590666,95.9869835967351,68.3869820145201,72.0811240731845,90.4380384730751,97.4736315396851,59.1254733482518,80.7321866046651,72.0634055374454,83.6982629268524,67.4659642911722,65.6039145706338,71.8636064638296,81.7418940142131,85.0653133875837,78.3528866605428,69.8173619224402,65.0837258298525,58.0788006337963,77.0759963028068,85.098614686518,77.9660135016846,79.186295399787,85.7720041808785,83.8423356361184,71.2056571590666,95.9869835967351,68.3869820145201,72.0811240731845,90.4380384730751,97.4736315396851,59.1254733482518,80.7321866046651,72.0634055374454
62.973634685627,62.2611820250574,56.7968646269786,68.3378780472815,62.3168993033754,73.5846981814848,62.1568001148363,63.8786868173984,52.6209637049983,52.2271858711667,56.3620621667758,59.0735925346788,67.8469333869464,68.6282387666101,70.4734901846286,72.5456980730337,54.3776679693368,74.9500045749503,53.0765537199765,53.4094278881754,70.4453911777204,59.1254733482518,63.9792896298281,66.1199976411937,61.3473220279705,62.973634685627,62.2611820250574,56.7968646269786,68.3378780472815,62.3168993033754,73.5846981814848,62.1568001148363,63.8786868173984,52.6209637049983,52.2271858711667,56.3620621667758,59.0735925346788,67.8469333869464,68.6282387666101,70.4734901846286,72.5456980730337,54.3776679693368,74.9500045749503,53.0765537199765,53.4094278881754,70.4453911777204,59.1254733482518,63.9792896298281,66.1199976411937,61.3473220279705
79.48580767259,87.2570470701957,79.8153325932773,79.9758570809667,90.6109082852769,101.855719353936,96.3781160343194,91.3148619575102,73.7246546157094,56.9081073216892,74.9021699152692,89.0891693934595,87.9709496273514,86.6195657414666,90.4223922865599,106.625844190711,79.1520509458304,96.1664032521104,86.853944034801,86.903014866136,90.3351063873514,80.7321866046651,66.1199976411937,129.896173873522,94.2198268205937,79.48580767259,87.2570470701957,79.8153325932773,79.9758570809667,90.6109082852769,101.855719353936,96.3781160343194,91.3148619575102,73.7246546157094,56.9081073216892,74.9021699152692,89.0891693934595,87.9709496273514,86.6195657414666,90.4223922865599,106.625844190711,79.1520509458304,96.1664032521104,86.853944034801,86.903014866136,90.3351063873514,80.7321866046651,66.1199976411937,129.896173873522,94.2198268205937
83.2801877818551,73.3192705741878,69.3833663071833,75.870658951778,80.7101478539159,97.2462404816305,77.3086645973661,81.7880783286144,61.4039378027842,55.2693655987571,70.7415379711172,75.3954920278896,78.7199304545264,83.0135885752414,77.937403790876,84.9589727089513,71.0796625114674,92.6267280040886,63.9071287958904,74.6587897555741,74.3379991633395,72.0634055374454,61.3473220279705,94.2198268205937,99.0156635868329,83.2801877818551,73.3192705741878,69.3833663071833,75.870658951778,80.7101478539159,97.2462404816305,77.3086645973661,81.7880783286144,61.4039378027842,55.2693655987571,70.7415379711172,75.3954920278896,78.7199304545264,83.0135885752414,77.937403790876,84.9589727089513,71.0796625114674,92.6267280040886,63.9071287958904,74.6587897555741,74.3379991633395,72.0634055374454,61.3473220279705,94.2198268205937,99.0156635868329
114.07342064978,80.8678655379452,63.0991893667667,86.5484256173763,83.8269086779669,97.3851310695018,79.2340598605712,89.2571902716598,61.117291058391,57.3402733932929,80.8474069418013,75.3558911616904,87.1381701288303,87.1989736594717,92.8237217095575,89.9360199374203,78.5239557373817,104.874179853561,68.203640239469,71.0354707417279,85.9211119862211,83.6984678238525,62.9738395826271,79.4860125695901,83.2803926788552,114.07342064978,80.8678655379452,63.0991893667667,86.5484256173763,83.8269086779669,97.3851310695018,79.2340598605712,89.2571902716598,61.117291058391,57.3402733932929,80.8474069418013,75.3558911616904,87.1381701288303,87.1989736594717,92.8237217095575,89.9360199374203,78.5239557373817,104.874179853561,68.203640239469,71.0354707417279,85.9211119862211,83.6984678238525,62.9738395826271,79.4860125695901,83.2803926788552
80.8676606409451,96.5638187066286,67.3396047900157,79.2974785378793,79.6061009756486,95.6488538055098,75.6757412445177,86.9978027958645,60.8795197443939,55.3202234571883,79.8428250381352,81.2854473584585,82.7696317976995,75.4641709792525,90.2768208186838,97.6707081802401,73.3432015607768,94.7987830536281,66.1817197572232,79.4930418748655,86.5805023563013,67.4659642911722,62.2611820250574,87.2570470701957,73.3192705741878,80.8676606409451,96.5638187066286,67.3396047900157,79.2974785378793,79.6061009756486,95.6488538055098,75.6757412445177,86.9978027958645,60.8795197443939,55.3202234571883,79.8428250381352,81.2854473584585,82.7696317976995,75.4641709792525,90.2768208186838,97.6707081802401,73.3432015607768,94.7987830536281,66.1817197572232,79.4930418748655,86.5805023563013,67.4659642911722,62.2611820250574,87.2570470701957,73.3192705741878
63.0989844697665,67.3396047900157,84.2220300911877,73.4962212060606,75.9506082874427,77.4879030720856,77.9964531153382,77.5761745403603,53.7112893751417,48.6850464876816,63.9834683404054,72.2377902950234,68.1041628626745,73.4172611877564,78.313426226241,87.426142610638,64.8202913376996,77.9888895831448,56.7243724249213,69.8835562195164,76.0221224222751,65.6039145706338,56.7968646269786,79.8153325932773,69.3833663071833,63.0989844697665,67.3396047900157,84.2220300911877,73.4962212060606,75.9506082874427,77.4879030720856,77.9964531153382,77.5761745403603,53.7112893751417,48.6850464876816,63.9834683404054,72.2377902950234,68.1041628626745,73.4172611877564,78.313426226241,87.426142610638,64.8202913376996,77.9888895831448,56.7243724249213,69.8835562195164,76.0221224222751,65.6039145706338,56.7968646269786,79.8153325932773,69.3833663071833
86.5482207203762,79.2974785378793,73.4962212060606,107.410994177694,77.7335146470355,100.025258209964,85.6023016076469,93.2796431138093,69.8851588537257,65.4500943718986,78.5804828513659,80.4942260376804,89.8991935647021,91.4379072630485,85.2723448876759,92.640235176629,74.6914788858653,96.5724623420096,72.0278831549043,69.7742174746819,89.9527667510088,71.8636064638296,68.3378780472815,79.9758570809667,75.870658951778,86.5482207203762,79.2974785378793,73.4962212060606,107.410994177694,77.7335146470355,100.025258209964,85.6023016076469,93.2796431138093,69.8851588537257,65.4500943718986,78.5804828513659,80.4942260376804,89.8991935647021,91.4379072630485,85.2723448876759,92.640235176629,74.6914788858653,96.5724623420096,72.0278831549043,69.7742174746819,89.9527667510088,71.8636064638296,68.3378780472815,79.9758570809667,75.870658951778
83.8267037809668,79.6061009756486,75.9506082874427,77.7335146470355,101.168875056449,94.2543915321976,88.162769928092,88.4623594224727,67.5231910460797,48.8560654158689,77.9856210379789,82.540681308115,77.2895093005759,85.0307331130251,91.505504923241,91.03192865471,72.9292444170901,89.2751231896405,71.9164417191873,76.5024766805759,89.3311622836122,81.7418940142131,62.3168993033754,90.6109082852769,80.7101478539159,83.8267037809668,79.6061009756486,75.9506082874427,77.7335146470355,101.168875056449,94.2543915321976,88.162769928092,88.4623594224727,67.5231910460797,48.8560654158689,77.9856210379789,82.540681308115,77.2895093005759,85.0307331130251,91.505504923241,91.03192865471,72.9292444170901,89.2751231896405,71.9164417191873,76.5024766805759,89.3311622836122,81.7418940142131,62.3168993033754,90.6109082852769,80.7101478539159
97.3849261725017,95.6488538055098,77.4879030720856,100.025258209964,94.2543915321976,134.251802237198,91.5935364583594,99.7021564365878,72.7068852231442,67.8231312612784,83.1812396316791,89.1532546999603,101.513756713351,96.6594112496875,97.5901743055328,102.957426489301,82.155784985328,111.581775208395,80.0948369334227,81.8967343738697,97.3780418364979,85.0653133875837,73.5846981814848,101.855719353936,97.2462404816305,97.3849261725017,95.6488538055098,77.4879030720856,100.025258209964,94.2543915321976,134.251802237198,91.5935364583594,99.7021564365878,72.7068852231442,67.8231312612784,83.1812396316791,89.1532546999603,101.513756713351,96.6594112496875,97.5901743055328,102.957426489301,82.155784985328,111.581775208395,80.0948369334227,81.8967343738697,97.3780418364979,85.0653133875837,73.5846981814848,101.855719353936,97.2462404816305
79.2338549635711,75.6757412445177,77.9964531153382,85.6023016076469,88.162769928092,91.5935364583594,102.084145229028,80.5105531814923,71.2580353541667,56.0709855728078,71.1563109973721,81.7546412930142,77.965379958928,91.0318661474804,89.9662861188953,91.8977930222549,70.5549556954512,87.7981374681714,83.1108791532135,72.9680701836942,88.9444626011383,78.3528866605428,62.1568001148363,96.3781160343194,77.3086645973661,79.2338549635711,75.6757412445177,77.9964531153382,85.6023016076469,88.162769928092,91.5935364583594,102.084145229028,80.5105531814923,71.2580353541667,56.0709855728078,71.1563109973721,81.7546412930142,77.965379958928,91.0318661474804,89.9662861188953,91.8977930222549,70.5549556954512,87.7981374681714,83.1108791532135,72.9680701836942,88.9444626011383,78.3528866605428,62.1568001148363,96.3781160343194,77.3086645973661
89.2569853746597,86.9978027958645,77.5761745403603,93.2796431138093,88.4623594224727,99.7021564365878,80.5105531814923,114.714340709861,67.6203746177599,57.3965481723693,78.5755539871503,83.7934637252178,82.9980690873306,84.2062212338182,90.5202604729548,93.9834798684153,80.252416350021,90.9574914176215,73.7075416441232,86.611304134094,96.734132755035,69.8173619224402,63.8786868173984,91.3148619575102,81.7880783286144,89.2569853746597,86.9978027958645,77.5761745403603,93.2796431138093,88.4623594224727,99.7021564365878,80.5105531814923,114.714340709861,67.6203746177599,57.3965481723693,78.5755539871503,83.7934637252178,82.9980690873306,84.2062212338182,90.5202604729548,93.9834798684153,80.252416350021,90.9574914176215,73.7075416441232,86.611304134094,96.734132755035,69.8173619224402,63.8786868173984,91.3148619575102,81.7880783286144
61.1170861613909,60.8795197443939,53.7112893751417,69.8851588537257,67.5231910460797,72.7068852231442,71.2580353541667,67.6203746177599,64.0557799874752,49.277530202728,57.1874708376645,71.3297987475498,64.4388452989704,70.3703293527505,69.0952538041502,71.2767242349156,54.5920555334125,67.8757810618354,63.7256851366765,63.2522651313927,73.9691006678472,65.0837258298525,52.6209637049983,73.7246546157094,61.4039378027842,61.1170861613909,60.8795197443939,53.7112893751417,69.8851588537257,67.5231910460797,72.7068852231442,71.2580353541667,67.6203746177599,64.0557799874752,49.277530202728,57.1874708376645,71.3297987475498,64.4388452989704,70.3703293527505,69.0952538041502,71.2767242349156,54.5920555334125,67.8757810618354,63.7256851366765,63.2522651313927,73.9691006678472,65.0837258298525,52.6209637049983,73.7246546157094,61.4039378027842
57.3400684962928,55.3202234571883,48.6850464876816,65.4500943718986,48.8560654158689,67.8231312612784,56.0709855728078,57.3965481723693,49.277530202728,58.4644376920019,51.9346806347401,57.7554762420579,61.8376409289604,64.8801881510527,59.8487882182597,62.0934739264222,50.0747123884512,71.0195101345315,49.3988794399587,52.702518043649,68.634653989399,58.0788006337963,52.2271858711667,56.9081073216892,55.2693655987571,57.3400684962928,55.3202234571883,48.6850464876816,65.4500943718986,48.8560654158689,67.8231312612784,56.0709855728078,57.3965481723693,49.277530202728,58.4644376920019,51.9346806347401,57.7554762420579,61.8376409289604,64.8801881510527,59.8487882182597,62.0934739264222,50.0747123884512,71.0195101345315,49.3988794399587,52.702518043649,68.634653989399,58.0788006337963,52.2271858711667,56.9081073216892,55.2693655987571
80.8472020448012,79.8428250381352,63.9834683404054,78.5804828513659,77.9856210379789,83.1812396316791,71.1563109973721,78.5755539871503,57.1874708376645,51.9346806347401,105.455173412524,79.342864844474,79.0332030811676,72.614314221017,88.0723874048578,84.6509254171259,80.6515711951636,97.7906234467867,63.9868599982448,67.2658115829827,80.8370036858924,77.0759963028068,56.3620621667758,74.9021699152692,70.7415379711172,80.8472020448012,79.8428250381352,63.9834683404054,78.5804828513659,77.9856210379789,83.1812396316791,71.1563109973721,78.5755539871503,57.1874708376645,51.9346806347401,105.455173412524,79.342864844474,79.0332030811676,72.614314221017,88.0723874048578,84.6509254171259,80.6515711951636,97.7906234467867,63.9868599982448,67.2658115829827,80.8370036858924,77.0759963028068,56.3620621667758,74.9021699152692,70.7415379711172
75.3556862646903,81.2854473584585,72.2377902950234,80.4942260376804,82.540681308115,89.1532546999603,81.7546412930142,83.7934637252178,71.3297987475498,57.7554762420579,79.342864844474,101.178461804733,77.916743727335,81.74085750173,89.0865601875343,95.0028157858877,72.6867997112078,95.7760776618728,68.6343928530672,90.1366095683831,90.4084366241249,85.098614686518,59.0735925346788,89.0891693934595,75.3954920278896,75.3556862646903,81.2854473584585,72.2377902950234,80.4942260376804,82.540681308115,89.1532546999603,81.7546412930142,83.7934637252178,71.3297987475498,57.7554762420579,79.342864844474,101.178461804733,77.916743727335,81.74085750173,89.0865601875343,95.0028157858877,72.6867997112078,95.7760776618728,68.6343928530672,90.1366095683831,90.4084366241249,85.098614686518,59.0735925346788,89.0891693934595,75.3954920278896
87.1379652318302,82.7696317976995,68.1041628626745,89.8991935647021,77.2895093005759,101.513756713351,77.965379958928,82.9980690873306,64.4388452989704,61.8376409289604,79.0332030811676,77.916743727335,99.9980200733591,81.183185179075,83.5604654612725,94.4759038188942,76.0408647775792,100.68220984218,68.4709306498115,71.2430017733585,85.542287131641,77.9660135016846,67.8469333869464,87.9709496273514,78.7199304545264,87.1379652318302,82.7696317976995,68.1041628626745,89.8991935647021,77.2895093005759,101.513756713351,77.965379958928,82.9980690873306,64.4388452989704,61.8376409289604,79.0332030811676,77.916743727335,99.9980200733591,81.183185179075,83.5604654612725,94.4759038188942,76.0408647775792,100.68220984218,68.4709306498115,71.2430017733585,85.542287131641,77.9660135016846,67.8469333869464,87.9709496273514,78.7199304545264
87.1987687624715,75.4641709792525,73.4172611877564,91.4379072630485,85.0307331130251,96.6594112496875,91.0318661474804,84.2062212338182,70.3703293527505,64.8801881510527,72.614314221017,81.74085750173,81.183185179075,100.017251821721,89.1621641800264,87.4310717398725,69.2932325911899,93.4900577997715,70.9607337439895,71.5852240388265,86.3082154283214,79.186295399787,68.6282387666101,86.6195657414666,83.0135885752414,87.1987687624715,75.4641709792525,73.4172611877564,91.4379072630485,85.0307331130251,96.6594112496875,91.0318661474804,84.2062212338182,70.3703293527505,64.8801881510527,72.614314221017,81.74085750173,81.183185179075,100.017251821721,89.1621641800264,87.4310717398725,69.2932325911899,93.4900577997715,70.9607337439895,71.5852240388265,86.3082154283214,79.186295399787,68.6282387666101,86.6195657414666,83.0135885752414
92.8235168125574,90.2768208186838,78.313426226241,85.2723448876759,91.505504923241,97.5901743055328,89.9662861188953,90.5202604729548,69.0952538041502,59.8487882182597,88.0723874048578,89.0865601875343,83.5604654612725,89.1621641800264,110.342575218852,100.840712754793,80.1871948267687,103.872263376525,74.2970757269544,83.9171232961214,96.9206703336737,85.7720041808785,70.4734901846286,90.4223922865599,77.937403790876,92.8235168125574,90.2768208186838,78.313426226241,85.2723448876759,91.505504923241,97.5901743055328,89.9662861188953,90.5202604729548,69.0952538041502,59.8487882182597,88.0723874048578,89.0865601875343,83.5604654612725,89.1621641800264,110.342575218852,100.840712754793,80.1871948267687,103.872263376525,74.2970757269544,83.9171232961214,96.9206703336737,85.7720041808785,70.4734901846286,90.4223922865599,77.937403790876
89.9358150404202,97.6707081802401,87.426142610638,92.640235176629,91.03192865471,102.957426489301,91.8977930222549,93.9834798684153,71.2767242349156,62.0934739264222,84.6509254171259,95.0028157858877,94.4759038188942,87.4310717398725,100.840712754793,120.403433482378,82.8917565663923,109.721135024652,73.6390925452153,94.7201852495367,94.9446143601179,83.8423356361184,72.5456980730337,106.625844190711,84.9589727089513,89.9358150404202,97.6707081802401,87.426142610638,92.640235176629,91.03192865471,102.957426489301,91.8977930222549,93.9834798684153,71.2767242349156,62.0934739264222,84.6509254171259,95.0028157858877,94.4759038188942,87.4310717398725,100.840712754793,120.403433482378,82.8917565663923,109.721135024652,73.6390925452153,94.7201852495367,94.9446143601179,83.8423356361184,72.5456980730337,106.625844190711,84.9589727089513
78.5237508403816,73.3432015607768,64.8202913376996,74.6914788858653,72.9292444170901,82.155784985328,70.5549556954512,80.252416350021,54.5920555334125,50.0747123884512,80.6515711951636,72.6867997112078,76.0408647775792,69.2932325911899,80.1871948267687,82.8917565663923,74.6125687423837,92.5562038148311,62.8978517209499,67.6265999465013,80.5260534368226,71.2056571590666,54.3776679693368,79.1520509458304,71.0796625114674,78.5237508403816,73.3432015607768,64.8202913376996,74.6914788858653,72.9292444170901,82.155784985328,70.5549556954512,80.252416350021,54.5920555334125,50.0747123884512,80.6515711951636,72.6867997112078,76.0408647775792,69.2932325911899,80.1871948267687,82.8917565663923,74.6125687423837,92.5562038148311,62.8978517209499,67.6265999465013,80.5260534368226,71.2056571590666,54.3776679693368,79.1520509458304,71.0796625114674
104.873974956561,94.7987830536281,77.9888895831448,96.5724623420096,89.2751231896405,111.581775208395,87.7981374681714,90.9574914176215,67.8757810618354,71.0195101345315,97.7906234467867,95.7760776618728,100.68220984218,93.4900577997715,103.872263376525,109.721135024652,92.5562038148311,144.491628461489,73.8855595848803,86.0910849453294,102.579513457181,95.9869835967351,74.9500045749503,96.1664032521104,92.6267280040886,104.873974956561,94.7987830536281,77.9888895831448,96.5724623420096,89.2751231896405,111.581775208395,87.7981374681714,90.9574914176215,67.8757810618354,71.0195101345315,97.7906234467867,95.7760776618728,100.68220984218,93.4900577997715,103.872263376525,109.721135024652,92.5562038148311,144.491628461489,73.8855595848803,86.0910849453294,102.579513457181,95.9869835967351,74.9500045749503,96.1664032521104,92.6267280040886
68.2034353424689,66.1817197572232,56.7243724249213,72.0278831549043,71.9164417191873,80.0948369334227,83.1108791532135,73.7075416441232,63.7256851366765,49.3988794399587,63.9868599982448,68.6343928530672,68.4709306498115,70.9607337439895,74.2970757269544,73.6390925452153,62.8978517209499,73.8855595848803,84.9270977928769,59.2730731535382,86.7087516365797,68.3869820145201,53.0765537199765,86.853944034801,63.9071287958904,68.2034353424689,66.1817197572232,56.7243724249213,72.0278831549043,71.9164417191873,80.0948369334227,83.1108791532135,73.7075416441232,63.7256851366765,49.3988794399587,63.9868599982448,68.6343928530672,68.4709306498115,70.9607337439895,74.2970757269544,73.6390925452153,62.8978517209499,73.8855595848803,84.9270977928769,59.2730731535382,86.7087516365797,68.3869820145201,53.0765537199765,86.853944034801,63.9071287958904
71.0352658447277,79.4930418748655,69.8835562195164,69.7742174746819,76.5024766805759,81.8967343738697,72.9680701836942,86.611304134094,63.2522651313927,52.702518043649,67.2658115829827,90.1366095683831,71.2430017733585,71.5852240388265,83.9171232961214,94.7201852495367,67.6265999465013,86.0910849453294,59.2730731535382,101.123645257642,81.4639160579944,72.0811240731845,53.4094278881754,86.903014866136,74.6587897555741,71.0352658447277,79.4930418748655,69.8835562195164,69.7742174746819,76.5024766805759,81.8967343738697,72.9680701836942,86.611304134094,63.2522651313927,52.702518043649,67.2658115829827,90.1366095683831,71.2430017733585,71.5852240388265,83.9171232961214,94.7201852495367,67.6265999465013,86.0910849453294,59.2730731535382,101.123645257642,81.4639160579944,72.0811240731845,53.4094278881754,86.903014866136,74.6587897555741
85.9209070892209,86.5805023563013,76.0221224222751,89.9527667510088,89.3311622836122,97.3780418364979,88.9444626011383,96.734132755035,73.9691006678472,68.634653989399,80.8370036858924,90.4084366241249,85.542287131641,86.3082154283214,96.9206703336737,94.9446143601179,80.5260534368226,102.579513457181,86.7087516365797,81.4639160579944,117.285191323204,90.4380384730751,70.4453911777204,90.3351063873514,74.3379991633395,85.9209070892209,86.5805023563013,76.0221224222751,89.9527667510088,89.3311622836122,97.3780418364979,88.9444626011383,96.734132755035,73.9691006678472,68.634653989399,80.8370036858924,90.4084366241249,85.542287131641,86.3082154283214,96.9206703336737,94.9446143601179,80.5260534368226,102.579513457181,86.7087516365797,81.4639160579944,117.285191323204,90.4380384730751,70.4453911777204,90.3351063873514,74.3379991633395
83.6982629268524,67.4659642911722,65.6039145706338,71.8636064638296,81.7418940142131,85.0653133875837,78.3528866605428,69.8173619224402,65.0837258298525,58.0788006337963,77.0759963028068,85.098614686518,77.9660135016846,79.186295399787,85.7720041808785,83.8423356361184,71.2056571590666,95.9869835967351,68.3869820145201,72.0811240731845,90.4380384730751,97.4736315396851,59.1254733482518,80.7321866046651,72.0634055374454,83.6982629268524,67.4659642911722,65.6039145706338,71.8636064638296,81.7418940142131,85.0653133875837,78.3528866605428,69.8173619224402,65.0837258298525,58.0788006337963,77.0759963028068,85.098614686518,77.9660135016846,79.186295399787,85.7720041808785,83.8423356361184,71.2056571590666,95.9869835967351,68.3869820145201,72.0811240731845,90.4380384730751,97.4736315396851,59.1254733482518,80.7321866046651,72.0634055374454
