124.530125331397,88.7367930451182,102.450591089329,89.842790074877,89.4730231073754,82.3003679162337,87.9081109144598,80.7019509315729,75.2028797860071,82.7687090986311,88.5458647508432,79.4398754077223,66.4672371851039,66.7558457259437,82.3371077992758,54.9300184526013,77.3033263880628,66.1505639866633,81.3697244557535,92.052282377442,96.8755458627024,83.2256138098886,74.2502238316327,86.7719627682158,98.9544535106159,124.530125331397,88.7367930451182,102.450591089329,89.842790074877,89.4730231073754,82.3003679162337,87.9081109144598,80.7019509315729,75.2028797860071,82.7687090986311,88.5458647508432,79.4398754077223,66.4672371851039,66.7558457259437,82.3371077992758,54.9300184526013,77.3033263880628,66.1505639866633,81.3697244557535,92.052282377442,96.8755458627024,83.2256138098886,74.2502238316327,86.7719627682158,98.9544535106159
88.7354645556025,111.717369621879,107.092951859968,75.6380595732092,84.3814262522572,83.5995322854246,83.0149940109619,87.5684451324994,68.1011844081798,72.7034880669323,83.2408050892905,78.4285717978066,72.5349724696275,58.1914354515928,81.2515411376339,68.2399036589308,81.6203531547826,61.7738779125122,71.209463038999,89.0228063185471,96.2837843881926,84.9594318029817,74.3312641259736,81.3888796645826,83.9832917257312,88.7354645556025,111.717369621879,107.092951859968,75.6380595732092,84.3814262522572,83.5995322854246,83.0149940109619,87.5684451324994,68.1011844081798,72.7034880669323,83.2408050892905,78.4285717978066,72.5349724696275,58.1914354515928,81.2515411376339,68.2399036589308,81.6203531547826,61.7738779125122,71.209463038999,89.0228063185471,96.2837843881926,84.9594318029817,74.3312641259736,81.3888796645826,83.9832917257312
102.449262599813,107.092951859968,128.233023515032,90.7686357016208,89.7263520420415,97.8539640337494,103.155155292591,91.7699386304483,71.6465084198028,85.437159930594,91.3779236917111,83.8899411202307,76.818069588673,60.1511749005533,85.2639758919371,69.5552184991384,89.0074222804512,74.9595443306786,76.3313745373382,101.03573412862,102.974944686608,92.7998787414373,80.4152174959359,97.2095253009727,106.359797183824,102.449262599813,107.092951859968,128.233023515032,90.7686357016208,89.7263520420415,97.8539640337494,103.155155292591,91.7699386304483,71.6465084198028,85.437159930594,91.3779236917111,83.8899411202307,76.818069588673,60.1511749005533,85.2639758919371,69.5552184991384,89.0074222804512,74.9595443306786,76.3313745373382,101.03573412862,102.974944686608,92.7998787414373,80.4152174959359,97.2095253009727,106.359797183824
89.8414615853613,75.6380595732092,90.7686357016208,105.501009626406,81.7627763841834,80.5040218238037,96.7967339446308,73.0432642286431,72.9640184395216,78.8262758785959,84.9417342115746,79.9183311316941,62.8781484675377,57.2248507483903,77.5130533479656,66.5224228049938,82.7350364606497,69.6655269107101,68.5346687893347,88.2631467283811,83.6019670651828,93.3445633010602,74.6957958011927,77.5053758911788,90.1907687302688,89.8414615853613,75.6380595732092,90.7686357016208,105.501009626406,81.7627763841834,80.5040218238037,96.7967339446308,73.0432642286431,72.9640184395216,78.8262758785959,84.9417342115746,79.9183311316941,62.8781484675377,57.2248507483903,77.5130533479656,66.5224228049938,82.7350364606497,69.6655269107101,68.5346687893347,88.2631467283811,83.6019670651828,93.3445633010602,74.6957958011927,77.5053758911788,90.1907687302688
89.4716946178597,84.3814262522572,89.7263520420415,81.7627763841834,100.232017467141,72.1173875220311,79.1985157775966,78.3191065234264,66.4508802862858,65.6544596255113,73.2902369603372,73.0576808011837,69.0372504104166,47.5509170384046,61.4012036561075,57.023451281546,76.134630489736,69.587382546511,67.5715808239176,78.563008917636,78.0520597470096,81.8001498692967,76.831543522052,62.5536878425662,87.3712801854328,89.4716946178597,84.3814262522572,89.7263520420415,81.7627763841834,100.232017467141,72.1173875220311,79.1985157775966,78.3191065234264,66.4508802862858,65.6544596255113,73.2902369603372,73.0576808011837,69.0372504104166,47.5509170384046,61.4012036561075,57.023451281546,76.134630489736,69.587382546511,67.5715808239176,78.563008917636,78.0520597470096,81.8001498692967,76.831543522052,62.5536878425662,87.3712801854328
82.299039426718,83.5995322854246,97.8539640337494,80.5040218238037,72.1173875220311,99.3060630214281,87.2996331199731,75.9782071069671,72.0460641928875,71.008690209636,84.1644017275272,72.0681943248016,65.9885177982433,53.4289288088635,76.9431126120434,61.9487825906111,78.7687794770829,60.9115444709617,66.1476221046753,93.615915261425,85.398153329314,81.5786662951168,73.647032617492,81.9039607275952,89.0454598907057,82.299039426718,83.5995322854246,97.8539640337494,80.5040218238037,72.1173875220311,99.3060630214281,87.2996331199731,75.9782071069671,72.0460641928875,71.008690209636,84.1644017275272,72.0681943248016,65.9885177982433,53.4289288088635,76.9431126120434,61.9487825906111,78.7687794770829,60.9115444709617,66.1476221046753,93.615915261425,85.398153329314,81.5786662951168,73.647032617492,81.9039607275952,89.0454598907057
87.9067824249441,83.0149940109619,103.155155292591,96.7967339446308,79.1985157775966,87.2996331199731,113.811281433742,78.5559270984297,67.9726795171576,80.632228616059,89.9418969484272,77.4421826709671,71.26246650265,54.2522232144862,77.2323352979762,69.3219344129606,79.1558202728382,74.0346273698617,71.0027566534358,91.5179112224109,81.4583279020308,87.6678256232689,72.5393171848723,84.6002803593327,105.656906123309,87.9067824249441,83.0149940109619,103.155155292591,96.7967339446308,79.1985157775966,87.2996331199731,113.811281433742,78.5559270984297,67.9726795171576,80.632228616059,89.9418969484272,77.4421826709671,71.26246650265,54.2522232144862,77.2323352979762,69.3219344129606,79.1558202728382,74.0346273698617,71.0027566534358,91.5179112224109,81.4583279020308,87.6678256232689,72.5393171848723,84.6002803593327,105.656906123309
80.7006224420572,87.5684451324994,91.7699386304483,73.0432642286431,78.3191065234264,75.9782071069671,78.5559270984297,90.3149491417162,61.7564191697189,70.5416197306544,78.8033901964133,74.8140599640956,61.1437592206898,44.2945956490217,70.559538677423,64.1944019717308,79.3098114396647,58.971444929496,70.1512430551405,80.8826764726353,85.9874069163473,90.6013093418996,67.7170835518355,68.5118805489645,81.8478527922441,80.7006224420572,87.5684451324994,91.7699386304483,73.0432642286431,78.3191065234264,75.9782071069671,78.5559270984297,90.3149491417162,61.7564191697189,70.5416197306544,78.8033901964133,74.8140599640956,61.1437592206898,44.2945956490217,70.559538677423,64.1944019717308,79.3098114396647,58.971444929496,70.1512430551405,80.8826764726353,85.9874069163473,90.6013093418996,67.7170835518355,68.5118805489645,81.8478527922441
75.2015512964914,68.1011844081798,71.6465084198028,72.9640184395216,66.4508802862858,72.0460641928875,67.9726795171576,61.7564191697189,71.8229095460877,66.7165684122978,68.3528436380952,70.898230076797,59.3046291448781,46.2365842421427,64.0739701733942,60.1744344476528,66.2027689396256,52.4818263645235,64.7468239891753,76.6978006501544,76.1748300985987,73.8270910753803,65.5208991179881,59.2479839577923,76.0129837211614,75.2015512964914,68.1011844081798,71.6465084198028,72.9640184395216,66.4508802862858,72.0460641928875,67.9726795171576,61.7564191697189,71.8229095460877,66.7165684122978,68.3528436380952,70.898230076797,59.3046291448781,46.2365842421427,64.0739701733942,60.1744344476528,66.2027689396256,52.4818263645235,64.7468239891753,76.6978006501544,76.1748300985987,73.8270910753803,65.5208991179881,59.2479839577923,76.0129837211614
82.7673806091154,72.7034880669323,85.437159930594,78.8262758785959,65.6544596255113,71.008690209636,80.632228616059,70.5416197306544,66.7165684122978,98.2145873190058,77.1869226977629,73.0475923943096,57.9964102471871,51.7639911546444,61.9902343022125,63.3612771797246,63.9333771375029,64.4490620535604,61.7780100420606,80.4524227425154,90.1551533341798,88.6139425975405,63.0674649390056,70.2712524506738,87.7519627109534,82.7673806091154,72.7034880669323,85.437159930594,78.8262758785959,65.6544596255113,71.008690209636,80.632228616059,70.5416197306544,66.7165684122978,98.2145873190058,77.1869226977629,73.0475923943096,57.9964102471871,51.7639911546444,61.9902343022125,63.3612771797246,63.9333771375029,64.4490620535604,61.7780100420606,80.4524227425154,90.1551533341798,88.6139425975405,63.0674649390056,70.2712524506738,87.7519627109534
88.5445362613275,83.2408050892905,91.3779236917111,84.9417342115746,73.2902369603372,84.1644017275272,89.9418969484272,78.8033901964133,68.3528436380952,77.1869226977629,92.3056974206647,74.6548274834085,56.9685694548369,58.1906953583296,75.2558202638241,64.7036741881261,76.6562782486416,61.3292281266662,65.503870320204,86.9413935780811,87.3456163476427,84.1646073058995,70.7636506136727,78.0441899237353,92.7402215581509,88.5445362613275,83.2408050892905,91.3779236917111,84.9417342115746,73.2902369603372,84.1644017275272,89.9418969484272,78.8033901964133,68.3528436380952,77.1869226977629,92.3056974206647,74.6548274834085,56.9685694548369,58.1906953583296,75.2558202638241,64.7036741881261,76.6562782486416,61.3292281266662,65.503870320204,86.9413935780811,87.3456163476427,84.1646073058995,70.7636506136727,78.0441899237353,92.7402215581509
79.4385469182066,78.4285717978066,83.8899411202307,79.9183311316941,73.0576808011837,72.0681943248016,77.4421826709671,74.8140599640956,70.898230076797,73.0475923943096,74.6548274834085,91.5186890135889,64.2185670928249,50.7524654068859,72.8821848267951,69.8403011476724,73.6373673210857,54.0408152563893,76.6523562422374,81.0777536017871,86.6987853497963,85.1620544672317,67.4443128644077,65.3608876495982,84.3586429383223,79.4385469182066,78.4285717978066,83.8899411202307,79.9183311316941,73.0576808011837,72.0681943248016,77.4421826709671,74.8140599640956,70.898230076797,73.0475923943096,74.6548274834085,91.5186890135889,64.2185670928249,50.7524654068859,72.8821848267951,69.8403011476724,73.6373673210857,54.0408152563893,76.6523562422374,81.0777536017871,86.6987853497963,85.1620544672317,67.4443128644077,65.3608876495982,84.3586429383223
66.4659086955882,72.5349724696275,76.818069588673,62.8781484675377,69.0372504104166,65.9885177982433,71.26246650265,61.1437592206898,59.3046291448781,57.9964102471871,56.9685694548369,64.2185670928249,75.4117978299663,41.8788345584089,58.8416973327813,56.8633121417202,60.4695053651364,57.8210436998035,63.5342910702946,70.9501924444778,67.7411003400114,63.8209340053091,60.5178451262306,61.3984994288523,73.5179199812786,66.4659086955882,72.5349724696275,76.818069588673,62.8781484675377,69.0372504104166,65.9885177982433,71.26246650265,61.1437592206898,59.3046291448781,57.9964102471871,56.9685694548369,64.2185670928249,75.4117978299663,41.8788345584089,58.8416973327813,56.8633121417202,60.4695053651364,57.8210436998035,63.5342910702946,70.9501924444778,67.7411003400114,63.8209340053091,60.5178451262306,61.3984994288523,73.5179199812786
66.754517236428,58.1914354515928,60.1511749005533,57.2248507483903,47.5509170384046,53.4289288088635,54.2522232144862,44.2945956490217,46.2365842421427,51.7639911546444,58.1906953583296,50.7524654068859,41.8788345584089,62.824843224202,56.4681571827069,39.9544834705659,49.2918706007187,41.4767604530399,41.0385702702814,53.1764035075408,59.027686211103,49.2251744749371,47.8815458666227,57.0771604793717,55.7293312185027,66.754517236428,58.1914354515928,60.1511749005533,57.2248507483903,47.5509170384046,53.4289288088635,54.2522232144862,44.2945956490217,46.2365842421427,51.7639911546444,58.1906953583296,50.7524654068859,41.8788345584089,62.824843224202,56.4681571827069,39.9544834705659,49.2918706007187,41.4767604530399,41.0385702702814,53.1764035075408,59.027686211103,49.2251744749371,47.8815458666227,57.0771604793717,55.7293312185027
82.3357793097601,81.2515411376339,85.2639758919371,77.5130533479656,61.4012036561075,76.9431126120434,77.2323352979762,70.559538677423,64.0739701733942,61.9902343022125,75.2558202638241,72.8821848267951,58.8416973327813,56.4681571827069,89.2166642991229,65.7941710098037,76.7147722589515,48.7049163199838,63.1901991608006,80.5949665215426,81.8513654261756,74.7596727143882,61.9808048078858,78.7050578626146,74.307851910812,82.3357793097601,81.2515411376339,85.2639758919371,77.5130533479656,61.4012036561075,76.9431126120434,77.2323352979762,70.559538677423,64.0739701733942,61.9902343022125,75.2558202638241,72.8821848267951,58.8416973327813,56.4681571827069,89.2166642991229,65.7941710098037,76.7147722589515,48.7049163199838,63.1901991608006,80.5949665215426,81.8513654261756,74.7596727143882,61.9808048078858,78.7050578626146,74.307851910812
54.9286899630856,68.2399036589308,69.5552184991384,66.5224228049938,57.023451281546,61.9487825906111,69.3219344129606,64.1944019717308,60.1744344476528,63.3612771797246,64.7036741881261,69.8403011476724,56.8633121417202,39.9544834705659,65.7941710098037,84.2743840929103,63.1344820976778,45.0914482124567,57.4321251380426,72.6621651534316,75.3353902443814,79.2138848356684,59.2297697193368,61.3172471204394,72.1818480945904,54.9286899630856,68.2399036589308,69.5552184991384,66.5224228049938,57.023451281546,61.9487825906111,69.3219344129606,64.1944019717308,60.1744344476528,63.3612771797246,64.7036741881261,69.8403011476724,56.8633121417202,39.9544834705659,65.7941710098037,84.2743840929103,63.1344820976778,45.0914482124567,57.4321251380426,72.6621651534316,75.3353902443814,79.2138848356684,59.2297697193368,61.3172471204394,72.1818480945904
77.3019978985471,81.6203531547826,89.0074222804512,82.7350364606497,76.134630489736,78.7687794770829,79.1558202728382,79.3098114396647,66.2027689396256,63.9333771375029,76.6562782486416,73.6373673210857,60.4695053651364,49.2918706007187,76.7147722589515,63.1344820976778,94.1485431741647,62.9673897969179,65.9281400361277,81.4877599551595,81.7149186240322,81.1623645907128,72.0030784398068,70.8493657583435,81.8333187174092,77.3019978985471,81.6203531547826,89.0074222804512,82.7350364606497,76.134630489736,78.7687794770829,79.1558202728382,79.3098114396647,66.2027689396256,63.9333771375029,76.6562782486416,73.6373673210857,60.4695053651364,49.2918706007187,76.7147722589515,63.1344820976778,94.1485431741647,62.9673897969179,65.9281400361277,81.4877599551595,81.7149186240322,81.1623645907128,72.0030784398068,70.8493657583435,81.8333187174092
66.1492354971476,61.7738779125122,74.9595443306786,69.6655269107101,69.587382546511,60.9115444709617,74.0346273698617,58.971444929496,52.4818263645235,64.4490620535604,61.3292281266662,54.0408152563893,57.8210436998035,41.4767604530399,48.7049163199838,45.0914482124567,62.9673897969179,69.690199044197,45.4804570148514,61.9766374257196,62.8372453063176,66.2173094465034,59.9306030699309,55.5352185627021,78.5764762188001,66.1492354971476,61.7738779125122,74.9595443306786,69.6655269107101,69.587382546511,60.9115444709617,74.0346273698617,58.971444929496,52.4818263645235,64.4490620535604,61.3292281266662,54.0408152563893,57.8210436998035,41.4767604530399,48.7049163199838,45.0914482124567,62.9673897969179,69.690199044197,45.4804570148514,61.9766374257196,62.8372453063176,66.2173094465034,59.9306030699309,55.5352185627021,78.5764762188001
81.3683959662378,71.209463038999,76.3313745373382,68.5346687893347,67.5715808239176,66.1476221046753,71.0027566534358,70.1512430551405,64.7468239891753,61.7780100420606,65.503870320204,76.6523562422374,63.5342910702946,41.0385702702814,63.1901991608006,57.4321251380426,65.9281400361277,45.4804570148514,89.9459966050777,76.6816445273881,73.6088399801292,77.7548360190706,58.3724877497493,61.3577529393327,70.8738795575342,81.3683959662378,71.209463038999,76.3313745373382,68.5346687893347,67.5715808239176,66.1476221046753,71.0027566534358,70.1512430551405,64.7468239891753,61.7780100420606,65.503870320204,76.6523562422374,63.5342910702946,41.0385702702814,63.1901991608006,57.4321251380426,65.9281400361277,45.4804570148514,89.9459966050777,76.6816445273881,73.6088399801292,77.7548360190706,58.3724877497493,61.3577529393327,70.8738795575342
92.0509538879263,89.0228063185471,101.03573412862,88.2631467283811,78.563008917636,93.615915261425,91.5179112224109,80.8826764726353,76.6978006501544,80.4524227425154,86.9413935780811,81.0777536017871,70.9501924444778,53.1764035075408,80.5949665215426,72.6621651534316,81.4877599551595,61.9766374257196,76.6816445273881,103.483589337305,94.7378600438399,91.6253459775839,74.6441203016126,87.9606044298072,92.1685386111818,92.0509538879263,89.0228063185471,101.03573412862,88.2631467283811,78.563008917636,93.615915261425,91.5179112224109,80.8826764726353,76.6978006501544,80.4524227425154,86.9413935780811,81.0777536017871,70.9501924444778,53.1764035075408,80.5949665215426,72.6621651534316,81.4877599551595,61.9766374257196,76.6816445273881,103.483589337305,94.7378600438399,91.6253459775839,74.6441203016126,87.9606044298072,92.1685386111818
96.8742173731867,96.2837843881926,102.974944686608,83.6019670651828,78.0520597470096,85.398153329314,81.4583279020308,85.9874069163473,76.1748300985987,90.1551533341798,87.3456163476427,86.6987853497963,67.7411003400114,59.027686211103,81.8513654261756,75.3353902443814,81.7149186240322,62.8372453063176,73.6088399801292,94.7378600438399,113.605813315894,96.7375348091786,74.4911299002612,84.9674866046349,99.296022775736,96.8742173731867,96.2837843881926,102.974944686608,83.6019670651828,78.0520597470096,85.398153329314,81.4583279020308,85.9874069163473,76.1748300985987,90.1551533341798,87.3456163476427,86.6987853497963,67.7411003400114,59.027686211103,81.8513654261756,75.3353902443814,81.7149186240322,62.8372453063176,73.6088399801292,94.7378600438399,113.605813315894,96.7375348091786,74.4911299002612,84.9674866046349,99.296022775736
83.2242853203729,84.9594318029817,92.7998787414373,93.3445633010602,81.8001498692967,81.5786662951168,87.6678256232689,90.6013093418996,73.8270910753803,88.6139425975405,84.1646073058995,85.1620544672317,63.8209340053091,49.2251744749371,74.7596727143882,79.2138848356684,81.1623645907128,66.2173094465034,77.7548360190706,91.6253459775839,96.7375348091786,127.634198548072,79.0320610501107,74.73231698456,85.918186206683,83.2242853203729,84.9594318029817,92.7998787414373,93.3445633010602,81.8001498692967,81.5786662951168,87.6678256232689,90.6013093418996,73.8270910753803,88.6139425975405,84.1646073058995,85.1620544672317,63.8209340053091,49.2251744749371,74.7596727143882,79.2138848356684,81.1623645907128,66.2173094465034,77.7548360190706,91.6253459775839,96.7375348091786,127.634198548072,79.0320610501107,74.73231698456,85.918186206683
74.248895342117,74.3312641259736,80.4152174959359,74.6957958011927,76.831543522052,73.647032617492,72.5393171848723,67.7170835518355,65.5208991179881,63.0674649390056,70.7636506136727,67.4443128644077,60.5178451262306,47.8815458666227,61.9808048078858,59.2297697193368,72.0030784398068,59.9306030699309,58.3724877497493,74.6441203016126,74.4911299002612,79.0320610501107,77.0891918836456,63.8406971141382,77.591796893365,74.248895342117,74.3312641259736,80.4152174959359,74.6957958011927,76.831543522052,73.647032617492,72.5393171848723,67.7170835518355,65.5208991179881,63.0674649390056,70.7636506136727,67.4443128644077,60.5178451262306,47.8815458666227,61.9808048078858,59.2297697193368,72.0030784398068,59.9306030699309,58.3724877497493,74.6441203016126,74.4911299002612,79.0320610501107,77.0891918836456,63.8406971141382,77.591796893365
86.7706342787001,81.3888796645826,97.2095253009727,77.5053758911788,62.5536878425662,81.9039607275952,84.6002803593327,68.5118805489645,59.2479839577923,70.2712524506738,78.0441899237353,65.3608876495982,61.3984994288523,57.0771604793717,78.7050578626146,61.3172471204394,70.8493657583435,55.5352185627021,61.3577529393327,87.9606044298072,84.9674866046349,74.73231698456,63.8406971141382,94.0860462373163,79.4463698414437,86.7706342787001,81.3888796645826,97.2095253009727,77.5053758911788,62.5536878425662,81.9039607275952,84.6002803593327,68.5118805489645,59.2479839577923,70.2712524506738,78.0441899237353,65.3608876495982,61.3984994288523,57.0771604793717,78.7050578626146,61.3172471204394,70.8493657583435,55.5352185627021,61.3577529393327,87.9606044298072,84.9674866046349,74.73231698456,63.8406971141382,94.0860462373163,79.4463698414437
98.9531250211002,83.9832917257312,106.359797183824,90.1907687302688,87.3712801854328,89.0454598907057,105.656906123309,81.8478527922441,76.0129837211614,87.7519627109534,92.7402215581509,84.3586429383223,73.5179199812786,55.7293312185027,74.307851910812,72.1818480945904,81.8333187174092,78.5764762188001,70.8738795575342,92.1685386111818,99.296022775736,85.918186206683,77.591796893365,79.4463698414437,131.254870667912,98.9531250211002,83.9832917257312,106.359797183824,90.1907687302688,87.3712801854328,89.0454598907057,105.656906123309,81.8478527922441,76.0129837211614,87.7519627109534,92.7402215581509,84.3586429383223,73.5179199812786,55.7293312185027,74.307851910812,72.1818480945904,81.8333187174092,78.5764762188001,70.8738795575342,92.1685386111818,99.296022775736,85.918186206683,77.591796893365,79.4463698414437,131.254870667912
124.530125331397,88.7367930451182,102.450591089329,89.842790074877,89.4730231073754,82.3003679162337,87.9081109144598,80.7019509315729,75.2028797860071,82.7687090986311,88.5458647508432,79.4398754077223,66.4672371851039,66.7558457259437,82.3371077992758,54.9300184526013,77.3033263880628,66.1505639866633,81.3697244557535,92.052282377442,96.8755458627024,83.2256138098886,74.2502238316327,86.7719627682158,98.9544535106159,124.530125331397,88.7367930451182,102.450591089329,89.842790074877,89.4730231073754,82.3003679162337,87.9081109144598,80.7019509315729,75.2028797860071,82.7687090986311,88.5458647508432,79.4398754077223,66.4672371851039,66.7558457259437,82.3371077992758,54.9300184526013,77.3033263880628,66.1505639866633,81.3697244557535,92.052282377442,96.8755458627024,83.2256138098886,74.2502238316327,86.7719627682158,98.9544535106159
88.7354645556025,111.717369621879,107.092951859968,75.6380595732092,84.3814262522572,83.5995322854246,83.0149940109619,87.5684451324994,68.1011844081798,72.7034880669323,83.2408050892905,78.4285717978066,72.5349724696275,58.1914354515928,81.2515411376339,68.2399036589308,81.6203531547826,61.7738779125122,71.209463038999,89.0228063185471,96.2837843881926,84.9594318029817,74.3312641259736,81.3888796645826,83.9832917257312,88.7354645556025,111.717369621879,107.092951859968,75.6380595732092,84.3814262522572,83.5995322854246,83.0149940109619,87.5684451324994,68.1011844081798,72.7034880669323,83.2408050892905,78.4285717978066,72.5349724696275,58.1914354515928,81.2515411376339,68.2399036589308,81.6203531547826,61.7738779125122,71.209463038999,89.0228063185471,96.2837843881926,84.9594318029817,74.3312641259736,81.3888796645826,83.9832917257312
102.449262599813,107.092951859968,128.233023515032,90.7686357016208,89.7263520420415,97.8539640337494,103.155155292591,91.7699386304483,71.6465084198028,85.437159930594,91.3779236917111,83.8899411202307,76.818069588673,60.1511749005533,85.2639758919371,69.5552184991384,89.0074222804512,74.9595443306786,76.3313745373382,101.03573412862,102.974944686608,92.7998787414373,80.4152174959359,97.2095253009727,106.359797183824,102.449262599813,107.092951859968,128.233023515032,90.7686357016208,89.7263520420415,97.8539640337494,103.155155292591,91.7699386304483,71.6465084198028,85.437159930594,91.3779236917111,83.8899411202307,76.818069588673,60.1511749005533,85.2639758919371,69.5552184991384,89.0074222804512,74.9595443306786,76.3313745373382,101.03573412862,102.974944686608,92.7998787414373,80.4152174959359,97.2095253009727,106.359797183824
89.8414615853613,75.6380595732092,90.7686357016208,105.501009626406,81.7627763841834,80.5040218238037,96.7967339446308,73.0432642286431,72.9640184395216,78.8262758785959,84.9417342115746,79.9183311316941,62.8781484675377,57.2248507483903,77.5130533479656,66.5224228049938,82.7350364606497,69.6655269107101,68.5346687893347,88.2631467283811,83.6019670651828,93.3445633010602,74.6957958011927,77.5053758911788,90.1907687302688,89.8414615853613,75.6380595732092,90.7686357016208,105.501009626406,81.7627763841834,80.5040218238037,96.7967339446308,73.0432642286431,72.9640184395216,78.8262758785959,84.9417342115746,79.9183311316941,62.8781484675377,57.2248507483903,77.5130533479656,66.5224228049938,82.7350364606497,69.6655269107101,68.5346687893347,88.2631467283811,83.6019670651828,93.3445633010602,74.6957958011927,77.5053758911788,90.1907687302688
89.4716946178597,84.3814262522572,89.7263520420415,81.7627763841834,100.232017467141,72.1173875220311,79.1985157775966,78.3191065234264,66.4508802862858,65.6544596255113,73.2902369603372,73.0576808011837,69.0372504104166,47.5509170384046,61.4012036561075,57.023451281546,76.134630489736,69.587382546511,67.5715808239176,78.563008917636,78.0520597470096,81.8001498692967,76.831543522052,62.5536878425662,87.3712801854328,89.4716946178597,84.3814262522572,89.7263520420415,81.7627763841834,100.232017467141,72.1173875220311,79.1985157775966,78.3191065234264,66.4508802862858,65.6544596255113,73.2902369603372,73.0576808011837,69.0372504104166,47.5509170384046,61.4012036561075,57.023451281546,76.134630489736,69.587382546511,67.5715808239176,78.563008917636,78.0520597470096,81.8001498692967,76.831543522052,62.5536878425662,87.3712801854328
82.299039426718,83.5995322854246,97.8539640337494,80.5040218238037,72.1173875220311,99.3060630214281,87.2996331199731,75.9782071069671,72.0460641928875,71.008690209636,84.1644017275272,72.0681943248016,65.9885177982433,53.4289288088635,76.9431126120434,61.9487825906111,78.7687794770829,60.9115444709617,66.1476221046753,93.615915261425,85.398153329314,81.5786662951168,73.647032617492,81.9039607275952,89.0454598907057,82.299039426718,83.5995322854246,97.8539640337494,80.5040218238037,72.1173875220311,99.3060630214281,87.2996331199731,75.9782071069671,72.0460641928875,71.008690209636,84.1644017275272,72.0681943248016,65.9885177982433,53.4289288088635,76.9431126120434,61.9487825906111,78.7687794770829,60.9115444709617,66.1476221046753,93.615915261425,85.398153329314,81.5786662951168,73.647032617492,81.9039607275952,89.0454598907057
87.9067824249441,83.0149940109619,103.155155292591,96.7967339446308,79.1985157775966,87.2996331199731,113.811281433742,78.5559270984297,67.9726795171576,80.632228616059,89.9418969484272,77.4421826709671,71.26246650265,54.2522232144862,77.2323352979762,69.3219344129606,79.1558202728382,74.0346273698617,71.0027566534358,91.5179112224109,81.4583279020308,87.6678256232689,72.5393171848723,84.6002803593327,105.656906123309,87.9067824249441,83.0149940109619,103.155155292591,96.7967339446308,79.1985157775966,87.2996331199731,113.811281433742,78.5559270984297,67.9726795171576,80.632228616059,89.9418969484272,77.4421826709671,71.26246650265,54.2522232144862,77.2323352979762,69.3219344129606,79.1558202728382,74.0346273698617,71.0027566534358,91.5179112224109,81.4583279020308,87.6678256232689,72.5393171848723,84.6002803593327,105.656906123309
80.7006224420572,87.5684451324994,91.7699386304483,73.0432642286431,78.3191065234264,75.9782071069671,78.5559270984297,90.3149491417162,61.7564191697189,70.5416197306544,78.8033901964133,74.8140599640956,61.1437592206898,44.2945956490217,70.559538677423,64.1944019717308,79.3098114396647,58.971444929496,70.1512430551405,80.8826764726353,85.9874069163473,90.6013093418996,67.7170835518355,68.5118805489645,81.8478527922441,80.7006224420572,87.5684451324994,91.7699386304483,73.0432642286431,78.3191065234264,75.9782071069671,78.5559270984297,90.3149491417162,61.7564191697189,70.5416197306544,78.8033901964133,74.8140599640956,61.1437592206898,44.2945956490217,70.559538677423,64.1944019717308,79.3098114396647,58.971444929496,70.1512430551405,80.8826764726353,85.9874069163473,90.6013093418996,67.7170835518355,68.5118805489645,81.8478527922441
75.2015512964914,68.1011844081798,71.6465084198028,72.9640184395216,66.4508802862858,72.0460641928875,67.9726795171576,61.7564191697189,71.8229095460877,66.7165684122978,68.3528436380952,70.898230076797,59.3046291448781,46.2365842421427,64.0739701733942,60.1744344476528,66.2027689396256,52.4818263645235,64.7468239891753,76.6978006501544,76.1748300985987,73.8270910753803,65.5208991179881,59.2479839577923,76.0129837211614,75.2015512964914,68.1011844081798,71.6465084198028,72.9640184395216,66.4508802862858,72.0460641928875,67.9726795171576,61.7564191697189,71.8229095460877,66.7165684122978,68.3528436380952,70.898230076797,59.3046291448781,46.2365842421427,64.0739701733942,60.1744344476528,66.2027689396256,52.4818263645235,64.7468239891753,76.6978006501544,76.1748300985987,73.8270910753803,65.5208991179881,59.2479839577923,76.0129837211614
82.7673806091154,72.7034880669323,85.437159930594,78.8262758785959,65.6544596255113,71.008690209636,80.632228616059,70.5416197306544,66.7165684122978,98.2145873190058,77.1869226977629,73.0475923943096,57.9964102471871,51.7639911546444,61.9902343022125,63.3612771797246,63.9333771375029,64.4490620535604,61.7780100420606,80.4524227425154,90.1551533341798,88.6139425975405,63.0674649390056,70.2712524506738,87.7519627109534,82.7673806091154,72.7034880669323,85.437159930594,78.8262758785959,65.6544596255113,71.008690209636,80.632228616059,70.5416197306544,66.7165684122978,98.2145873190058,77.1869226977629,73.0475923943096,57.9964102471871,51.7639911546444,61.9902343022125,63.3612771797246,63.9333771375029,64.4490620535604,61.7780100420606,80.4524227425154,90.1551533341798,88.6139425975405,63.0674649390056,70.2712524506738,87.7519627109534
88.5445362613275,83.2408050892905,91.3779236917111,84.9417342115746,73.2902369603372,84.1644017275272,89.9418969484272,78.8033901964133,68.3528436380952,77.1869226977629,92.3056974206647,74.6548274834085,56.9685694548369,58.1906953583296,75.2558202638241,64.7036741881261,76.6562782486416,61.3292281266662,65.503870320204,86.9413935780811,87.3456163476427,84.1646073058995,70.7636506136727,78.0441899237353,92.7402215581509,88.5445362613275,83.2408050892905,91.3779236917111,84.9417342115746,73.2902369603372,84.1644017275272,89.9418969484272,78.8033901964133,68.3528436380952,77.1869226977629,92.3056974206647,74.6548274834085,56.9685694548369,58.1906953583296,75.2558202638241,64.7036741881261,76.6562782486416,61.3292281266662,65.503870320204,86.9413935780811,87.3456163476427,84.1646073058995,70.7636506136727,78.0441899237353,92.7402215581509
79.4385469182066,78.4285717978066,83.8899411202307,79.9183311316941,73.0576808011837,72.0681943248016,77.4421826709671,74.8140599640956,70.898230076797,73.0475923943096,74.6548274834085,91.5186890135889,64.2185670928249,50.7524654068859,72.8821848267951,69.8403011476724,73.6373673210857,54.0408152563893,76.6523562422374,81.0777536017871,86.6987853497963,85.1620544672317,67.4443128644077,65.3608876495982,84.3586429383223,79.4385469182066,78.4285717978066,83.8899411202307,79.9183311316941,73.0576808011837,72.0681943248016,77.4421826709671,74.8140599640956,70.898230076797,73.0475923943096,74.6548274834085,91.5186890135889,64.2185670928249,50.7524654068859,72.8821848267951,69.8403011476724,73.6373673210857,54.0408152563893,76.6523562422374,81.0777536017871,86.6987853497963,85.1620544672317,67.4443128644077,65.3608876495982,84.3586429383223
66.4659086955882,72.5349724696275,76.818069588673,62.8781484675377,69.0372504104166,65.9885177982433,71.26246650265,61.1437592206898,59.3046291448781,57.9964102471871,56.9685694548369,64.2185670928249,75.4117978299663,41.8788345584089,58.8416973327813,56.8633121417202,60.4695053651364,57.8210436998035,63.5342910702946,70.9501924444778,67.7411003400114,63.8209340053091,60.5178451262306,61.3984994288523,73.5179199812786,66.4659086955882,72.5349724696275,76.818069588673,62.8781484675377,69.0372504104166,65.9885177982433,71.26246650265,61.1437592206898,59.3046291448781,57.9964102471871,56.9685694548369,64.2185670928249,75.4117978299663,41.8788345584089,58.8416973327813,56.8633121417202,60.4695053651364,57.8210436998035,63.5342910702946,70.9501924444778,67.7411003400114,63.8209340053091,60.5178451262306,61.3984994288523,73.5179199812786
66.754517236428,58.1914354515928,60.1511749005533,57.2248507483903,47.5509170384046,53.4289288088635,54.2522232144862,44.2945956490217,46.2365842421427,51.7639911546444,58.1906953583296,50.7524654068859,41.8788345584089,62.824843224202,56.4681571827069,39.9544834705659,49.2918706007187,41.4767604530399,41.0385702702814,53.1764035075408,59.027686211103,49.2251744749371,47.8815458666227,57.0771604793717,55.7293312185027,66.754517236428,58.1914354515928,60.1511749005533,57.2248507483903,47.5509170384046,53.4289288088635,54.2522232144862,44.2945956490217,46.2365842421427,51.7639911546444,58.1906953583296,50.7524654068859,41.8788345584089,62.824843224202,56.4681571827069,39.9544834705659,49.2918706007187,41.4767604530399,41.0385702702814,53.1764035075408,59.027686211103,49.2251744749371,47.8815458666227,57.0771604793717,55.7293312185027
82.3357793097601,81.2515411376339,85.2639758919371,77.5130533479656,61.4012036561075,76.9431126120434,77.2323352979762,70.559538677423,64.0739701733942,61.9902343022125,75.2558202638241,72.8821848267951,58.8416973327813,56.4681571827069,89.2166642991229,65.7941710098037,76.7147722589515,48.7049163199838,63.1901991608006,80.5949665215426,81.8513654261756,74.7596727143882,61.9808048078858,78.7050578626146,74.307851910812,82.3357793097601,81.2515411376339,85.2639758919371,77.5130533479656,61.4012036561075,76.9431126120434,77.2323352979762,70.559538677423,64.0739701733942,61.9902343022125,75.2558202638241,72.8821848267951,58.8416973327813,56.4681571827069,89.2166642991229,65.7941710098037,76.7147722589515,48.7049163199838,63.1901991608006,80.5949665215426,81.8513654261756,74.7596727143882,61.9808048078858,78.7050578626146,74.307851910812
54.9286899630856,68.2399036589308,69.5552184991384,66.5224228049938,57.023451281546,61.9487825906111,69.3219344129606,64.1944019717308,60.1744344476528,63.3612771797246,64.7036741881261,69.8403011476724,56.8633121417202,39.9544834705659,65.7941710098037,84.2743840929103,63.1344820976778,45.0914482124567,57.4321251380426,72.6621651534316,75.3353902443814,79.2138848356684,59.2297697193368,61.3172471204394,72.1818480945904,54.9286899630856,68.2399036589308,69.5552184991384,66.5224228049938,57.023451281546,61.9487825906111,69.3219344129606,64.1944019717308,60.1744344476528,63.3612771797246,64.7036741881261,69.8403011476724,56.8633121417202,39.9544834705659,65.7941710098037,84.2743840929103,63.1344820976778,45.0914482124567,57.4321251380426,72.6621651534316,75.3353902443814,79.2138848356684,59.2297697193368,61.3172471204394,72.1818480945904
77.3019978985471,81.6203531547826,89.0074222804512,82.7350364606497,76.134630489736,78.7687794770829,79.1558202728382,79.3098114396647,66.2027689396256,63.9333771375029,76.6562782486416,73.6373673210857,60.4695053651364,49.2918706007187,76.7147722589515,63.1344820976778,94.1485431741647,62.9673897969179,65.9281400361277,81.4877599551595,81.7149186240322,81.1623645907128,72.0030784398068,70.8493657583435,81.8333187174092,77.3019978985471,81.6203531547826,89.0074222804512,82.7350364606497,76.134630489736,78.7687794770829,79.1558202728382,79.3098114396647,66.2027689396256,63.9333771375029,76.6562782486416,73.6373673210857,60.4695053651364,49.2918706007187,76.7147722589515,63.1344820976778,94.1485431741647,62.9673897969179,65.9281400361277,81.4877599551595,81.7149186240322,81.1623645907128,72.0030784398068,70.8493657583435,81.8333187174092
66.1492354971476,61.7738779125122,74.9595443306786,69.6655269107101,69.587382546511,60.9115444709617,74.0346273698617,58.971444929496,52.4818263645235,64.4490620535604,61.3292281266662,54.0408152563893,57.8210436998035,41.4767604530399,48.7049163199838,45.0914482124567,62.9673897969179,69.690199044197,45.4804570148514,61.9766374257196,62.8372453063176,66.2173094465034,59.9306030699309,55.5352185627021,78.5764762188001,66.1492354971476,61.7738779125122,74.9595443306786,69.6655269107101,69.587382546511,60.9115444709617,74.0346273698617,58.971444929496,52.4818263645235,64.4490620535604,61.3292281266662,54.0408152563893,57.8210436998035,41.4767604530399,48.7049163199838,45.0914482124567,62.9673897969179,69.690199044197,45.4804570148514,61.9766374257196,62.8372453063176,66.2173094465034,59.9306030699309,55.5352185627021,78.5764762188001
81.3683959662378,71.209463038999,76.3313745373382,68.5346687893347,67.5715808239176,66.1476221046753,71.0027566534358,70.1512430551405,64.7468239891753,61.7780100420606,65.503870320204,76.6523562422374,63.5342910702946,41.0385702702814,63.1901991608006,57.4321251380426,65.9281400361277,45.4804570148514,89.9459966050777,76.6816445273881,73.6088399801292,77.7548360190706,58.3724877497493,61.3577529393327,70.8738795575342,81.3683959662378,71.209463038999,76.3313745373382,68.5346687893347,67.5715808239176,66.1476221046753,71.0027566534358,70.1512430551405,64.7468239891753,61.7780100420606,65.503870320204,76.6523562422374,63.5342910702946,41.0385702702814,63.1901991608006,57.4321251380426,65.9281400361277,45.4804570148514,89.9459966050777,76.6816445273881,73.6088399801292,77.7548360190706,58.3724877497493,61.3577529393327,70.8738795575342
92.0509538879263,89.0228063185471,101.03573412862,88.2631467283811,78.563008917636,93.615915261425,91.5179112224109,80.8826764726353,76.6978006501544,80.4524227425154,86.9413935780811,81.0777536017871,70.9501924444778,53.1764035075408,80.5949665215426,72.6621651534316,81.4877599551595,61.9766374257196,76.6816445273881,103.483589337305,94.7378600438399,91.6253459775839,74.6441203016126,87.9606044298072,92.1685386111818,92.0509538879263,89.0228063185471,101.03573412862,88.2631467283811,78.563008917636,93.615915261425,91.5179112224109,80.8826764726353,76.6978006501544,80.4524227425154,86.9413935780811,81.0777536017871,70.9501924444778,53.1764035075408,80.5949665215426,72.6621651534316,81.4877599551595,61.9766374257196,76.6816445273881,103.483589337305,94.7378600438399,91.6253459775839,74.6441203016126,87.9606044298072,92.1685386111818
96.8742173731867,96.2837843881926,102.974944686608,83.6019670651828,78.0520597470096,85.398153329314,81.4583279020308,85.9874069163473,76.1748300985987,90.1551533341798,87.3456163476427,86.6987853497963,67.7411003400114,59.027686211103,81.8513654261756,75.3353902443814,81.7149186240322,62.8372453063176,73.6088399801292,94.7378600438399,113.605813315894,96.7375348091786,74.4911299002612,84.9674866046349,99.296022775736,96.8742173731867,96.2837843881926,102.974944686608,83.6019670651828,78.0520597470096,85.398153329314,81.4583279020308,85.9874069163473,76.1748300985987,90.1551533341798,87.3456163476427,86.6987853497963,67.7411003400114,59.027686211103,81.8513654261756,75.3353902443814,81.7149186240322,62.8372453063176,73.6088399801292,94.7378600438399,113.605813315894,96.7375348091786,74.4911299002612,84.9674866046349,99.296022775736
83.2242853203729,84.9594318029817,92.7998787414373,93.3445633010602,81.8001498692967,81.5786662951168,87.6678256232689,90.6013093418996,73.8270910753803,88.6139425975405,84.1646073058995,85.1620544672317,63.8209340053091,49.2251744749371,74.7596727143882,79.2138848356684,81.1623645907128,66.2173094465034,77.7548360190706,91.6253459775839,96.7375348091786,127.634198548072,79.0320610501107,74.73231698456,85.918186206683,83.2242853203729,84.9594318029817,92.7998787414373,93.3445633010602,81.8001498692967,81.5786662951168,87.6678256232689,90.6013093418996,73.8270910753803,88.6139425975405,84.1646073058995,85.1620544672317,63.8209340053091,49.2251744749371,74.7596727143882,79.2138848356684,81.1623645907128,66.2173094465034,77.7548360190706,91.6253459775839,96.7375348091786,127.634198548072,79.0320610501107,74.73231698456,85.918186206683
