106.974047592561,79.5983567479762,73.0534491216087,76.1524441706466,85.1680582990593,79.7218791906151,82.7927144655498,72.7869784575464,77.2995787481748,65.5855398356161,82.9619490934992,76.5488157789779,89.301317456793,69.6702365754337,82.8281559769862,78.9549642248075,67.2431888940124,76.829414385398,83.077646112969,95.2148941826522,82.2385053934012,82.1903619203434,62.4095726256964,74.1281127941693,98.2759410086369,106.974047592561,79.5983567479762,73.0534491216087,76.1524441706466,85.1680582990593,79.7218791906151,82.7927144655498,72.7869784575464,77.2995787481748,65.5855398356161,82.9619490934992,76.5488157789779,89.301317456793,69.6702365754337,82.8281559769862,78.9549642248075,67.2431888940124,76.829414385398,83.077646112969,95.2148941826522,82.2385053934012,82.1903619203434,62.4095726256964,74.1281127941693,98.2759410086369
79.5953346182839,85.4307413214215,62.4082634252423,65.7994898536798,67.1680091003519,60.9442479730415,67.9822772157865,53.1177329559,66.7965156259369,51.3584146106903,61.6084492942156,62.2447334436538,75.9870044367129,53.7906660968474,69.2579929365365,70.221912410765,56.5571469331232,64.6720359268266,69.2509968686107,82.2603980760437,70.6749966668165,71.6523268803095,54.1771262845675,64.2488593796972,80.4677353029791,79.5953346182839,85.4307413214215,62.4082634252423,65.7994898536798,67.1680091003519,60.9442479730415,67.9822772157865,53.1177329559,66.7965156259369,51.3584146106903,61.6084492942156,62.2447334436538,75.9870044367129,53.7906660968474,69.2579929365365,70.221912410765,56.5571469331232,64.6720359268266,69.2509968686107,82.2603980760437,70.6749966668165,71.6523268803095,54.1771262845675,64.2488593796972,80.4677353029791
73.0504269919164,62.4082634252423,101.233703628381,82.8405092126025,97.9705775633051,77.3547319862131,78.0914854754497,74.3797389093995,90.6616701144345,62.4832535093338,91.5190928949879,77.9656546938711,80.9089131360593,77.3158764974249,92.178013311666,78.0904166834572,64.6208499657242,85.5959089405353,87.7789211982773,100.244458064962,75.3196026765839,70.335623477935,71.1418711045127,64.5977628052431,105.288444171042,73.0504269919164,62.4082634252423,101.233703628381,82.8405092126025,97.9705775633051,77.3547319862131,78.0914854754497,74.3797389093995,90.6616701144345,62.4832535093338,91.5190928949879,77.9656546938711,80.9089131360593,77.3158764974249,92.178013311666,78.0904166834572,64.6208499657242,85.5959089405353,87.7789211982773,100.244458064962,75.3196026765839,70.335623477935,71.1418711045127,64.5977628052431,105.288444171042
76.1494220409543,65.7994898536798,82.8405092126025,109.709753945898,90.354265630352,76.9837161482469,84.6001253995391,66.51662723712,80.1896248539391,70.5184116759236,84.4780319986195,80.4111583381468,91.6242881426558,75.5911835364057,91.2063319814323,78.9576792384394,54.358474892131,83.7990887087476,93.3768771726854,90.139863422742,82.3212301460945,78.272615219876,71.2578068816576,72.7583896281046,105.616592613206,76.1494220409543,65.7994898536798,82.8405092126025,109.709753945898,90.354265630352,76.9837161482469,84.6001253995391,66.51662723712,80.1896248539391,70.5184116759236,84.4780319986195,80.4111583381468,91.6242881426558,75.5911835364057,91.2063319814323,78.9576792384394,54.358474892131,83.7990887087476,93.3768771726854,90.139863422742,82.3212301460945,78.272615219876,71.2578068816576,72.7583896281046,105.616592613206
85.165036169367,67.1680091003519,97.9705775633051,90.354265630352,147.429612143734,91.7629919090933,97.9034900937447,82.5767136083867,87.513282589361,84.9415824278098,92.5410531670127,98.2311394208258,87.9246836777553,84.6296470787091,100.436287177952,86.3318387152336,64.8177796324983,91.9010629073997,104.009773648114,110.420198278878,93.2780451469634,87.7322375412603,83.2548222675244,81.7249157653923,112.855036713308,85.165036169367,67.1680091003519,97.9705775633051,90.354265630352,147.429612143734,91.7629919090933,97.9034900937447,82.5767136083867,87.513282589361,84.9415824278098,92.5410531670127,98.2311394208258,87.9246836777553,84.6296470787091,100.436287177952,86.3318387152336,64.8177796324983,91.9010629073997,104.009773648114,110.420198278878,93.2780451469634,87.7322375412603,83.2548222675244,81.7249157653923,112.855036713308
79.7188570609228,60.9442479730415,77.3547319862131,76.9837161482469,91.7629919090933,103.698982514134,80.7092160944945,77.1447988631609,74.6489563316174,73.4816617274955,83.61057333272,89.9893641055018,75.8571741029127,76.1547294841181,87.1679987556617,72.9914156469077,59.7140380289711,75.3397199159286,87.6671244107055,99.3049387388709,84.5152645896081,73.376096823501,62.2087399887723,86.6120833753772,104.769910238392,79.7188570609228,60.9442479730415,77.3547319862131,76.9837161482469,91.7629919090933,103.698982514134,80.7092160944945,77.1447988631609,74.6489563316174,73.4816617274955,83.61057333272,89.9893641055018,75.8571741029127,76.1547294841181,87.1679987556617,72.9914156469077,59.7140380289711,75.3397199159286,87.6671244107055,99.3049387388709,84.5152645896081,73.376096823501,62.2087399887723,86.6120833753772,104.769910238392
82.7896923358575,67.9822772157865,78.0914854754497,84.6001253995391,97.9034900937447,80.7092160944945,105.605273211907,73.9967538459128,84.0414768822989,67.0786238075144,82.2319556703588,77.9182648155073,86.5173706687939,74.5860052966002,82.7858937760891,71.2528597076635,65.7250726786661,81.7040491625205,94.5925008252907,98.8400857229956,81.1880918071216,78.4338561636898,74.2670005172027,73.4878066808703,102.977198207469,82.7896923358575,67.9822772157865,78.0914854754497,84.6001253995391,97.9034900937447,80.7092160944945,105.605273211907,73.9967538459128,84.0414768822989,67.0786238075144,82.2319556703588,77.9182648155073,86.5173706687939,74.5860052966002,82.7858937760891,71.2528597076635,65.7250726786661,81.7040491625205,94.5925008252907,98.8400857229956,81.1880918071216,78.4338561636898,74.2670005172027,73.4878066808703,102.977198207469
72.7839563278541,53.1177329559,74.3797389093995,66.51662723712,82.5767136083867,77.1447988631609,73.9967538459128,89.9513087181566,78.5468293645608,62.425823350929,80.257108235673,70.2816905366003,73.0860559590768,68.8989629209057,81.1084704496387,74.3519247264134,56.607043007949,65.901250216878,80.8731888395461,83.1655108871763,62.1907738290738,63.3494621375798,61.9088028022228,68.6358226379377,103.181073819454,72.7839563278541,53.1177329559,74.3797389093995,66.51662723712,82.5767136083867,77.1447988631609,73.9967538459128,89.9513087181566,78.5468293645608,62.425823350929,80.257108235673,70.2816905366003,73.0860559590768,68.8989629209057,81.1084704496387,74.3519247264134,56.607043007949,65.901250216878,80.8731888395461,83.1655108871763,62.1907738290738,63.3494621375798,61.9088028022228,68.6358226379377,103.181073819454
77.2965566184825,66.7965156259369,90.6616701144345,80.1896248539391,87.513282589361,74.6489563316174,84.0414768822989,78.5468293645608,107.23770709655,62.8434287837341,87.3742703010095,75.5780461553173,79.7948073162777,67.543419970841,89.7393351180854,76.5886385698062,76.7928291307569,79.1019336991848,86.3344403177387,97.8409548784807,68.8508139117251,67.4800733986995,66.8128585365769,60.0129004987256,115.103025039838,77.2965566184825,66.7965156259369,90.6616701144345,80.1896248539391,87.513282589361,74.6489563316174,84.0414768822989,78.5468293645608,107.23770709655,62.8434287837341,87.3742703010095,75.5780461553173,79.7948073162777,67.543419970841,89.7393351180854,76.5886385698062,76.7928291307569,79.1019336991848,86.3344403177387,97.8409548784807,68.8508139117251,67.4800733986995,66.8128585365769,60.0129004987256,115.103025039838
65.5825177059238,51.3584146106903,62.4832535093338,70.5184116759236,84.9415824278098,73.4816617274955,67.0786238075144,62.425823350929,62.8434287837341,77.8407716449724,64.239910015595,73.0517209145349,70.4103432147342,62.4049819852713,70.6120209827661,64.2472355514897,43.5509761810022,69.5659689146989,76.6548007547742,73.8805263487443,68.92195841063,62.9565817949941,45.355105391414,56.3063667496058,83.8754554044242,65.5825177059238,51.3584146106903,62.4832535093338,70.5184116759236,84.9415824278098,73.4816617274955,67.0786238075144,62.425823350929,62.8434287837341,77.8407716449724,64.239910015595,73.0517209145349,70.4103432147342,62.4049819852713,70.6120209827661,64.2472355514897,43.5509761810022,69.5659689146989,76.6548007547742,73.8805263487443,68.92195841063,62.9565817949941,45.355105391414,56.3063667496058,83.8754554044242
82.9589269638069,61.6084492942156,91.5190928949879,84.4780319986195,92.5410531670127,83.61057333272,82.2319556703588,80.257108235673,87.3742703010095,64.239910015595,110.764172921096,79.7465773461351,91.0705612009193,83.9777231106823,91.0878920450002,79.9371639593985,76.0214041241709,86.3942965356206,94.7178329418184,98.2207047967501,82.3065587178212,77.6600728667174,76.0485822808773,78.9746739405027,111.673263349247,82.9589269638069,61.6084492942156,91.5190928949879,84.4780319986195,92.5410531670127,83.61057333272,82.2319556703588,80.257108235673,87.3742703010095,64.239910015595,110.764172921096,79.7465773461351,91.0705612009193,83.9777231106823,91.0878920450002,79.9371639593985,76.0214041241709,86.3942965356206,94.7178329418184,98.2207047967501,82.3065587178212,77.6600728667174,76.0485822808773,78.9746739405027,111.673263349247
76.5457936492855,62.2447334436538,77.9656546938711,80.4111583381468,98.2311394208258,89.9893641055018,77.9182648155073,70.2816905366003,75.5780461553173,73.0517209145349,79.7465773461351,104.95032685286,73.7893410314294,79.5482854204575,87.413937356145,68.9260436964329,49.5251136756123,75.1341590926819,82.1548580626866,98.723393813823,83.7365294138345,73.654005487896,71.0630163698384,79.1814560412457,102.244020504112,76.5457936492855,62.2447334436538,77.9656546938711,80.4111583381468,98.2311394208258,89.9893641055018,77.9182648155073,70.2816905366003,75.5780461553173,73.0517209145349,79.7465773461351,104.95032685286,73.7893410314294,79.5482854204575,87.413937356145,68.9260436964329,49.5251136756123,75.1341590926819,82.1548580626866,98.723393813823,83.7365294138345,73.654005487896,71.0630163698384,79.1814560412457,102.244020504112
89.2982953271007,75.9870044367129,80.9089131360593,91.6242881426558,87.9246836777553,75.8571741029127,86.5173706687939,73.0860559590768,79.7948073162777,70.4103432147342,91.0705612009193,73.7893410314294,116.793242419456,81.4620344106905,86.224522077884,85.8936741674364,69.7370639137197,77.1524031535071,90.8209224547646,97.4659725470874,91.3609914248262,77.6950349612101,66.7468187572339,77.7759696551911,100.241091116515,89.2982953271007,75.9870044367129,80.9089131360593,91.6242881426558,87.9246836777553,75.8571741029127,86.5173706687939,73.0860559590768,79.7948073162777,70.4103432147342,91.0705612009193,73.7893410314294,116.793242419456,81.4620344106905,86.224522077884,85.8936741674364,69.7370639137197,77.1524031535071,90.8209224547646,97.4659725470874,91.3609914248262,77.6950349612101,66.7468187572339,77.7759696551911,100.241091116515
69.6672144457414,53.7906660968474,77.3158764974249,75.5911835364057,84.6296470787091,76.1547294841181,74.5860052966002,68.8989629209057,67.543419970841,62.4049819852713,83.9777231106823,79.5482854204575,81.4620344106905,83.1970766893887,77.1860784973049,65.3617899175359,51.9030607999602,74.9760266939903,81.6108366837677,87.7584855110414,78.6261764956526,67.9050738102768,67.9440586565316,70.4885965462809,95.0544106801377,69.6672144457414,53.7906660968474,77.3158764974249,75.5911835364057,84.6296470787091,76.1547294841181,74.5860052966002,68.8989629209057,67.543419970841,62.4049819852713,83.9777231106823,79.5482854204575,81.4620344106905,83.1970766893887,77.1860784973049,65.3617899175359,51.9030607999602,74.9760266939903,81.6108366837677,87.7584855110414,78.6261764956526,67.9050738102768,67.9440586565316,70.4885965462809,95.0544106801377
82.8251338472939,69.2579929365365,92.178013311666,91.2063319814323,100.436287177952,87.1679987556617,82.7858937760891,81.1084704496387,89.7393351180854,70.6120209827661,91.0878920450002,87.413937356145,86.224522077884,77.1860784973049,104.464918738452,83.201331023284,70.215934473199,89.1331411393623,94.2215685456468,104.951318276153,81.8896793315728,77.8213897539294,75.0219934142217,80.5933571096843,112.688349585626,82.8251338472939,69.2579929365365,92.178013311666,91.2063319814323,100.436287177952,87.1679987556617,82.7858937760891,81.1084704496387,89.7393351180854,70.6120209827661,91.0878920450002,87.413937356145,86.224522077884,77.1860784973049,104.464918738452,83.201331023284,70.215934473199,89.1331411393623,94.2215685456468,104.951318276153,81.8896793315728,77.8213897539294,75.0219934142217,80.5933571096843,112.688349585626
78.9519420951151,70.221912410765,78.0904166834572,78.9576792384394,86.3318387152336,72.9914156469077,71.2528597076635,74.3519247264134,76.5886385698062,64.2472355514897,79.9371639593985,68.9260436964329,85.8936741674364,65.3617899175359,83.201331023284,95.241217065735,58.8572101159085,65.1055862167302,81.4344292858177,85.1502574404786,69.751270329847,68.991186385762,63.5062706531919,64.9996578477701,98.475151323334,78.9519420951151,70.221912410765,78.0904166834572,78.9576792384394,86.3318387152336,72.9914156469077,71.2528597076635,74.3519247264134,76.5886385698062,64.2472355514897,79.9371639593985,68.9260436964329,85.8936741674364,65.3617899175359,83.201331023284,95.241217065735,58.8572101159085,65.1055862167302,81.4344292858177,85.1502574404786,69.751270329847,68.991186385762,63.5062706531919,64.9996578477701,98.475151323334
67.24016676432,56.5571469331232,64.6208499657242,54.358474892131,64.8177796324983,59.7140380289711,65.7250726786661,56.607043007949,76.7928291307569,43.5509761810022,76.0214041241709,49.5251136756123,69.7370639137197,51.9030607999602,70.215934473199,58.8572101159085,92.8803810950716,69.9398680980144,67.5872247361282,77.214679954199,65.189489593954,55.7067947323722,55.5030951172069,53.1259641661965,85.8415218311745,67.24016676432,56.5571469331232,64.6208499657242,54.358474892131,64.8177796324983,59.7140380289711,65.7250726786661,56.607043007949,76.7928291307569,43.5509761810022,76.0214041241709,49.5251136756123,69.7370639137197,51.9030607999602,70.215934473199,58.8572101159085,92.8803810950716,69.9398680980144,67.5872247361282,77.214679954199,65.189489593954,55.7067947323722,55.5030951172069,53.1259641661965,85.8415218311745
76.8263922557057,64.6720359268266,85.5959089405353,83.7990887087476,91.9010629073997,75.3397199159286,81.7040491625205,65.901250216878,79.1019336991848,69.5659689146989,86.3942965356206,75.1341590926819,77.1524031535071,74.9760266939903,89.1331411393623,65.1055862167302,69.9398680980144,104.649452139929,91.3954130261292,98.5088970078571,79.0328084879073,80.9201144446156,67.6496491426939,62.91009717175,95.0691890977437,76.8263922557057,64.6720359268266,85.5959089405353,83.7990887087476,91.9010629073997,75.3397199159286,81.7040491625205,65.901250216878,79.1019336991848,69.5659689146989,86.3942965356206,75.1341590926819,77.1524031535071,74.9760266939903,89.1331411393623,65.1055862167302,69.9398680980144,104.649452139929,91.3954130261292,98.5088970078571,79.0328084879073,80.9201144446156,67.6496491426939,62.91009717175,95.0691890977437
83.0746239832767,69.2509968686107,87.7789211982773,93.3768771726854,104.009773648114,87.6671244107055,94.5925008252907,80.8731888395461,86.3344403177387,76.6548007547742,94.7178329418184,82.1548580626866,90.8209224547646,81.6108366837677,94.2215685456468,81.4344292858177,67.5872247361282,91.3954130261292,108.223283872802,102.155949416649,86.4229279011081,87.1402425766689,73.7700565885703,77.6366988139642,113.913724521738,83.0746239832767,69.2509968686107,87.7789211982773,93.3768771726854,104.009773648114,87.6671244107055,94.5925008252907,80.8731888395461,86.3344403177387,76.6548007547742,94.7178329418184,82.1548580626866,90.8209224547646,81.6108366837677,94.2215685456468,81.4344292858177,67.5872247361282,91.3954130261292,108.223283872802,102.155949416649,86.4229279011081,87.1402425766689,73.7700565885703,77.6366988139642,113.913724521738
95.2118720529599,82.2603980760437,100.244458064962,90.139863422742,110.420198278878,99.3049387388709,98.8400857229956,83.1655108871763,97.8409548784807,73.8805263487443,98.2207047967501,98.723393813823,97.4659725470874,87.7584855110414,104.951318276153,85.1502574404786,77.214679954199,98.5088970078571,102.155949416649,132.074488201333,93.0938988708713,89.8918166947214,80.9885473664793,90.8152711139103,114.88953920331,95.2118720529599,82.2603980760437,100.244458064962,90.139863422742,110.420198278878,99.3049387388709,98.8400857229956,83.1655108871763,97.8409548784807,73.8805263487443,98.2207047967501,98.723393813823,97.4659725470874,87.7584855110414,104.951318276153,85.1502574404786,77.214679954199,98.5088970078571,102.155949416649,132.074488201333,93.0938988708713,89.8918166947214,80.9885473664793,90.8152711139103,114.88953920331
82.2354832637089,70.6749966668165,75.3196026765839,82.3212301460945,93.2780451469634,84.5152645896081,81.1880918071216,62.1907738290738,68.8508139117251,68.92195841063,82.3065587178212,83.7365294138345,91.3609914248262,78.6261764956526,81.8896793315728,69.751270329847,65.189489593954,79.0328084879073,86.4229279011081,93.0938988708713,104.427757200472,77.3048473028225,68.7008210750641,83.2551750533479,97.7163804271612,82.2354832637089,70.6749966668165,75.3196026765839,82.3212301460945,93.2780451469634,84.5152645896081,81.1880918071216,62.1907738290738,68.8508139117251,68.92195841063,82.3065587178212,83.7365294138345,91.3609914248262,78.6261764956526,81.8896793315728,69.751270329847,65.189489593954,79.0328084879073,86.4229279011081,93.0938988708713,104.427757200472,77.3048473028225,68.7008210750641,83.2551750533479,97.7163804271612
82.1873397906511,71.6523268803095,70.335623477935,78.272615219876,87.7322375412603,73.376096823501,78.4338561636898,63.3494621375798,67.4800733986995,62.9565817949941,77.6600728667174,73.654005487896,77.6950349612101,67.9050738102768,77.8213897539294,68.991186385762,55.7067947323722,80.9201144446156,87.1402425766689,89.8918166947214,77.3048473028225,85.6738262211784,64.3480990285884,70.3274398343859,88.8129604563911,82.1873397906511,71.6523268803095,70.335623477935,78.272615219876,87.7322375412603,73.376096823501,78.4338561636898,63.3494621375798,67.4800733986995,62.9565817949941,77.6600728667174,73.654005487896,77.6950349612101,67.9050738102768,77.8213897539294,68.991186385762,55.7067947323722,80.9201144446156,87.1402425766689,89.8918166947214,77.3048473028225,85.6738262211784,64.3480990285884,70.3274398343859,88.8129604563911
62.406550496004,54.1771262845675,71.1418711045127,71.2578068816576,83.2548222675244,62.2087399887723,74.2670005172027,61.9088028022228,66.8128585365769,45.355105391414,76.0485822808773,71.0630163698384,66.7468187572339,67.9440586565316,75.0219934142217,63.5062706531919,55.5030951172069,67.6496491426939,73.7700565885703,80.9885473664793,68.7008210750641,64.3480990285884,79.2923098955245,65.4810235450047,86.4284652406132,62.406550496004,54.1771262845675,71.1418711045127,71.2578068816576,83.2548222675244,62.2087399887723,74.2670005172027,61.9088028022228,66.8128585365769,45.355105391414,76.0485822808773,71.0630163698384,66.7468187572339,67.9440586565316,75.0219934142217,63.5062706531919,55.5030951172069,67.6496491426939,73.7700565885703,80.9885473664793,68.7008210750641,64.3480990285884,79.2923098955245,65.4810235450047,86.4284652406132
74.125090664477,64.2488593796972,64.5977628052431,72.7583896281046,81.7249157653923,86.6120833753772,73.4878066808703,68.6358226379377,60.0129004987256,56.3063667496058,78.9746739405027,79.1814560412457,77.7759696551911,70.4885965462809,80.5933571096843,64.9996578477701,53.1259641661965,62.91009717175,77.6366988139642,90.8152711139103,83.2551750533479,70.3274398343859,65.4810235450047,102.181827643829,92.9299884729681,74.125090664477,64.2488593796972,64.5977628052431,72.7583896281046,81.7249157653923,86.6120833753772,73.4878066808703,68.6358226379377,60.0129004987256,56.3063667496058,78.9746739405027,79.1814560412457,77.7759696551911,70.4885965462809,80.5933571096843,64.9996578477701,53.1259641661965,62.91009717175,77.6366988139642,90.8152711139103,83.2551750533479,70.3274398343859,65.4810235450047,102.181827643829,92.9299884729681
98.2729188789446,80.4677353029791,105.288444171042,105.616592613206,112.855036713308,104.769910238392,102.977198207469,103.181073819454,115.103025039838,83.8754554044242,111.673263349247,102.244020504112,100.241091116515,95.0544106801377,112.688349585626,98.475151323334,85.8415218311745,95.0691890977437,113.913724521738,114.88953920331,97.7163804271612,88.8129604563911,86.4284652406132,92.9299884729681,152.659736744951,98.2729188789446,80.4677353029791,105.288444171042,105.616592613206,112.855036713308,104.769910238392,102.977198207469,103.181073819454,115.103025039838,83.8754554044242,111.673263349247,102.244020504112,100.241091116515,95.0544106801377,112.688349585626,98.475151323334,85.8415218311745,95.0691890977437,113.913724521738,114.88953920331,97.7163804271612,88.8129604563911,86.4284652406132,92.9299884729681,152.659736744951
106.974047592561,79.5983567479762,73.0534491216087,76.1524441706466,85.1680582990593,79.7218791906151,82.7927144655498,72.7869784575464,77.2995787481748,65.5855398356161,82.9619490934992,76.5488157789779,89.301317456793,69.6702365754337,82.8281559769862,78.9549642248075,67.2431888940124,76.829414385398,83.077646112969,95.2148941826522,82.2385053934012,82.1903619203434,62.4095726256964,74.1281127941693,98.2759410086369,106.974047592561,79.5983567479762,73.0534491216087,76.1524441706466,85.1680582990593,79.7218791906151,82.7927144655498,72.7869784575464,77.2995787481748,65.5855398356161,82.9619490934992,76.5488157789779,89.301317456793,69.6702365754337,82.8281559769862,78.9549642248075,67.2431888940124,76.829414385398,83.077646112969,95.2148941826522,82.2385053934012,82.1903619203434,62.4095726256964,74.1281127941693,98.2759410086369
79.5953346182839,85.4307413214215,62.4082634252423,65.7994898536798,67.1680091003519,60.9442479730415,67.9822772157865,53.1177329559,66.7965156259369,51.3584146106903,61.6084492942156,62.2447334436538,75.9870044367129,53.7906660968474,69.2579929365365,70.221912410765,56.5571469331232,64.6720359268266,69.2509968686107,82.2603980760437,70.6749966668165,71.6523268803095,54.1771262845675,64.2488593796972,80.4677353029791,79.5953346182839,85.4307413214215,62.4082634252423,65.7994898536798,67.1680091003519,60.9442479730415,67.9822772157865,53.1177329559,66.7965156259369,51.3584146106903,61.6084492942156,62.2447334436538,75.9870044367129,53.7906660968474,69.2579929365365,70.221912410765,56.5571469331232,64.6720359268266,69.2509968686107,82.2603980760437,70.6749966668165,71.6523268803095,54.1771262845675,64.2488593796972,80.4677353029791
73.0504269919164,62.4082634252423,101.233703628381,82.8405092126025,97.9705775633051,77.3547319862131,78.0914854754497,74.3797389093995,90.6616701144345,62.4832535093338,91.5190928949879,77.9656546938711,80.9089131360593,77.3158764974249,92.178013311666,78.0904166834572,64.6208499657242,85.5959089405353,87.7789211982773,100.244458064962,75.3196026765839,70.335623477935,71.1418711045127,64.5977628052431,105.288444171042,73.0504269919164,62.4082634252423,101.233703628381,82.8405092126025,97.9705775633051,77.3547319862131,78.0914854754497,74.3797389093995,90.6616701144345,62.4832535093338,91.5190928949879,77.9656546938711,80.9089131360593,77.3158764974249,92.178013311666,78.0904166834572,64.6208499657242,85.5959089405353,87.7789211982773,100.244458064962,75.3196026765839,70.335623477935,71.1418711045127,64.5977628052431,105.288444171042
76.1494220409543,65.7994898536798,82.8405092126025,109.709753945898,90.354265630352,76.9837161482469,84.6001253995391,66.51662723712,80.1896248539391,70.5184116759236,84.4780319986195,80.4111583381468,91.6242881426558,75.5911835364057,91.2063319814323,78.9576792384394,54.358474892131,83.7990887087476,93.3768771726854,90.139863422742,82.3212301460945,78.272615219876,71.2578068816576,72.7583896281046,105.616592613206,76.1494220409543,65.7994898536798,82.8405092126025,109.709753945898,90.354265630352,76.9837161482469,84.6001253995391,66.51662723712,80.1896248539391,70.5184116759236,84.4780319986195,80.4111583381468,91.6242881426558,75.5911835364057,91.2063319814323,78.9576792384394,54.358474892131,83.7990887087476,93.3768771726854,90.139863422742,82.3212301460945,78.272615219876,71.2578068816576,72.7583896281046,105.616592613206
85.165036169367,67.1680091003519,97.9705775633051,90.354265630352,147.429612143734,91.7629919090933,97.9034900937447,82.5767136083867,87.513282589361,84.9415824278098,92.5410531670127,98.2311394208258,87.9246836777553,84.6296470787091,100.436287177952,86.3318387152336,64.8177796324983,91.9010629073997,104.009773648114,110.420198278878,93.2780451469634,87.7322375412603,83.2548222675244,81.7249157653923,112.855036713308,85.165036169367,67.1680091003519,97.9705775633051,90.354265630352,147.429612143734,91.7629919090933,97.9034900937447,82.5767136083867,87.513282589361,84.9415824278098,92.5410531670127,98.2311394208258,87.9246836777553,84.6296470787091,100.436287177952,86.3318387152336,64.8177796324983,91.9010629073997,104.009773648114,110.420198278878,93.2780451469634,87.7322375412603,83.2548222675244,81.7249157653923,112.855036713308
79.7188570609228,60.9442479730415,77.3547319862131,76.9837161482469,91.7629919090933,103.698982514134,80.7092160944945,77.1447988631609,74.6489563316174,73.4816617274955,83.61057333272,89.9893641055018,75.8571741029127,76.1547294841181,87.1679987556617,72.9914156469077,59.7140380289711,75.3397199159286,87.6671244107055,99.3049387388709,84.5152645896081,73.376096823501,62.2087399887723,86.6120833753772,104.769910238392,79.7188570609228,60.9442479730415,77.3547319862131,76.9837161482469,91.7629919090933,103.698982514134,80.7092160944945,77.1447988631609,74.6489563316174,73.4816617274955,83.61057333272,89.9893641055018,75.8571741029127,76.1547294841181,87.1679987556617,72.9914156469077,59.7140380289711,75.3397199159286,87.6671244107055,99.3049387388709,84.5152645896081,73.376096823501,62.2087399887723,86.6120833753772,104.769910238392
82.7896923358575,67.9822772157865,78.0914854754497,84.6001253995391,97.9034900937447,80.7092160944945,105.605273211907,73.9967538459128,84.0414768822989,67.0786238075144,82.2319556703588,77.9182648155073,86.5173706687939,74.5860052966002,82.7858937760891,71.2528597076635,65.7250726786661,81.7040491625205,94.5925008252907,98.8400857229956,81.1880918071216,78.4338561636898,74.2670005172027,73.4878066808703,102.977198207469,82.7896923358575,67.9822772157865,78.0914854754497,84.6001253995391,97.9034900937447,80.7092160944945,105.605273211907,73.9967538459128,84.0414768822989,67.0786238075144,82.2319556703588,77.9182648155073,86.5173706687939,74.5860052966002,82.7858937760891,71.2528597076635,65.7250726786661,81.7040491625205,94.5925008252907,98.8400857229956,81.1880918071216,78.4338561636898,74.2670005172027,73.4878066808703,102.977198207469
72.7839563278541,53.1177329559,74.3797389093995,66.51662723712,82.5767136083867,77.1447988631609,73.9967538459128,89.9513087181566,78.5468293645608,62.425823350929,80.257108235673,70.2816905366003,73.0860559590768,68.8989629209057,81.1084704496387,74.3519247264134,56.607043007949,65.901250216878,80.8731888395461,83.1655108871763,62.1907738290738,63.3494621375798,61.9088028022228,68.6358226379377,103.181073819454,72.7839563278541,53.1177329559,74.3797389093995,66.51662723712,82.5767136083867,77.1447988631609,73.9967538459128,89.9513087181566,78.5468293645608,62.425823350929,80.257108235673,70.2816905366003,73.0860559590768,68.8989629209057,81.1084704496387,74.3519247264134,56.607043007949,65.901250216878,80.8731888395461,83.1655108871763,62.1907738290738,63.3494621375798,61.9088028022228,68.6358226379377,103.181073819454
77.2965566184825,66.7965156259369,90.6616701144345,80.1896248539391,87.513282589361,74.6489563316174,84.0414768822989,78.5468293645608,107.23770709655,62.8434287837341,87.3742703010095,75.5780461553173,79.7948073162777,67.543419970841,89.7393351180854,76.5886385698062,76.7928291307569,79.1019336991848,86.3344403177387,97.8409548784807,68.8508139117251,67.4800733986995,66.8128585365769,60.0129004987256,115.103025039838,77.2965566184825,66.7965156259369,90.6616701144345,80.1896248539391,87.513282589361,74.6489563316174,84.0414768822989,78.5468293645608,107.23770709655,62.8434287837341,87.3742703010095,75.5780461553173,79.7948073162777,67.543419970841,89.7393351180854,76.5886385698062,76.7928291307569,79.1019336991848,86.3344403177387,97.8409548784807,68.8508139117251,67.4800733986995,66.8128585365769,60.0129004987256,115.103025039838
65.5825177059238,51.3584146106903,62.4832535093338,70.5184116759236,84.9415824278098,73.4816617274955,67.0786238075144,62.425823350929,62.8434287837341,77.8407716449724,64.239910015595,73.0517209145349,70.4103432147342,62.4049819852713,70.6120209827661,64.2472355514897,43.5509761810022,69.5659689146989,76.6548007547742,73.8805263487443,68.92195841063,62.9565817949941,45.355105391414,56.3063667496058,83.8754554044242,65.5825177059238,51.3584146106903,62.4832535093338,70.5184116759236,84.9415824278098,73.4816617274955,67.0786238075144,62.425823350929,62.8434287837341,77.8407716449724,64.239910015595,73.0517209145349,70.4103432147342,62.4049819852713,70.6120209827661,64.2472355514897,43.5509761810022,69.5659689146989,76.6548007547742,73.8805263487443,68.92195841063,62.9565817949941,45.355105391414,56.3063667496058,83.8754554044242
82.9589269638069,61.6084492942156,91.5190928949879,84.4780319986195,92.5410531670127,83.61057333272,82.2319556703588,80.257108235673,87.3742703010095,64.239910015595,110.764172921096,79.7465773461351,91.0705612009193,83.9777231106823,91.0878920450002,79.9371639593985,76.0214041241709,86.3942965356206,94.7178329418184,98.2207047967501,82.3065587178212,77.6600728667174,76.0485822808773,78.9746739405027,111.673263349247,82.9589269638069,61.6084492942156,91.5190928949879,84.4780319986195,92.5410531670127,83.61057333272,82.2319556703588,80.257108235673,87.3742703010095,64.239910015595,110.764172921096,79.7465773461351,91.0705612009193,83.9777231106823,91.0878920450002,79.9371639593985,76.0214041241709,86.3942965356206,94.7178329418184,98.2207047967501,82.3065587178212,77.6600728667174,76.0485822808773,78.9746739405027,111.673263349247
76.5457936492855,62.2447334436538,77.9656546938711,80.4111583381468,98.2311394208258,89.9893641055018,77.9182648155073,70.2816905366003,75.5780461553173,73.0517209145349,79.7465773461351,104.95032685286,73.7893410314294,79.5482854204575,87.413937356145,68.9260436964329,49.5251136756123,75.1341590926819,82.1548580626866,98.723393813823,83.7365294138345,73.654005487896,71.0630163698384,79.1814560412457,102.244020504112,76.5457936492855,62.2447334436538,77.9656546938711,80.4111583381468,98.2311394208258,89.9893641055018,77.9182648155073,70.2816905366003,75.5780461553173,73.0517209145349,79.7465773461351,104.95032685286,73.7893410314294,79.5482854204575,87.413937356145,68.9260436964329,49.5251136756123,75.1341590926819,82.1548580626866,98.723393813823,83.7365294138345,73.654005487896,71.0630163698384,79.1814560412457,102.244020504112
89.2982953271007,75.9870044367129,80.9089131360593,91.6242881426558,87.9246836777553,75.8571741029127,86.5173706687939,73.0860559590768,79.7948073162777,70.4103432147342,91.0705612009193,73.7893410314294,116.793242419456,81.4620344106905,86.224522077884,85.8936741674364,69.7370639137197,77.1524031535071,90.8209224547646,97.4659725470874,91.3609914248262,77.6950349612101,66.7468187572339,77.7759696551911,100.241091116515,89.2982953271007,75.9870044367129,80.9089131360593,91.6242881426558,87.9246836777553,75.8571741029127,86.5173706687939,73.0860559590768,79.7948073162777,70.4103432147342,91.0705612009193,73.7893410314294,116.793242419456,81.4620344106905,86.224522077884,85.8936741674364,69.7370639137197,77.1524031535071,90.8209224547646,97.4659725470874,91.3609914248262,77.6950349612101,66.7468187572339,77.7759696551911,100.241091116515
69.6672144457414,53.7906660968474,77.3158764974249,75.5911835364057,84.6296470787091,76.1547294841181,74.5860052966002,68.8989629209057,67.543419970841,62.4049819852713,83.9777231106823,79.5482854204575,81.4620344106905,83.1970766893887,77.1860784973049,65.3617899175359,51.9030607999602,74.9760266939903,81.6108366837677,87.7584855110414,78.6261764956526,67.9050738102768,67.9440586565316,70.4885965462809,95.0544106801377,69.6672144457414,53.7906660968474,77.3158764974249,75.5911835364057,84.6296470787091,76.1547294841181,74.5860052966002,68.8989629209057,67.543419970841,62.4049819852713,83.9777231106823,79.5482854204575,81.4620344106905,83.1970766893887,77.1860784973049,65.3617899175359,51.9030607999602,74.9760266939903,81.6108366837677,87.7584855110414,78.6261764956526,67.9050738102768,67.9440586565316,70.4885965462809,95.0544106801377
82.8251338472939,69.2579929365365,92.178013311666,91.2063319814323,100.436287177952,87.1679987556617,82.7858937760891,81.1084704496387,89.7393351180854,70.6120209827661,91.0878920450002,87.413937356145,86.224522077884,77.1860784973049,104.464918738452,83.201331023284,70.215934473199,89.1331411393623,94.2215685456468,104.951318276153,81.8896793315728,77.8213897539294,75.0219934142217,80.5933571096843,112.688349585626,82.8251338472939,69.2579929365365,92.178013311666,91.2063319814323,100.436287177952,87.1679987556617,82.7858937760891,81.1084704496387,89.7393351180854,70.6120209827661,91.0878920450002,87.413937356145,86.224522077884,77.1860784973049,104.464918738452,83.201331023284,70.215934473199,89.1331411393623,94.2215685456468,104.951318276153,81.8896793315728,77.8213897539294,75.0219934142217,80.5933571096843,112.688349585626
78.9519420951151,70.221912410765,78.0904166834572,78.9576792384394,86.3318387152336,72.9914156469077,71.2528597076635,74.3519247264134,76.5886385698062,64.2472355514897,79.9371639593985,68.9260436964329,85.8936741674364,65.3617899175359,83.201331023284,95.241217065735,58.8572101159085,65.1055862167302,81.4344292858177,85.1502574404786,69.751270329847,68.991186385762,63.5062706531919,64.9996578477701,98.475151323334,78.9519420951151,70.221912410765,78.0904166834572,78.9576792384394,86.3318387152336,72.9914156469077,71.2528597076635,74.3519247264134,76.5886385698062,64.2472355514897,79.9371639593985,68.9260436964329,85.8936741674364,65.3617899175359,83.201331023284,95.241217065735,58.8572101159085,65.1055862167302,81.4344292858177,85.1502574404786,69.751270329847,68.991186385762,63.5062706531919,64.9996578477701,98.475151323334
67.24016676432,56.5571469331232,64.6208499657242,54.358474892131,64.8177796324983,59.7140380289711,65.7250726786661,56.607043007949,76.7928291307569,43.5509761810022,76.0214041241709,49.5251136756123,69.7370639137197,51.9030607999602,70.215934473199,58.8572101159085,92.8803810950716,69.9398680980144,67.5872247361282,77.214679954199,65.189489593954,55.7067947323722,55.5030951172069,53.1259641661965,85.8415218311745,67.24016676432,56.5571469331232,64.6208499657242,54.358474892131,64.8177796324983,59.7140380289711,65.7250726786661,56.607043007949,76.7928291307569,43.5509761810022,76.0214041241709,49.5251136756123,69.7370639137197,51.9030607999602,70.215934473199,58.8572101159085,92.8803810950716,69.9398680980144,67.5872247361282,77.214679954199,65.189489593954,55.7067947323722,55.5030951172069,53.1259641661965,85.8415218311745
76.8263922557057,64.6720359268266,85.5959089405353,83.7990887087476,91.9010629073997,75.3397199159286,81.7040491625205,65.901250216878,79.1019336991848,69.5659689146989,86.3942965356206,75.1341590926819,77.1524031535071,74.9760266939903,89.1331411393623,65.1055862167302,69.9398680980144,104.649452139929,91.3954130261292,98.5088970078571,79.0328084879073,80.9201144446156,67.6496491426939,62.91009717175,95.0691890977437,76.8263922557057,64.6720359268266,85.5959089405353,83.7990887087476,91.9010629073997,75.3397199159286,81.7040491625205,65.901250216878,79.1019336991848,69.5659689146989,86.3942965356206,75.1341590926819,77.1524031535071,74.9760266939903,89.1331411393623,65.1055862167302,69.9398680980144,104.649452139929,91.3954130261292,98.5088970078571,79.0328084879073,80.9201144446156,67.6496491426939,62.91009717175,95.0691890977437
83.0746239832767,69.2509968686107,87.7789211982773,93.3768771726854,104.009773648114,87.6671244107055,94.5925008252907,80.8731888395461,86.3344403177387,76.6548007547742,94.7178329418184,82.1548580626866,90.8209224547646,81.6108366837677,94.2215685456468,81.4344292858177,67.5872247361282,91.3954130261292,108.223283872802,102.155949416649,86.4229279011081,87.1402425766689,73.7700565885703,77.6366988139642,113.913724521738,83.0746239832767,69.2509968686107,87.7789211982773,93.3768771726854,104.009773648114,87.6671244107055,94.5925008252907,80.8731888395461,86.3344403177387,76.6548007547742,94.7178329418184,82.1548580626866,90.8209224547646,81.6108366837677,94.2215685456468,81.4344292858177,67.5872247361282,91.3954130261292,108.223283872802,102.155949416649,86.4229279011081,87.1402425766689,73.7700565885703,77.6366988139642,113.913724521738
95.2118720529599,82.2603980760437,100.244458064962,90.139863422742,110.420198278878,99.3049387388709,98.8400857229956,83.1655108871763,97.8409548784807,73.8805263487443,98.2207047967501,98.723393813823,97.4659725470874,87.7584855110414,104.951318276153,85.1502574404786,77.214679954199,98.5088970078571,102.155949416649,132.074488201333,93.0938988708713,89.8918166947214,80.9885473664793,90.8152711139103,114.88953920331,95.2118720529599,82.2603980760437,100.244458064962,90.139863422742,110.420198278878,99.3049387388709,98.8400857229956,83.1655108871763,97.8409548784807,73.8805263487443,98.2207047967501,98.723393813823,97.4659725470874,87.7584855110414,104.951318276153,85.1502574404786,77.214679954199,98.5088970078571,102.155949416649,132.074488201333,93.0938988708713,89.8918166947214,80.9885473664793,90.8152711139103,114.88953920331
82.2354832637089,70.6749966668165,75.3196026765839,82.3212301460945,93.2780451469634,84.5152645896081,81.1880918071216,62.1907738290738,68.8508139117251,68.92195841063,82.3065587178212,83.7365294138345,91.3609914248262,78.6261764956526,81.8896793315728,69.751270329847,65.189489593954,79.0328084879073,86.4229279011081,93.0938988708713,104.427757200472,77.3048473028225,68.7008210750641,83.2551750533479,97.7163804271612,82.2354832637089,70.6749966668165,75.3196026765839,82.3212301460945,93.2780451469634,84.5152645896081,81.1880918071216,62.1907738290738,68.8508139117251,68.92195841063,82.3065587178212,83.7365294138345,91.3609914248262,78.6261764956526,81.8896793315728,69.751270329847,65.189489593954,79.0328084879073,86.4229279011081,93.0938988708713,104.427757200472,77.3048473028225,68.7008210750641,83.2551750533479,97.7163804271612
82.1873397906511,71.6523268803095,70.335623477935,78.272615219876,87.7322375412603,73.376096823501,78.4338561636898,63.3494621375798,67.4800733986995,62.9565817949941,77.6600728667174,73.654005487896,77.6950349612101,67.9050738102768,77.8213897539294,68.991186385762,55.7067947323722,80.9201144446156,87.1402425766689,89.8918166947214,77.3048473028225,85.6738262211784,64.3480990285884,70.3274398343859,88.8129604563911,82.1873397906511,71.6523268803095,70.335623477935,78.272615219876,87.7322375412603,73.376096823501,78.4338561636898,63.3494621375798,67.4800733986995,62.9565817949941,77.6600728667174,73.654005487896,77.6950349612101,67.9050738102768,77.8213897539294,68.991186385762,55.7067947323722,80.9201144446156,87.1402425766689,89.8918166947214,77.3048473028225,85.6738262211784,64.3480990285884,70.3274398343859,88.8129604563911
