130.261691919295,98.825344023439,79.7912030131775,81.7481389878033,80.0925090470097,102.802494546339,104.082717639629,79.2781005365829,101.196818736403,95.2479692234974,95.9333618817296,93.920864630524,84.1911976371768,101.891956545865,109.172923150017,89.8092223936947,100.864015157012,112.20977254054,97.306237031659,92.2465706821713,83.6309830277285,101.853776391304,82.815363522907,88.2871572974728,70.6769586934556,130.261691919295,98.825344023439,79.7912030131775,81.7481389878033,80.0925090470097,102.802494546339,104.082717639629,79.2781005365829,101.196818736403,95.2479692234974,95.9333618817296,93.920864630524,84.1911976371768,101.891956545865,109.172923150017,89.8092223936947,100.864015157012,112.20977254054,97.306237031659,92.2465706821713,83.6309830277285,101.853776391304,82.815363522907,88.2871572974728,70.6769586934556
98.8247998500346,110.311392899259,68.1773288649455,72.0224838600658,87.9781652143521,83.0753543394353,88.221747923654,64.5877263003368,82.6568500559391,80.2730401327486,84.0802225005147,77.7142362387682,74.8983135286006,92.5662871094514,90.8218388756258,86.57467373542,77.9766260729974,94.364605631921,74.9597424887664,78.8011490547055,67.6758193196096,80.8260821835258,71.0259980563354,71.1699862821985,71.3460022336636,98.8247998500346,110.311392899259,68.1773288649455,72.0224838600658,87.9781652143521,83.0753543394353,88.221747923654,64.5877263003368,82.6568500559391,80.2730401327486,84.0802225005147,77.7142362387682,74.8983135286006,92.5662871094514,90.8218388756258,86.57467373542,77.9766260729974,94.364605631921,74.9597424887664,78.8011490547055,67.6758193196096,80.8260821835258,71.0259980563354,71.1699862821985,71.3460022336636
79.790658839773,68.1773288649455,78.4497078025528,64.1678052145012,56.8704486715274,64.6044948382194,71.6888873653443,53.0429906768429,62.8462326881331,68.8291061015088,69.0105948507678,60.0566195041049,68.2912374983979,64.204531586977,81.450195479649,67.8710413596919,74.3045719479877,79.2458655031273,66.9034483416008,71.5024764807178,55.394323546369,64.9585232363088,64.1554464825169,76.0604636039684,60.8279950344327,79.790658839773,68.1773288649455,78.4497078025528,64.1678052145012,56.8704486715274,64.6044948382194,71.6888873653443,53.0429906768429,62.8462326881331,68.8291061015088,69.0105948507678,60.0566195041049,68.2912374983979,64.204531586977,81.450195479649,67.8710413596919,74.3045719479877,79.2458655031273,66.9034483416008,71.5024764807178,55.394323546369,64.9585232363088,64.1554464825169,76.0604636039684,60.8279950344327
81.7475948143989,72.0224838600658,64.1678052145012,90.8584158113004,61.1488885518054,73.6356613506087,68.8679060782731,50.5446971159967,62.4282176951695,70.3653442097574,64.365704948313,61.744596787949,65.8547447211514,70.8142366689687,77.5765712888125,75.1324563723959,57.6343545007777,83.2089774531758,64.6942604109997,68.4390562465508,45.6739767485458,62.9071074794062,61.822022881554,75.8185169374695,47.9853468374657,81.7475948143989,72.0224838600658,64.1678052145012,90.8584158113004,61.1488885518054,73.6356613506087,68.8679060782731,50.5446971159967,62.4282176951695,70.3653442097574,64.365704948313,61.744596787949,65.8547447211514,70.8142366689687,77.5765712888125,75.1324563723959,57.6343545007777,83.2089774531758,64.6942604109997,68.4390562465508,45.6739767485458,62.9071074794062,61.822022881554,75.8185169374695,47.9853468374657
80.0919648736053,87.9781652143521,56.8704486715274,61.1488885518054,107.484142160292,75.7348886474407,85.8138356824593,68.4289441840484,76.9222864625804,67.1889132458887,59.776884040571,73.8297502172933,68.1562278976927,84.2631977061149,89.9905992401869,83.2223779080588,73.9549870712187,80.0079134281393,77.730809241674,88.6357713165417,51.9870820627984,69.6929807590699,76.6084287733849,70.0259950470454,56.2253453860169,80.0919648736053,87.9781652143521,56.8704486715274,61.1488885518054,107.484142160292,75.7348886474407,85.8138356824593,68.4289441840484,76.9222864625804,67.1889132458887,59.776884040571,73.8297502172933,68.1562278976927,84.2631977061149,89.9905992401869,83.2223779080588,73.9549870712187,80.0079134281393,77.730809241674,88.6357713165417,51.9870820627984,69.6929807590699,76.6084287733849,70.0259950470454,56.2253453860169
102.801950372934,83.0753543394353,64.6044948382194,73.6356613506087,75.7348886474407,112.949101153144,90.5640555609068,72.9670843295593,86.7926997622387,78.9278551104341,72.6941769408095,73.9090925763632,73.9572009000274,89.9271667220841,84.5411250522408,78.8938223875792,81.9352859896643,103.031829919907,76.0408033115424,83.1869735201228,61.292365584782,89.6334387328023,73.8283431140631,80.633443641966,61.4028981939304,102.801950372934,83.0753543394353,64.6044948382194,73.6356613506087,75.7348886474407,112.949101153144,90.5640555609068,72.9670843295593,86.7926997622387,78.9278551104341,72.6941769408095,73.9090925763632,73.9572009000274,89.9271667220841,84.5411250522408,78.8938223875792,81.9352859896643,103.031829919907,76.0408033115424,83.1869735201228,61.292365584782,89.6334387328023,73.8283431140631,80.633443641966,61.4028981939304
104.082173466225,88.221747923654,71.6888873653443,68.8679060782731,85.8138356824593,90.5640555609068,127.193450504552,74.9760772356577,103.635162271879,82.7015666369157,90.4850582537779,95.2895762518537,73.4664024308997,99.6157448891994,98.606758118547,97.6888611243416,110.021884830369,113.323545107964,92.3779295597119,101.335349685094,85.9809299093917,97.3119625920404,67.6421314290913,93.5904296801356,71.4974772805068,104.082173466225,88.221747923654,71.6888873653443,68.8679060782731,85.8138356824593,90.5640555609068,127.193450504552,74.9760772356577,103.635162271879,82.7015666369157,90.4850582537779,95.2895762518537,73.4664024308997,99.6157448891994,98.606758118547,97.6888611243416,110.021884830369,113.323545107964,92.3779295597119,101.335349685094,85.9809299093917,97.3119625920404,67.6421314290913,93.5904296801356,71.4974772805068
79.2775563631784,64.5877263003368,53.0429906768429,50.5446971159967,68.4289441840484,72.9670843295593,74.9760772356577,80.7044489540864,77.2443617188649,66.953060176266,62.7074682657876,69.9718631924516,61.369953030912,70.1559978358895,77.1153893761222,68.1040544438901,77.7740838273443,75.4611722787602,69.61213246536,74.3419366891342,57.2461858324239,63.0766976078131,56.0787132596782,67.6344287187823,61.4271964377257,79.2775563631784,64.5877263003368,53.0429906768429,50.5446971159967,68.4289441840484,72.9670843295593,74.9760772356577,80.7044489540864,77.2443617188649,66.953060176266,62.7074682657876,69.9718631924516,61.369953030912,70.1559978358895,77.1153893761222,68.1040544438901,77.7740838273443,75.4611722787602,69.61213246536,74.3419366891342,57.2461858324239,63.0766976078131,56.0787132596782,67.6344287187823,61.4271964377257
101.196274562999,82.6568500559391,62.8462326881331,62.4282176951695,76.9222864625804,86.7926997622387,103.635162271879,77.2443617188649,108.499682146145,80.8586852416198,81.6637012596778,87.4457303100926,69.4431575274449,88.8472455427442,86.8982869621974,80.4566535496052,92.5151181413457,99.1203262313138,87.0930468459451,85.9771916062112,75.9176531767567,87.2062498023021,68.4509429763728,74.8780904599153,62.7943975872768,101.196274562999,82.6568500559391,62.8462326881331,62.4282176951695,76.9222864625804,86.7926997622387,103.635162271879,77.2443617188649,108.499682146145,80.8586852416198,81.6637012596778,87.4457303100926,69.4431575274449,88.8472455427442,86.8982869621974,80.4566535496052,92.5151181413457,99.1203262313138,87.0930468459451,85.9771916062112,75.9176531767567,87.2062498023021,68.4509429763728,74.8780904599153,62.7943975872768
95.247425050093,80.2730401327486,68.8291061015088,70.3653442097574,67.1889132458887,78.9278551104341,82.7015666369157,66.953060176266,80.8586852416198,92.426542236616,81.3523620488682,72.9594444772863,80.5056399756707,84.3778659851789,84.3062477223979,74.4773347150428,70.6661950710688,85.6787649831843,70.6793784561968,77.2790610557597,61.7532048514421,79.9246588585055,64.4350614734086,75.7573583873283,60.8170751565877,95.247425050093,80.2730401327486,68.8291061015088,70.3653442097574,67.1889132458887,78.9278551104341,82.7015666369157,66.953060176266,80.8586852416198,92.426542236616,81.3523620488682,72.9594444772863,80.5056399756707,84.3778659851789,84.3062477223979,74.4773347150428,70.6661950710688,85.6787649831843,70.6793784561968,77.2790610557597,61.7532048514421,79.9246588585055,64.4350614734086,75.7573583873283,60.8170751565877
95.9328177083252,84.0802225005147,69.0105948507678,64.365704948313,59.776884040571,72.6941769408095,90.4850582537779,62.7074682657876,81.6637012596778,81.3523620488682,100.430778714815,81.1810807813362,66.1185624187531,81.6823498793164,93.6593876733639,80.9049177078882,90.2795449600834,94.4964345217519,77.5228404307202,77.0114474471945,75.1767175075571,81.5258809815899,59.5093074579691,72.3704084495082,71.2726543697538,95.9328177083252,84.0802225005147,69.0105948507678,64.365704948313,59.776884040571,72.6941769408095,90.4850582537779,62.7074682657876,81.6637012596778,81.3523620488682,100.430778714815,81.1810807813362,66.1185624187531,81.6823498793164,93.6593876733639,80.9049177078882,90.2795449600834,94.4964345217519,77.5228404307202,77.0114474471945,75.1767175075571,81.5258809815899,59.5093074579691,72.3704084495082,71.2726543697538
93.9203204571196,77.7142362387682,60.0566195041049,61.744596787949,73.8297502172933,73.9090925763632,95.2895762518537,69.9718631924516,87.4457303100926,72.9594444772863,81.1810807813362,104.442031493796,59.4799076463292,83.0601971361245,92.1204101463793,71.8514237256418,100.555997634721,92.4041138336611,83.792621770199,86.6750032737769,72.8814132412101,81.2204610067986,60.9866743020537,75.5066000090558,64.8763211709137,93.9203204571196,77.7142362387682,60.0566195041049,61.744596787949,73.8297502172933,73.9090925763632,95.2895762518537,69.9718631924516,87.4457303100926,72.9594444772863,81.1810807813362,104.442031493796,59.4799076463292,83.0601971361245,92.1204101463793,71.8514237256418,100.555997634721,92.4041138336611,83.792621770199,86.6750032737769,72.8814132412101,81.2204610067986,60.9866743020537,75.5066000090558,64.8763211709137
84.1906534637724,74.8983135286006,68.2912374983979,65.8547447211514,68.1562278976927,73.9572009000274,73.4664024308997,61.369953030912,69.4431575274449,80.5056399756707,66.1185624187531,59.4799076463292,85.1202670697537,75.1487527944719,80.624198725014,74.0835543410849,63.5588158770651,70.6886332346095,61.5906724522426,74.1241301141013,52.9568347482392,73.4882960495891,68.2646510892534,75.8883217109754,56.1598875578873,84.1906534637724,74.8983135286006,68.2912374983979,65.8547447211514,68.1562278976927,73.9572009000274,73.4664024308997,61.369953030912,69.4431575274449,80.5056399756707,66.1185624187531,59.4799076463292,85.1202670697537,75.1487527944719,80.624198725014,74.0835543410849,63.5588158770651,70.6886332346095,61.5906724522426,74.1241301141013,52.9568347482392,73.4882960495891,68.2646510892534,75.8883217109754,56.1598875578873
101.89141237246,92.5662871094514,64.204531586977,70.8142366689687,84.2631977061149,89.9271667220841,99.6157448891994,70.1559978358895,88.8472455427442,84.3778659851789,81.6823498793164,83.0601971361245,75.1487527944719,110.489032526939,94.4882073200286,83.5443437812984,89.7170208795767,103.991525416832,80.6329476032261,92.8781730241148,70.0535406332527,86.4248990781981,71.7438667927148,87.8478829433957,64.7910595924776,101.89141237246,92.5662871094514,64.204531586977,70.8142366689687,84.2631977061149,89.9271667220841,99.6157448891994,70.1559978358895,88.8472455427442,84.3778659851789,81.6823498793164,83.0601971361245,75.1487527944719,110.489032526939,94.4882073200286,83.5443437812984,89.7170208795767,103.991525416832,80.6329476032261,92.8781730241148,70.0535406332527,86.4248990781981,71.7438667927148,87.8478829433957,64.7910595924776
109.172378976613,90.8218388756258,81.450195479649,77.5765712888125,89.9905992401869,84.5411250522408,98.606758118547,77.1153893761222,86.8982869621974,84.3062477223979,93.6593876733639,92.1204101463793,80.624198725014,94.4882073200286,135.021727680455,91.7551923700288,100.96503225708,104.844740912803,101.010222525505,99.6341153176117,80.6225397371619,82.2278276123671,87.8441561115954,86.8176413917072,77.5512426270006,109.172378976613,90.8218388756258,81.450195479649,77.5765712888125,89.9905992401869,84.5411250522408,98.606758118547,77.1153893761222,86.8982869621974,84.3062477223979,93.6593876733639,92.1204101463793,80.624198725014,94.4882073200286,135.021727680455,91.7551923700288,100.96503225708,104.844740912803,101.010222525505,99.6341153176117,80.6225397371619,82.2278276123671,87.8441561115954,86.8176413917072,77.5512426270006
89.8086782202902,86.57467373542,67.8710413596919,75.1324563723959,83.2223779080588,78.8938223875792,97.6888611243416,68.1040544438901,80.4566535496052,74.4773347150428,80.9049177078882,71.8514237256418,74.0835543410849,83.5443437812984,91.7551923700288,106.100523178861,91.9061568260165,90.7887938018913,72.6553345289313,85.6545450942216,65.1280538529305,87.9534113842719,68.2535663987816,80.0310419233508,63.325086593829,89.8086782202902,86.57467373542,67.8710413596919,75.1324563723959,83.2223779080588,78.8938223875792,97.6888611243416,68.1040544438901,80.4566535496052,74.4773347150428,80.9049177078882,71.8514237256418,74.0835543410849,83.5443437812984,91.7551923700288,106.100523178861,91.9061568260165,90.7887938018913,72.6553345289313,85.6545450942216,65.1280538529305,87.9534113842719,68.2535663987816,80.0310419233508,63.325086593829
100.863470983607,77.9766260729974,74.3045719479877,57.6343545007777,73.9549870712187,81.9352859896643,110.021884830369,77.7740838273443,92.5151181413457,70.6661950710688,90.2795449600834,100.555997634721,63.5588158770651,89.7170208795767,100.96503225708,91.9061568260165,141.352950540362,104.549581702074,93.4485069351026,97.1247252374861,86.731265077095,99.1058310873951,65.3931998181631,89.5121701025779,76.93184280449,100.863470983607,77.9766260729974,74.3045719479877,57.6343545007777,73.9549870712187,81.9352859896643,110.021884830369,77.7740838273443,92.5151181413457,70.6661950710688,90.2795449600834,100.555997634721,63.5588158770651,89.7170208795767,100.96503225708,91.9061568260165,141.352950540362,104.549581702074,93.4485069351026,97.1247252374861,86.731265077095,99.1058310873951,65.3931998181631,89.5121701025779,76.93184280449
112.209228367135,94.364605631921,79.2458655031273,83.2089774531758,80.0079134281393,103.031829919907,113.323545107964,75.4611722787602,99.1203262313138,85.6787649831843,94.4964345217519,92.4041138336611,70.6886332346095,103.991525416832,104.844740912803,90.7887938018913,104.549581702074,133.050951737258,93.7971507773508,97.7792665821212,84.3225457222175,93.5249859269759,73.6782007303238,95.2469221919534,74.9040451952607,112.209228367135,94.364605631921,79.2458655031273,83.2089774531758,80.0079134281393,103.031829919907,113.323545107964,75.4611722787602,99.1203262313138,85.6787649831843,94.4964345217519,92.4041138336611,70.6886332346095,103.991525416832,104.844740912803,90.7887938018913,104.549581702074,133.050951737258,93.7971507773508,97.7792665821212,84.3225457222175,93.5249859269759,73.6782007303238,95.2469221919534,74.9040451952607
97.3056928582545,74.9597424887664,66.9034483416008,64.6942604109997,77.730809241674,76.0408033115424,92.3779295597119,69.61213246536,87.0930468459451,70.6793784561968,77.5228404307202,83.792621770199,61.5906724522426,80.6329476032261,101.010222525505,72.6553345289313,93.4485069351026,93.7971507773508,99.8000056236764,89.3530013270948,72.2817659087924,71.7676028846841,68.2109349899068,79.3886732685761,61.5739982651481,97.3056928582545,74.9597424887664,66.9034483416008,64.6942604109997,77.730809241674,76.0408033115424,92.3779295597119,69.61213246536,87.0930468459451,70.6793784561968,77.5228404307202,83.792621770199,61.5906724522426,80.6329476032261,101.010222525505,72.6553345289313,93.4485069351026,93.7971507773508,99.8000056236764,89.3530013270948,72.2817659087924,71.7676028846841,68.2109349899068,79.3886732685761,61.5739982651481
92.2460265087668,78.8011490547055,71.5024764807178,68.4390562465508,88.6357713165417,83.1869735201228,101.335349685094,74.3419366891342,85.9771916062112,77.2790610557597,77.0114474471945,86.6750032737769,74.1241301141013,92.8781730241148,99.6341153176117,85.6545450942216,97.1247252374861,97.7792665821212,89.3530013270948,105.367387600142,68.9348514566719,83.2683010529629,71.2731796999784,92.484121634938,64.8829450509787,92.2460265087668,78.8011490547055,71.5024764807178,68.4390562465508,88.6357713165417,83.1869735201228,101.335349685094,74.3419366891342,85.9771916062112,77.2790610557597,77.0114474471945,86.6750032737769,74.1241301141013,92.8781730241148,99.6341153176117,85.6545450942216,97.1247252374861,97.7792665821212,89.3530013270948,105.367387600142,68.9348514566719,83.2683010529629,71.2731796999784,92.484121634938,64.8829450509787
83.630438854324,67.6758193196096,55.394323546369,45.6739767485458,51.9870820627984,61.292365584782,85.9809299093917,57.2461858324239,75.9176531767567,61.7532048514421,75.1767175075571,72.8814132412101,52.9568347482392,70.0535406332527,80.6225397371619,65.1280538529305,86.731265077095,84.3225457222175,72.2817659087924,68.9348514566719,78.5362007248707,71.7950924906286,43.3112185298851,63.0535449222842,60.4566391761393,83.630438854324,67.6758193196096,55.394323546369,45.6739767485458,51.9870820627984,61.292365584782,85.9809299093917,57.2461858324239,75.9176531767567,61.7532048514421,75.1767175075571,72.8814132412101,52.9568347482392,70.0535406332527,80.6225397371619,65.1280538529305,86.731265077095,84.3225457222175,72.2817659087924,68.9348514566719,78.5362007248707,71.7950924906286,43.3112185298851,63.0535449222842,60.4566391761393
101.8532322179,80.8260821835258,64.9585232363088,62.9071074794062,69.6929807590699,89.6334387328023,97.3119625920404,63.0766976078131,87.2062498023021,79.9246588585055,81.5258809815899,81.2204610067986,73.4882960495891,86.4248990781981,82.2278276123671,87.9534113842719,99.1058310873951,93.5249859269759,71.7676028846841,83.2683010529629,71.7950924906286,112.801437453129,64.9487395890874,76.8802095924052,53.1397541365225,101.8532322179,80.8260821835258,64.9585232363088,62.9071074794062,69.6929807590699,89.6334387328023,97.3119625920404,63.0766976078131,87.2062498023021,79.9246588585055,81.5258809815899,81.2204610067986,73.4882960495891,86.4248990781981,82.2278276123671,87.9534113842719,99.1058310873951,93.5249859269759,71.7676028846841,83.2683010529629,71.7950924906286,112.801437453129,64.9487395890874,76.8802095924052,53.1397541365225
82.8148193495026,71.0259980563354,64.1554464825169,61.822022881554,76.6084287733849,73.8283431140631,67.6421314290913,56.0787132596782,68.4509429763728,64.4350614734086,59.5093074579691,60.9866743020537,68.2646510892534,71.7438667927148,87.8441561115954,68.2535663987816,65.3931998181631,73.6782007303238,68.2109349899068,71.2731796999784,43.3112185298851,64.9487395890874,87.8415191182161,68.7280949563138,52.895335698088,82.8148193495026,71.0259980563354,64.1554464825169,61.822022881554,76.6084287733849,73.8283431140631,67.6421314290913,56.0787132596782,68.4509429763728,64.4350614734086,59.5093074579691,60.9866743020537,68.2646510892534,71.7438667927148,87.8441561115954,68.2535663987816,65.3931998181631,73.6782007303238,68.2109349899068,71.2731796999784,43.3112185298851,64.9487395890874,87.8415191182161,68.7280949563138,52.895335698088
88.2866131240684,71.1699862821985,76.0604636039684,75.8185169374695,70.0259950470454,80.633443641966,93.5904296801356,67.6344287187823,74.8780904599153,75.7573583873283,72.3704084495082,75.5066000090558,75.8883217109754,87.8478829433957,86.8176413917072,80.0310419233508,89.5121701025779,95.2469221919534,79.3886732685761,92.484121634938,63.0535449222842,76.8802095924052,68.7280949563138,106.818786706361,65.3100751481004,88.2866131240684,71.1699862821985,76.0604636039684,75.8185169374695,70.0259950470454,80.633443641966,93.5904296801356,67.6344287187823,74.8780904599153,75.7573583873283,72.3704084495082,75.5066000090558,75.8883217109754,87.8478829433957,86.8176413917072,80.0310419233508,89.5121701025779,95.2469221919534,79.3886732685761,92.484121634938,63.0535449222842,76.8802095924052,68.7280949563138,106.818786706361,65.3100751481004
70.6764145200512,71.3460022336636,60.8279950344327,47.9853468374657,56.2253453860169,61.4028981939304,71.4974772805068,61.4271964377257,62.7943975872768,60.8170751565877,71.2726543697538,64.8763211709137,56.1598875578873,64.7910595924776,77.5512426270006,63.325086593829,76.93184280449,74.9040451952607,61.5739982651481,64.8829450509787,60.4566391761393,53.1397541365225,52.895335698088,65.3100751481004,76.2186847259971,70.6764145200512,71.3460022336636,60.8279950344327,47.9853468374657,56.2253453860169,61.4028981939304,71.4974772805068,61.4271964377257,62.7943975872768,60.8170751565877,71.2726543697538,64.8763211709137,56.1598875578873,64.7910595924776,77.5512426270006,63.325086593829,76.93184280449,74.9040451952607,61.5739982651481,64.8829450509787,60.4566391761393,53.1397541365225,52.895335698088,65.3100751481004,76.2186847259971
130.261691919295,98.825344023439,79.7912030131775,81.7481389878033,80.0925090470097,102.802494546339,104.082717639629,79.2781005365829,101.196818736403,95.2479692234974,95.9333618817296,93.920864630524,84.1911976371768,101.891956545865,109.172923150017,89.8092223936947,100.864015157012,112.20977254054,97.306237031659,92.2465706821713,83.6309830277285,101.853776391304,82.815363522907,88.2871572974728,70.6769586934556,130.261691919295,98.825344023439,79.7912030131775,81.7481389878033,80.0925090470097,102.802494546339,104.082717639629,79.2781005365829,101.196818736403,95.2479692234974,95.9333618817296,93.920864630524,84.1911976371768,101.891956545865,109.172923150017,89.8092223936947,100.864015157012,112.20977254054,97.306237031659,92.2465706821713,83.6309830277285,101.853776391304,82.815363522907,88.2871572974728,70.6769586934556
98.8247998500346,110.311392899259,68.1773288649455,72.0224838600658,87.9781652143521,83.0753543394353,88.221747923654,64.5877263003368,82.6568500559391,80.2730401327486,84.0802225005147,77.7142362387682,74.8983135286006,92.5662871094514,90.8218388756258,86.57467373542,77.9766260729974,94.364605631921,74.9597424887664,78.8011490547055,67.6758193196096,80.8260821835258,71.0259980563354,71.1699862821985,71.3460022336636,98.8247998500346,110.311392899259,68.1773288649455,72.0224838600658,87.9781652143521,83.0753543394353,88.221747923654,64.5877263003368,82.6568500559391,80.2730401327486,84.0802225005147,77.7142362387682,74.8983135286006,92.5662871094514,90.8218388756258,86.57467373542,77.9766260729974,94.364605631921,74.9597424887664,78.8011490547055,67.6758193196096,80.8260821835258,71.0259980563354,71.1699862821985,71.3460022336636
79.790658839773,68.1773288649455,78.4497078025528,64.1678052145012,56.8704486715274,64.6044948382194,71.6888873653443,53.0429906768429,62.8462326881331,68.8291061015088,69.0105948507678,60.0566195041049,68.2912374983979,64.204531586977,81.450195479649,67.8710413596919,74.3045719479877,79.2458655031273,66.9034483416008,71.5024764807178,55.394323546369,64.9585232363088,64.1554464825169,76.0604636039684,60.8279950344327,79.790658839773,68.1773288649455,78.4497078025528,64.1678052145012,56.8704486715274,64.6044948382194,71.6888873653443,53.0429906768429,62.8462326881331,68.8291061015088,69.0105948507678,60.0566195041049,68.2912374983979,64.204531586977,81.450195479649,67.8710413596919,74.3045719479877,79.2458655031273,66.9034483416008,71.5024764807178,55.394323546369,64.9585232363088,64.1554464825169,76.0604636039684,60.8279950344327
81.7475948143989,72.0224838600658,64.1678052145012,90.8584158113004,61.1488885518054,73.6356613506087,68.8679060782731,50.5446971159967,62.4282176951695,70.3653442097574,64.365704948313,61.744596787949,65.8547447211514,70.8142366689687,77.5765712888125,75.1324563723959,57.6343545007777,83.2089774531758,64.6942604109997,68.4390562465508,45.6739767485458,62.9071074794062,61.822022881554,75.8185169374695,47.9853468374657,81.7475948143989,72.0224838600658,64.1678052145012,90.8584158113004,61.1488885518054,73.6356613506087,68.8679060782731,50.5446971159967,62.4282176951695,70.3653442097574,64.365704948313,61.744596787949,65.8547447211514,70.8142366689687,77.5765712888125,75.1324563723959,57.6343545007777,83.2089774531758,64.6942604109997,68.4390562465508,45.6739767485458,62.9071074794062,61.822022881554,75.8185169374695,47.9853468374657
80.0919648736053,87.9781652143521,56.8704486715274,61.1488885518054,107.484142160292,75.7348886474407,85.8138356824593,68.4289441840484,76.9222864625804,67.1889132458887,59.776884040571,73.8297502172933,68.1562278976927,84.2631977061149,89.9905992401869,83.2223779080588,73.9549870712187,80.0079134281393,77.730809241674,88.6357713165417,51.9870820627984,69.6929807590699,76.6084287733849,70.0259950470454,56.2253453860169,80.0919648736053,87.9781652143521,56.8704486715274,61.1488885518054,107.484142160292,75.7348886474407,85.8138356824593,68.4289441840484,76.9222864625804,67.1889132458887,59.776884040571,73.8297502172933,68.1562278976927,84.2631977061149,89.9905992401869,83.2223779080588,73.9549870712187,80.0079134281393,77.730809241674,88.6357713165417,51.9870820627984,69.6929807590699,76.6084287733849,70.0259950470454,56.2253453860169
102.801950372934,83.0753543394353,64.6044948382194,73.6356613506087,75.7348886474407,112.949101153144,90.5640555609068,72.9670843295593,86.7926997622387,78.9278551104341,72.6941769408095,73.9090925763632,73.9572009000274,89.9271667220841,84.5411250522408,78.8938223875792,81.9352859896643,103.031829919907,76.0408033115424,83.1869735201228,61.292365584782,89.6334387328023,73.8283431140631,80.633443641966,61.4028981939304,102.801950372934,83.0753543394353,64.6044948382194,73.6356613506087,75.7348886474407,112.949101153144,90.5640555609068,72.9670843295593,86.7926997622387,78.9278551104341,72.6941769408095,73.9090925763632,73.9572009000274,89.9271667220841,84.5411250522408,78.8938223875792,81.9352859896643,103.031829919907,76.0408033115424,83.1869735201228,61.292365584782,89.6334387328023,73.8283431140631,80.633443641966,61.4028981939304
104.082173466225,88.221747923654,71.6888873653443,68.8679060782731,85.8138356824593,90.5640555609068,127.193450504552,74.9760772356577,103.635162271879,82.7015666369157,90.4850582537779,95.2895762518537,73.4664024308997,99.6157448891994,98.606758118547,97.6888611243416,110.021884830369,113.323545107964,92.3779295597119,101.335349685094,85.9809299093917,97.3119625920404,67.6421314290913,93.5904296801356,71.4974772805068,104.082173466225,88.221747923654,71.6888873653443,68.8679060782731,85.8138356824593,90.5640555609068,127.193450504552,74.9760772356577,103.635162271879,82.7015666369157,90.4850582537779,95.2895762518537,73.4664024308997,99.6157448891994,98.606758118547,97.6888611243416,110.021884830369,113.323545107964,92.3779295597119,101.335349685094,85.9809299093917,97.3119625920404,67.6421314290913,93.5904296801356,71.4974772805068
79.2775563631784,64.5877263003368,53.0429906768429,50.5446971159967,68.4289441840484,72.9670843295593,74.9760772356577,80.7044489540864,77.2443617188649,66.953060176266,62.7074682657876,69.9718631924516,61.369953030912,70.1559978358895,77.1153893761222,68.1040544438901,77.7740838273443,75.4611722787602,69.61213246536,74.3419366891342,57.2461858324239,63.0766976078131,56.0787132596782,67.6344287187823,61.4271964377257,79.2775563631784,64.5877263003368,53.0429906768429,50.5446971159967,68.4289441840484,72.9670843295593,74.9760772356577,80.7044489540864,77.2443617188649,66.953060176266,62.7074682657876,69.9718631924516,61.369953030912,70.1559978358895,77.1153893761222,68.1040544438901,77.7740838273443,75.4611722787602,69.61213246536,74.3419366891342,57.2461858324239,63.0766976078131,56.0787132596782,67.6344287187823,61.4271964377257
101.196274562999,82.6568500559391,62.8462326881331,62.4282176951695,76.9222864625804,86.7926997622387,103.635162271879,77.2443617188649,108.499682146145,80.8586852416198,81.6637012596778,87.4457303100926,69.4431575274449,88.8472455427442,86.8982869621974,80.4566535496052,92.5151181413457,99.1203262313138,87.0930468459451,85.9771916062112,75.9176531767567,87.2062498023021,68.4509429763728,74.8780904599153,62.7943975872768,101.196274562999,82.6568500559391,62.8462326881331,62.4282176951695,76.9222864625804,86.7926997622387,103.635162271879,77.2443617188649,108.499682146145,80.8586852416198,81.6637012596778,87.4457303100926,69.4431575274449,88.8472455427442,86.8982869621974,80.4566535496052,92.5151181413457,99.1203262313138,87.0930468459451,85.9771916062112,75.9176531767567,87.2062498023021,68.4509429763728,74.8780904599153,62.7943975872768
95.247425050093,80.2730401327486,68.8291061015088,70.3653442097574,67.1889132458887,78.9278551104341,82.7015666369157,66.953060176266,80.8586852416198,92.426542236616,81.3523620488682,72.9594444772863,80.5056399756707,84.3778659851789,84.3062477223979,74.4773347150428,70.6661950710688,85.6787649831843,70.6793784561968,77.2790610557597,61.7532048514421,79.9246588585055,64.4350614734086,75.7573583873283,60.8170751565877,95.247425050093,80.2730401327486,68.8291061015088,70.3653442097574,67.1889132458887,78.9278551104341,82.7015666369157,66.953060176266,80.8586852416198,92.426542236616,81.3523620488682,72.9594444772863,80.5056399756707,84.3778659851789,84.3062477223979,74.4773347150428,70.6661950710688,85.6787649831843,70.6793784561968,77.2790610557597,61.7532048514421,79.9246588585055,64.4350614734086,75.7573583873283,60.8170751565877
95.9328177083252,84.0802225005147,69.0105948507678,64.365704948313,59.776884040571,72.6941769408095,90.4850582537779,62.7074682657876,81.6637012596778,81.3523620488682,100.430778714815,81.1810807813362,66.1185624187531,81.6823498793164,93.6593876733639,80.9049177078882,90.2795449600834,94.4964345217519,77.5228404307202,77.0114474471945,75.1767175075571,81.5258809815899,59.5093074579691,72.3704084495082,71.2726543697538,95.9328177083252,84.0802225005147,69.0105948507678,64.365704948313,59.776884040571,72.6941769408095,90.4850582537779,62.7074682657876,81.6637012596778,81.3523620488682,100.430778714815,81.1810807813362,66.1185624187531,81.6823498793164,93.6593876733639,80.9049177078882,90.2795449600834,94.4964345217519,77.5228404307202,77.0114474471945,75.1767175075571,81.5258809815899,59.5093074579691,72.3704084495082,71.2726543697538
93.9203204571196,77.7142362387682,60.0566195041049,61.744596787949,73.8297502172933,73.9090925763632,95.2895762518537,69.9718631924516,87.4457303100926,72.9594444772863,81.1810807813362,104.442031493796,59.4799076463292,83.0601971361245,92.1204101463793,71.8514237256418,100.555997634721,92.4041138336611,83.792621770199,86.6750032737769,72.8814132412101,81.2204610067986,60.9866743020537,75.5066000090558,64.8763211709137,93.9203204571196,77.7142362387682,60.0566195041049,61.744596787949,73.8297502172933,73.9090925763632,95.2895762518537,69.9718631924516,87.4457303100926,72.9594444772863,81.1810807813362,104.442031493796,59.4799076463292,83.0601971361245,92.1204101463793,71.8514237256418,100.555997634721,92.4041138336611,83.792621770199,86.6750032737769,72.8814132412101,81.2204610067986,60.9866743020537,75.5066000090558,64.8763211709137
84.1906534637724,74.8983135286006,68.2912374983979,65.8547447211514,68.1562278976927,73.9572009000274,73.4664024308997,61.369953030912,69.4431575274449,80.5056399756707,66.1185624187531,59.4799076463292,85.1202670697537,75.1487527944719,80.624198725014,74.0835543410849,63.5588158770651,70.6886332346095,61.5906724522426,74.1241301141013,52.9568347482392,73.4882960495891,68.2646510892534,75.8883217109754,56.1598875578873,84.1906534637724,74.8983135286006,68.2912374983979,65.8547447211514,68.1562278976927,73.9572009000274,73.4664024308997,61.369953030912,69.4431575274449,80.5056399756707,66.1185624187531,59.4799076463292,85.1202670697537,75.1487527944719,80.624198725014,74.0835543410849,63.5588158770651,70.6886332346095,61.5906724522426,74.1241301141013,52.9568347482392,73.4882960495891,68.2646510892534,75.8883217109754,56.1598875578873
101.89141237246,92.5662871094514,64.204531586977,70.8142366689687,84.2631977061149,89.9271667220841,99.6157448891994,70.1559978358895,88.8472455427442,84.3778659851789,81.6823498793164,83.0601971361245,75.1487527944719,110.489032526939,94.4882073200286,83.5443437812984,89.7170208795767,103.991525416832,80.6329476032261,92.8781730241148,70.0535406332527,86.4248990781981,71.7438667927148,87.8478829433957,64.7910595924776,101.89141237246,92.5662871094514,64.204531586977,70.8142366689687,84.2631977061149,89.9271667220841,99.6157448891994,70.1559978358895,88.8472455427442,84.3778659851789,81.6823498793164,83.0601971361245,75.1487527944719,110.489032526939,94.4882073200286,83.5443437812984,89.7170208795767,103.991525416832,80.6329476032261,92.8781730241148,70.0535406332527,86.4248990781981,71.7438667927148,87.8478829433957,64.7910595924776
109.172378976613,90.8218388756258,81.450195479649,77.5765712888125,89.9905992401869,84.5411250522408,98.606758118547,77.1153893761222,86.8982869621974,84.3062477223979,93.6593876733639,92.1204101463793,80.624198725014,94.4882073200286,135.021727680455,91.7551923700288,100.96503225708,104.844740912803,101.010222525505,99.6341153176117,80.6225397371619,82.2278276123671,87.8441561115954,86.8176413917072,77.5512426270006,109.172378976613,90.8218388756258,81.450195479649,77.5765712888125,89.9905992401869,84.5411250522408,98.606758118547,77.1153893761222,86.8982869621974,84.3062477223979,93.6593876733639,92.1204101463793,80.624198725014,94.4882073200286,135.021727680455,91.7551923700288,100.96503225708,104.844740912803,101.010222525505,99.6341153176117,80.6225397371619,82.2278276123671,87.8441561115954,86.8176413917072,77.5512426270006
89.8086782202902,86.57467373542,67.8710413596919,75.1324563723959,83.2223779080588,78.8938223875792,97.6888611243416,68.1040544438901,80.4566535496052,74.4773347150428,80.9049177078882,71.8514237256418,74.0835543410849,83.5443437812984,91.7551923700288,106.100523178861,91.9061568260165,90.7887938018913,72.6553345289313,85.6545450942216,65.1280538529305,87.9534113842719,68.2535663987816,80.0310419233508,63.325086593829,89.8086782202902,86.57467373542,67.8710413596919,75.1324563723959,83.2223779080588,78.8938223875792,97.6888611243416,68.1040544438901,80.4566535496052,74.4773347150428,80.9049177078882,71.8514237256418,74.0835543410849,83.5443437812984,91.7551923700288,106.100523178861,91.9061568260165,90.7887938018913,72.6553345289313,85.6545450942216,65.1280538529305,87.9534113842719,68.2535663987816,80.0310419233508,63.325086593829
100.863470983607,77.9766260729974,74.3045719479877,57.6343545007777,73.9549870712187,81.9352859896643,110.021884830369,77.7740838273443,92.5151181413457,70.6661950710688,90.2795449600834,100.555997634721,63.5588158770651,89.7170208795767,100.96503225708,91.9061568260165,141.352950540362,104.549581702074,93.4485069351026,97.1247252374861,86.731265077095,99.1058310873951,65.3931998181631,89.5121701025779,76.93184280449,100.863470983607,77.9766260729974,74.3045719479877,57.6343545007777,73.9549870712187,81.9352859896643,110.021884830369,77.7740838273443,92.5151181413457,70.6661950710688,90.2795449600834,100.555997634721,63.5588158770651,89.7170208795767,100.96503225708,91.9061568260165,141.352950540362,104.549581702074,93.4485069351026,97.1247252374861,86.731265077095,99.1058310873951,65.3931998181631,89.5121701025779,76.93184280449
112.209228367135,94.364605631921,79.2458655031273,83.2089774531758,80.0079134281393,103.031829919907,113.323545107964,75.4611722787602,99.1203262313138,85.6787649831843,94.4964345217519,92.4041138336611,70.6886332346095,103.991525416832,104.844740912803,90.7887938018913,104.549581702074,133.050951737258,93.7971507773508,97.7792665821212,84.3225457222175,93.5249859269759,73.6782007303238,95.2469221919534,74.9040451952607,112.209228367135,94.364605631921,79.2458655031273,83.2089774531758,80.0079134281393,103.031829919907,113.323545107964,75.4611722787602,99.1203262313138,85.6787649831843,94.4964345217519,92.4041138336611,70.6886332346095,103.991525416832,104.844740912803,90.7887938018913,104.549581702074,133.050951737258,93.7971507773508,97.7792665821212,84.3225457222175,93.5249859269759,73.6782007303238,95.2469221919534,74.9040451952607
97.3056928582545,74.9597424887664,66.9034483416008,64.6942604109997,77.730809241674,76.0408033115424,92.3779295597119,69.61213246536,87.0930468459451,70.6793784561968,77.5228404307202,83.792621770199,61.5906724522426,80.6329476032261,101.010222525505,72.6553345289313,93.4485069351026,93.7971507773508,99.8000056236764,89.3530013270948,72.2817659087924,71.7676028846841,68.2109349899068,79.3886732685761,61.5739982651481,97.3056928582545,74.9597424887664,66.9034483416008,64.6942604109997,77.730809241674,76.0408033115424,92.3779295597119,69.61213246536,87.0930468459451,70.6793784561968,77.5228404307202,83.792621770199,61.5906724522426,80.6329476032261,101.010222525505,72.6553345289313,93.4485069351026,93.7971507773508,99.8000056236764,89.3530013270948,72.2817659087924,71.7676028846841,68.2109349899068,79.3886732685761,61.5739982651481
92.2460265087668,78.8011490547055,71.5024764807178,68.4390562465508,88.6357713165417,83.1869735201228,101.335349685094,74.3419366891342,85.9771916062112,77.2790610557597,77.0114474471945,86.6750032737769,74.1241301141013,92.8781730241148,99.6341153176117,85.6545450942216,97.1247252374861,97.7792665821212,89.3530013270948,105.367387600142,68.9348514566719,83.2683010529629,71.2731796999784,92.484121634938,64.8829450509787,92.2460265087668,78.8011490547055,71.5024764807178,68.4390562465508,88.6357713165417,83.1869735201228,101.335349685094,74.3419366891342,85.9771916062112,77.2790610557597,77.0114474471945,86.6750032737769,74.1241301141013,92.8781730241148,99.6341153176117,85.6545450942216,97.1247252374861,97.7792665821212,89.3530013270948,105.367387600142,68.9348514566719,83.2683010529629,71.2731796999784,92.484121634938,64.8829450509787
83.630438854324,67.6758193196096,55.394323546369,45.6739767485458,51.9870820627984,61.292365584782,85.9809299093917,57.2461858324239,75.9176531767567,61.7532048514421,75.1767175075571,72.8814132412101,52.9568347482392,70.0535406332527,80.6225397371619,65.1280538529305,86.731265077095,84.3225457222175,72.2817659087924,68.9348514566719,78.5362007248707,71.7950924906286,43.3112185298851,63.0535449222842,60.4566391761393,83.630438854324,67.6758193196096,55.394323546369,45.6739767485458,51.9870820627984,61.292365584782,85.9809299093917,57.2461858324239,75.9176531767567,61.7532048514421,75.1767175075571,72.8814132412101,52.9568347482392,70.0535406332527,80.6225397371619,65.1280538529305,86.731265077095,84.3225457222175,72.2817659087924,68.9348514566719,78.5362007248707,71.7950924906286,43.3112185298851,63.0535449222842,60.4566391761393
101.8532322179,80.8260821835258,64.9585232363088,62.9071074794062,69.6929807590699,89.6334387328023,97.3119625920404,63.0766976078131,87.2062498023021,79.9246588585055,81.5258809815899,81.2204610067986,73.4882960495891,86.4248990781981,82.2278276123671,87.9534113842719,99.1058310873951,93.5249859269759,71.7676028846841,83.2683010529629,71.7950924906286,112.801437453129,64.9487395890874,76.8802095924052,53.1397541365225,101.8532322179,80.8260821835258,64.9585232363088,62.9071074794062,69.6929807590699,89.6334387328023,97.3119625920404,63.0766976078131,87.2062498023021,79.9246588585055,81.5258809815899,81.2204610067986,73.4882960495891,86.4248990781981,82.2278276123671,87.9534113842719,99.1058310873951,93.5249859269759,71.7676028846841,83.2683010529629,71.7950924906286,112.801437453129,64.9487395890874,76.8802095924052,53.1397541365225
