208.835624759215,188.718764907035,147.255104951462,159.059081917957,166.132352200697,175.614935108964,173.784564286329,182.420132774313,191.403860481631,178.579896299631,169.313401737238,172.279341137444,156.005603009641,197.966293030687,155.115202476419,170.566633528244,162.081764771815,180.65487838227,188.219469547687,184.818026443303,196.253457561042,173.991799208701,184.589497650068,168.195210301095,179.231645937795,176.636444953276,160.755990751417,181.250215059308,166.567023771679,161.807155716002,183.163974752701,187.926817376191,159.41529971112,168.177748704612,154.441485458292,180.46516169185,173.610402922079,170.635310145921,168.347370655319,201.925249598112,189.920753426291,190.360692801367,163.848717854534,205.241588199317,159.8704497185,192.249834925721,174.983551953834,163.050895945123,165.331783542235,192.04130949728,208.835624759215,188.718764907035,147.255104951462,159.059081917957,166.132352200697,175.614935108964,173.784564286329,182.420132774313,191.403860481631,178.579896299631,169.313401737238,172.279341137444,156.005603009641,197.966293030687,155.115202476419,170.566633528244,162.081764771815,180.65487838227,188.219469547687,184.818026443303,196.253457561042,173.991799208701,184.589497650068,168.195210301095,179.231645937795,176.636444953276,160.755990751417,181.250215059308,166.567023771679,161.807155716002,183.163974752701,187.926817376191,159.41529971112,168.177748704612,154.441485458292,180.46516169185,173.610402922079,170.635310145921,168.347370655319,201.925249598112,189.920753426291,190.360692801367,163.848717854534,205.241588199317,159.8704497185,192.249834925721,174.983551953834,163.050895945123,165.331783542235,192.04130949728
188.718762121387,264.177524200302,181.909875362649,185.269833860555,177.651773444467,198.743427109026,204.173324245949,198.514965958873,229.904347556939,209.633892182737,178.709736293291,212.786081806711,195.061578806911,216.078184497837,184.452629519122,203.262403100803,178.249400289684,206.512345600521,205.613923450886,210.356164773488,221.223904973365,201.037056355575,207.377876501346,185.23404127108,190.539710609753,194.098280237841,192.257204049302,202.912201112335,190.053704234196,188.741894616641,193.051353687137,190.846793022139,194.022640924885,166.136915306795,162.419284156539,195.738419534415,179.584274803085,188.935167824262,193.276576575163,217.841086629785,204.766193537672,205.985440708118,184.973026389362,235.274129571194,198.934488827321,213.357161839226,206.323395081496,186.344500555685,186.668924374234,237.67815341199,188.718762121387,264.177524200302,181.909875362649,185.269833860555,177.651773444467,198.743427109026,204.173324245949,198.514965958873,229.904347556939,209.633892182737,178.709736293291,212.786081806711,195.061578806911,216.078184497837,184.452629519122,203.262403100803,178.249400289684,206.512345600521,205.613923450886,210.356164773488,221.223904973365,201.037056355575,207.377876501346,185.23404127108,190.539710609753,194.098280237841,192.257204049302,202.912201112335,190.053704234196,188.741894616641,193.051353687137,190.846793022139,194.022640924885,166.136915306795,162.419284156539,195.738419534415,179.584274803085,188.935167824262,193.276576575163,217.841086629785,204.766193537672,205.985440708118,184.973026389362,235.274129571194,198.934488827321,213.357161839226,206.323395081496,186.344500555685,186.668924374234,237.67815341199
147.255102165813,181.909875362649,225.524684741758,159.836891978606,175.653125546788,174.716580049106,188.778903966148,185.678591310476,197.843995703166,194.098168374835,169.461911234058,177.914274090861,165.199679984502,187.599856206881,172.584644099857,206.34352137079,162.883064810593,188.555896320189,194.247048096577,187.947691553814,203.915692315897,169.416416953515,202.50128524293,194.69152012762,179.104002152793,190.23207860662,174.225918024001,181.694805532212,182.120933072076,172.099241272991,170.946010527629,179.974486664594,146.58097121966,142.704999105737,165.490981367527,171.689586172044,163.482953719047,176.552821574378,167.009666841864,207.118156209692,192.742156138534,177.549063638486,164.819469307535,208.306830731703,182.031307034098,184.523466232582,186.935313481418,154.697544533118,161.286891983882,183.511422240594,147.255102165813,181.909875362649,225.524684741758,159.836891978606,175.653125546788,174.716580049106,188.778903966148,185.678591310476,197.843995703166,194.098168374835,169.461911234058,177.914274090861,165.199679984502,187.599856206881,172.584644099857,206.34352137079,162.883064810593,188.555896320189,194.247048096577,187.947691553814,203.915692315897,169.416416953515,202.50128524293,194.69152012762,179.104002152793,190.23207860662,174.225918024001,181.694805532212,182.120933072076,172.099241272991,170.946010527629,179.974486664594,146.58097121966,142.704999105737,165.490981367527,171.689586172044,163.482953719047,176.552821574378,167.009666841864,207.118156209692,192.742156138534,177.549063638486,164.819469307535,208.306830731703,182.031307034098,184.523466232582,186.935313481418,154.697544533118,161.286891983882,183.511422240594
159.059079132309,185.269833860555,159.836891978606,221.435773325972,161.33955704312,183.32949165859,197.943387972186,178.616638236306,186.369245034472,182.353953681206,167.610808151318,181.117397203218,159.708624403011,197.728345708115,161.931927446819,182.134168453569,163.299185024988,181.502877057025,200.983451420276,199.872193185609,204.54837554843,170.993705007697,182.671174586069,171.850919443507,175.471855005211,192.941933182367,157.551784131153,190.058948986477,173.130401955333,180.635978420466,173.724317521825,173.800715862611,163.726609838245,150.605307753961,157.101904878106,166.915936339066,167.329735399977,174.082555783138,182.026985726559,201.245645603871,183.313515921596,183.963143131379,177.896441876614,206.56835662158,179.681981702245,201.738360034232,171.878429598394,152.574646769601,172.917063823866,205.361429815869,159.059079132309,185.269833860555,159.836891978606,221.435773325972,161.33955704312,183.32949165859,197.943387972186,178.616638236306,186.369245034472,182.353953681206,167.610808151318,181.117397203218,159.708624403011,197.728345708115,161.931927446819,182.134168453569,163.299185024988,181.502877057025,200.983451420276,199.872193185609,204.54837554843,170.993705007697,182.671174586069,171.850919443507,175.471855005211,192.941933182367,157.551784131153,190.058948986477,173.130401955333,180.635978420466,173.724317521825,173.800715862611,163.726609838245,150.605307753961,157.101904878106,166.915936339066,167.329735399977,174.082555783138,182.026985726559,201.245645603871,183.313515921596,183.963143131379,177.896441876614,206.56835662158,179.681981702245,201.738360034232,171.878429598394,152.574646769601,172.917063823866,205.361429815869
166.132349415049,177.651773444467,175.653125546788,161.33955704312,198.929531590344,178.054605492502,189.333825661602,175.839178123794,194.746683657393,175.671574978618,169.280753994123,169.799221340852,166.306459714357,184.491930284188,169.536894406858,190.730627139291,160.217181612881,203.373254024972,185.824601295883,185.563322121221,201.596260299362,165.5444790587,183.336535174085,175.371782929795,186.548196881912,184.195816279541,167.028268213987,184.087632240557,179.790441531803,172.594723357429,183.059308758793,171.471174473128,157.86865193646,156.544826357567,152.538144385103,182.415950885745,169.439095400421,164.996556246318,177.625619153129,209.538571409226,191.181900405593,178.408991996584,172.49439530057,203.921847067031,175.593143334667,193.635850805392,187.389991037861,167.789680080631,156.807603529478,188.934273860439,166.132349415049,177.651773444467,175.653125546788,161.33955704312,198.929531590344,178.054605492502,189.333825661602,175.839178123794,194.746683657393,175.671574978618,169.280753994123,169.799221340852,166.306459714357,184.491930284188,169.536894406858,190.730627139291,160.217181612881,203.373254024972,185.824601295883,185.563322121221,201.596260299362,165.5444790587,183.336535174085,175.371782929795,186.548196881912,184.195816279541,167.028268213987,184.087632240557,179.790441531803,172.594723357429,183.059308758793,171.471174473128,157.86865193646,156.544826357567,152.538144385103,182.415950885745,169.439095400421,164.996556246318,177.625619153129,209.538571409226,191.181900405593,178.408991996584,172.49439530057,203.921847067031,175.593143334667,193.635850805392,187.389991037861,167.789680080631,156.807603529478,188.934273860439
175.614932323315,198.743427109026,174.716580049106,183.32949165859,178.054605492502,238.172052316394,223.244470875401,201.149644216832,213.247688523955,196.515180018164,183.506659312689,185.003375016013,195.268892287917,196.342637558954,184.169227973374,193.573502434655,161.168577084155,204.239547767313,201.226504861933,214.723042251505,205.976496089695,196.26400678285,202.844983285321,185.152262745789,191.150107260412,205.75447448827,176.387279746361,205.370912590785,176.989832212011,181.571830113738,199.632737399961,187.862764833806,158.457371835397,162.189665404288,171.035902767076,193.008432246908,184.799364127805,181.17351874591,178.269508852232,211.028577206779,203.304794192102,211.670745310974,180.739772264947,220.183724574149,181.905113462098,206.273070297508,205.262643023893,178.575882544475,180.343963737167,213.874174939993,175.614932323315,198.743427109026,174.716580049106,183.32949165859,178.054605492502,238.172052316394,223.244470875401,201.149644216832,213.247688523955,196.515180018164,183.506659312689,185.003375016013,195.268892287917,196.342637558954,184.169227973374,193.573502434655,161.168577084155,204.239547767313,201.226504861933,214.723042251505,205.976496089695,196.26400678285,202.844983285321,185.152262745789,191.150107260412,205.75447448827,176.387279746361,205.370912590785,176.989832212011,181.571830113738,199.632737399961,187.862764833806,158.457371835397,162.189665404288,171.035902767076,193.008432246908,184.799364127805,181.17351874591,178.269508852232,211.028577206779,203.304794192102,211.670745310974,180.739772264947,220.183724574149,181.905113462098,206.273070297508,205.262643023893,178.575882544475,180.343963737167,213.874174939993
173.78456150068,204.173324245949,188.778903966148,197.943387972186,189.333825661602,223.244470875401,269.498330775743,201.703349824495,223.888943259593,218.605632226185,197.559788238215,188.464890690146,204.06452455557,223.242910243877,187.087661301025,197.40012108985,173.521521977199,213.942969878457,217.721531684369,233.638683176653,224.006515286414,210.891221205173,217.910768684461,206.697499939221,206.949325149032,207.22432266108,196.586617237505,213.876244101896,198.027732676454,193.439089765369,212.39793626155,198.413611892695,173.926177981072,170.442753430337,182.618601990287,211.595255727426,203.597601136186,193.635151715436,189.326907685104,235.683440760988,218.441432789023,200.342098322741,185.490079453386,223.379493811903,196.611290860925,224.321489621039,211.420674392822,188.261753481723,187.675590122545,225.093198595184,173.78456150068,204.173324245949,188.778903966148,197.943387972186,189.333825661602,223.244470875401,269.498330775743,201.703349824495,223.888943259593,218.605632226185,197.559788238215,188.464890690146,204.06452455557,223.242910243877,187.087661301025,197.40012108985,173.521521977199,213.942969878457,217.721531684369,233.638683176653,224.006515286414,210.891221205173,217.910768684461,206.697499939221,206.949325149032,207.22432266108,196.586617237505,213.876244101896,198.027732676454,193.439089765369,212.39793626155,198.413611892695,173.926177981072,170.442753430337,182.618601990287,211.595255727426,203.597601136186,193.635151715436,189.326907685104,235.683440760988,218.441432789023,200.342098322741,185.490079453386,223.379493811903,196.611290860925,224.321489621039,211.420674392822,188.261753481723,187.675590122545,225.093198595184
182.420129988664,198.514965958873,185.678591310476,178.616638236306,175.839178123794,201.149644216832,201.703349824495,242.540363248257,220.089170359622,214.596710505159,186.103611519558,204.186057180105,183.716812889955,202.512160169556,193.005156690843,199.879688295796,168.976696057535,195.861365387726,214.982288327538,200.658654939814,208.821547396568,190.031331244796,208.11207339498,194.15901990061,191.243523014299,206.743617158024,184.094160018515,199.772028512214,194.484168708462,191.117506354389,201.360493954866,200.105393078772,168.933001825486,176.516705240961,175.956561182076,179.401321912372,185.052703568305,191.323070495915,187.260106902306,225.976934202808,210.453831331767,215.379681514115,170.965632143582,224.001400626166,206.343072381183,211.727977012752,192.453059334398,176.176635761556,177.882580290807,206.810031832667,182.420129988664,198.514965958873,185.678591310476,178.616638236306,175.839178123794,201.149644216832,201.703349824495,242.540363248257,220.089170359622,214.596710505159,186.103611519558,204.186057180105,183.716812889955,202.512160169556,193.005156690843,199.879688295796,168.976696057535,195.861365387726,214.982288327538,200.658654939814,208.821547396568,190.031331244796,208.11207339498,194.15901990061,191.243523014299,206.743617158024,184.094160018515,199.772028512214,194.484168708462,191.117506354389,201.360493954866,200.105393078772,168.933001825486,176.516705240961,175.956561182076,179.401321912372,185.052703568305,191.323070495915,187.260106902306,225.976934202808,210.453831331767,215.379681514115,170.965632143582,224.001400626166,206.343072381183,211.727977012752,192.453059334398,176.176635761556,177.882580290807,206.810031832667
191.403857695982,229.904347556939,197.843995703166,186.369245034472,194.746683657393,213.247688523955,223.888943259593,220.089170359622,282.730767010756,224.393913328343,197.869653675889,221.853690501226,208.54831259235,218.334706229302,192.566465276652,221.21476287452,196.195281517849,231.528653450847,227.633283803209,226.99749148241,233.597680449163,214.97983607597,231.996550873549,213.558033434308,216.093365291794,203.345212505069,200.156949303316,211.449322265789,206.552526357292,208.402849175468,213.932026856821,210.743739200414,189.886034284616,190.191572944163,185.852972976387,210.065444921798,202.925497683374,201.10731101815,209.410438926863,237.796701299769,212.061450700419,218.740003273262,196.131532579621,246.709779777397,206.591979622923,236.564652462514,216.173551223272,200.294950462263,195.469837328504,232.350687220552,191.403857695982,229.904347556939,197.843995703166,186.369245034472,194.746683657393,213.247688523955,223.888943259593,220.089170359622,282.730767010756,224.393913328343,197.869653675889,221.853690501226,208.54831259235,218.334706229302,192.566465276652,221.21476287452,196.195281517849,231.528653450847,227.633283803209,226.99749148241,233.597680449163,214.97983607597,231.996550873549,213.558033434308,216.093365291794,203.345212505069,200.156949303316,211.449322265789,206.552526357292,208.402849175468,213.932026856821,210.743739200414,189.886034284616,190.191572944163,185.852972976387,210.065444921798,202.925497683374,201.10731101815,209.410438926863,237.796701299769,212.061450700419,218.740003273262,196.131532579621,246.709779777397,206.591979622923,236.564652462514,216.173551223272,200.294950462263,195.469837328504,232.350687220552
178.579893513982,209.633892182737,194.098168374835,182.353953681206,175.671574978618,196.515180018164,218.605632226185,214.596710505159,224.393913328343,247.452099187264,192.159894929286,188.716183262691,192.634281781434,203.108497936127,189.474170696649,195.653232101463,178.450270387271,198.995762557934,209.451544134156,215.805571382859,221.445447598665,194.366900137614,211.10336542369,199.451421680473,190.333395297657,196.61774185848,201.464436037166,208.29099624996,199.931649139674,190.973609404566,199.462520215214,209.362214020232,173.713232627764,170.205163068345,165.775960936377,191.544890829818,191.608461559908,186.505220236401,186.427900396302,226.135402258518,203.616784168209,204.796352495487,177.455892244075,227.256219143541,198.998351255668,209.32898497443,201.981160676243,181.048049528535,192.9034730924,213.512687723075,178.579893513982,209.633892182737,194.098168374835,182.353953681206,175.671574978618,196.515180018164,218.605632226185,214.596710505159,224.393913328343,247.452099187264,192.159894929286,188.716183262691,192.634281781434,203.108497936127,189.474170696649,195.653232101463,178.450270387271,198.995762557934,209.451544134156,215.805571382859,221.445447598665,194.366900137614,211.10336542369,199.451421680473,190.333395297657,196.61774185848,201.464436037166,208.29099624996,199.931649139674,190.973609404566,199.462520215214,209.362214020232,173.713232627764,170.205163068345,165.775960936377,191.544890829818,191.608461559908,186.505220236401,186.427900396302,226.135402258518,203.616784168209,204.796352495487,177.455892244075,227.256219143541,198.998351255668,209.32898497443,201.981160676243,181.048049528535,192.9034730924,213.512687723075
169.31339895159,178.709736293291,169.461911234058,167.610808151318,169.280753994123,183.506659312689,197.559788238215,186.103611519558,197.869653675889,192.159894929286,218.097273832843,178.908620367739,169.524614977049,195.049202554393,168.860959110813,179.139414129703,157.174264026215,190.805671888688,204.404841044679,191.780154790869,205.786710310364,190.421230624901,198.315284783073,180.794457702325,175.830682569553,174.290699530675,181.583935140228,192.45701339826,178.882318196135,171.936116181138,187.047606961737,183.545350777553,171.084466620531,165.556935448149,173.772214487281,180.118397997819,184.126713434052,174.337343274056,184.875099061106,211.68592053756,191.194989760215,189.859251518623,158.753856516901,197.534426111771,183.306355874794,194.253657478197,180.429303704337,179.882572482734,158.729428372604,197.388456754012,169.31339895159,178.709736293291,169.461911234058,167.610808151318,169.280753994123,183.506659312689,197.559788238215,186.103611519558,197.869653675889,192.159894929286,218.097273832843,178.908620367739,169.524614977049,195.049202554393,168.860959110813,179.139414129703,157.174264026215,190.805671888688,204.404841044679,191.780154790869,205.786710310364,190.421230624901,198.315284783073,180.794457702325,175.830682569553,174.290699530675,181.583935140228,192.45701339826,178.882318196135,171.936116181138,187.047606961737,183.545350777553,171.084466620531,165.556935448149,173.772214487281,180.118397997819,184.126713434052,174.337343274056,184.875099061106,211.68592053756,191.194989760215,189.859251518623,158.753856516901,197.534426111771,183.306355874794,194.253657478197,180.429303704337,179.882572482734,158.729428372604,197.388456754012
172.279338351795,212.786081806711,177.914274090861,181.117397203218,169.799221340852,185.003375016013,188.464890690146,204.186057180105,221.853690501226,188.716183262691,178.908620367739,247.206236322853,176.406710108232,210.226635214233,182.371206583219,194.941087192102,172.078761414282,196.01285165908,209.783844148,200.710733842665,197.600018534892,182.436881725729,201.575319784148,188.295996788198,190.793924135991,192.798186336564,172.932138517961,183.704426664247,195.765408417123,194.400339230373,197.413944729985,179.220036801175,174.013496878925,164.369589598191,168.308356802912,194.072026887014,187.600877817012,183.982781012335,185.291159022726,199.696929910606,202.283724174237,210.582463432077,175.236321628588,234.824388735607,186.419608315507,211.00963586794,191.563396792888,177.870383222853,176.33620250564,207.848857571693,172.279338351795,212.786081806711,177.914274090861,181.117397203218,169.799221340852,185.003375016013,188.464890690146,204.186057180105,221.853690501226,188.716183262691,178.908620367739,247.206236322853,176.406710108232,210.226635214233,182.371206583219,194.941087192102,172.078761414282,196.01285165908,209.783844148,200.710733842665,197.600018534892,182.436881725729,201.575319784148,188.295996788198,190.793924135991,192.798186336564,172.932138517961,183.704426664247,195.765408417123,194.400339230373,197.413944729985,179.220036801175,174.013496878925,164.369589598191,168.308356802912,194.072026887014,187.600877817012,183.982781012335,185.291159022726,199.696929910606,202.283724174237,210.582463432077,175.236321628588,234.824388735607,186.419608315507,211.00963586794,191.563396792888,177.870383222853,176.33620250564,207.848857571693
156.005600223992,195.061578806911,165.199679984502,159.708624403011,166.306459714357,195.268892287917,204.06452455557,183.716812889955,208.54831259235,192.634281781434,169.524614977049,176.406710108232,222.195096274875,195.914551808556,176.970661676456,189.394429374345,161.573812051375,189.939043389334,192.979364471216,207.799938091118,197.076022163089,187.559755859263,203.915024196713,180.827419023084,173.931120189533,184.323530967454,179.368009557847,193.507502957906,175.811029686666,177.848105390039,169.310028701143,183.692830949742,152.380983748654,163.91138903888,162.688260237963,181.403649567089,182.434054938315,174.370627846174,175.009250360124,193.494344548263,192.174525712583,189.559575445723,159.715198591679,204.82123104137,194.09628105569,204.22965557063,193.41488849224,180.439560483736,164.751470274749,206.601636943509,156.005600223992,195.061578806911,165.199679984502,159.708624403011,166.306459714357,195.268892287917,204.06452455557,183.716812889955,208.54831259235,192.634281781434,169.524614977049,176.406710108232,222.195096274875,195.914551808556,176.970661676456,189.394429374345,161.573812051375,189.939043389334,192.979364471216,207.799938091118,197.076022163089,187.559755859263,203.915024196713,180.827419023084,173.931120189533,184.323530967454,179.368009557847,193.507502957906,175.811029686666,177.848105390039,169.310028701143,183.692830949742,152.380983748654,163.91138903888,162.688260237963,181.403649567089,182.434054938315,174.370627846174,175.009250360124,193.494344548263,192.174525712583,189.559575445723,159.715198591679,204.82123104137,194.09628105569,204.22965557063,193.41488849224,180.439560483736,164.751470274749,206.601636943509
197.966290245038,216.078184497837,187.599856206881,197.728345708115,184.491930284188,196.342637558954,223.242910243877,202.512160169556,218.334706229302,203.108497936127,195.049202554393,210.226635214233,195.914551808556,270.308958629442,191.299404228096,220.954205129258,194.71116656437,198.299302199331,225.076342541187,225.185537393156,233.370193184457,206.868814866062,223.47837180974,203.819124535617,206.819905252271,207.072229229155,187.641659069536,207.299354346583,201.791900847227,187.866505038937,204.928849657261,210.0472443325,178.873631959398,194.494765782658,181.214588275336,208.819316296477,212.808960622982,205.403948864861,207.044276395082,224.584477938037,233.068875062905,202.952008167803,190.737836953398,238.571202481377,199.168137089537,230.252149049259,196.58909679635,193.741105008701,186.268486475889,228.421038310542,197.966290245038,216.078184497837,187.599856206881,197.728345708115,184.491930284188,196.342637558954,223.242910243877,202.512160169556,218.334706229302,203.108497936127,195.049202554393,210.226635214233,195.914551808556,270.308958629442,191.299404228096,220.954205129258,194.71116656437,198.299302199331,225.076342541187,225.185537393156,233.370193184457,206.868814866062,223.47837180974,203.819124535617,206.819905252271,207.072229229155,187.641659069536,207.299354346583,201.791900847227,187.866505038937,204.928849657261,210.0472443325,178.873631959398,194.494765782658,181.214588275336,208.819316296477,212.808960622982,205.403948864861,207.044276395082,224.584477938037,233.068875062905,202.952008167803,190.737836953398,238.571202481377,199.168137089537,230.252149049259,196.58909679635,193.741105008701,186.268486475889,228.421038310542
155.11519969077,184.452629519122,172.584644099857,161.931927446819,169.536894406858,184.169227973374,187.087661301025,193.005156690843,192.566465276652,189.474170696649,168.860959110813,182.371206583219,176.970661676456,191.299404228096,246.173429972561,197.940179443196,164.83254233858,186.356492267858,201.188152668424,193.734334707412,188.498632134747,168.634166305809,186.810545502511,192.557573649915,187.148660373653,180.446015098796,174.214744292316,176.861910958632,190.684915251042,172.723394620152,186.145978225688,173.192988165808,169.960507395309,160.250178018709,152.544561694851,179.051951673402,166.52974057123,173.340252190425,170.471604715294,201.699921258661,191.96526843815,184.779237798338,173.829345727222,213.950714652274,191.349133861932,191.636934807272,186.364680813255,159.071267060066,162.988655574446,191.652645758151,155.11519969077,184.452629519122,172.584644099857,161.931927446819,169.536894406858,184.169227973374,187.087661301025,193.005156690843,192.566465276652,189.474170696649,168.860959110813,182.371206583219,176.970661676456,191.299404228096,246.173429972561,197.940179443196,164.83254233858,186.356492267858,201.188152668424,193.734334707412,188.498632134747,168.634166305809,186.810545502511,192.557573649915,187.148660373653,180.446015098796,174.214744292316,176.861910958632,190.684915251042,172.723394620152,186.145978225688,173.192988165808,169.960507395309,160.250178018709,152.544561694851,179.051951673402,166.52974057123,173.340252190425,170.471604715294,201.699921258661,191.96526843815,184.779237798338,173.829345727222,213.950714652274,191.349133861932,191.636934807272,186.364680813255,159.071267060066,162.988655574446,191.652645758151
170.566630742595,203.262403100803,206.34352137079,182.134168453569,190.730627139291,193.573502434655,197.40012108985,199.879688295796,221.21476287452,195.653232101463,179.139414129703,194.941087192102,189.394429374345,220.954205129258,197.940179443196,259.132460115491,188.246038138217,212.161783096254,218.152869795782,200.506296084816,218.338719395495,189.625260523001,217.570505686016,193.741570436296,197.914877010017,205.566312597508,181.021025763079,192.854028653002,193.04634918999,191.140038639452,195.173859235311,200.697834948012,160.953501611518,172.931933855388,174.888820161936,193.752160807805,185.623545869525,194.3012492841,202.889747333543,223.188746539836,207.882622325888,185.823833586164,196.375179602595,237.255456669519,193.16749441052,226.778072229827,203.666484188029,173.875780148874,174.982562780011,208.984834956373,170.566630742595,203.262403100803,206.34352137079,182.134168453569,190.730627139291,193.573502434655,197.40012108985,199.879688295796,221.21476287452,195.653232101463,179.139414129703,194.941087192102,189.394429374345,220.954205129258,197.940179443196,259.132460115491,188.246038138217,212.161783096254,218.152869795782,200.506296084816,218.338719395495,189.625260523001,217.570505686016,193.741570436296,197.914877010017,205.566312597508,181.021025763079,192.854028653002,193.04634918999,191.140038639452,195.173859235311,200.697834948012,160.953501611518,172.931933855388,174.888820161936,193.752160807805,185.623545869525,194.3012492841,202.889747333543,223.188746539836,207.882622325888,185.823833586164,196.375179602595,237.255456669519,193.16749441052,226.778072229827,203.666484188029,173.875780148874,174.982562780011,208.984834956373
162.081761986167,178.249400289684,162.883064810593,163.299185024988,160.217181612881,161.168577084155,173.521521977199,168.976696057535,196.195281517849,178.450270387271,157.174264026215,172.078761414282,161.573812051375,194.71116656437,164.83254233858,188.246038138217,201.008065541571,170.664297389981,191.651560138775,179.861651681308,203.503995740556,171.779394615627,177.080608102222,178.451473342611,171.892017660335,164.678708163414,160.945403286514,156.249582545213,178.200989434373,166.599786801225,176.942899450128,170.868927461804,139.057928385324,154.434866136661,136.080061532477,168.264700815172,168.462619270612,161.590115788963,163.237748618395,179.378291766699,181.036054674858,160.1029953907,171.868721368631,207.416758344542,161.058529260482,197.623545926399,163.686844726662,142.182619863759,162.929384156013,178.533286697193,162.081761986167,178.249400289684,162.883064810593,163.299185024988,160.217181612881,161.168577084155,173.521521977199,168.976696057535,196.195281517849,178.450270387271,157.174264026215,172.078761414282,161.573812051375,194.71116656437,164.83254233858,188.246038138217,201.008065541571,170.664297389981,191.651560138775,179.861651681308,203.503995740556,171.779394615627,177.080608102222,178.451473342611,171.892017660335,164.678708163414,160.945403286514,156.249582545213,178.200989434373,166.599786801225,176.942899450128,170.868927461804,139.057928385324,154.434866136661,136.080061532477,168.264700815172,168.462619270612,161.590115788963,163.237748618395,179.378291766699,181.036054674858,160.1029953907,171.868721368631,207.416758344542,161.058529260482,197.623545926399,163.686844726662,142.182619863759,162.929384156013,178.533286697193
180.654875596622,206.512345600521,188.555896320189,181.502877057025,203.373254024972,204.239547767313,213.942969878457,195.861365387726,231.528653450847,198.995762557934,190.805671888688,196.01285165908,189.939043389334,198.299302199331,186.356492267858,212.161783096254,170.664297389981,255.287509110846,210.329482859802,217.580801850992,222.655166788047,191.091983634247,205.59105243058,182.604965630451,208.207857409357,200.455679069308,197.947852479798,205.49242016005,199.312735829694,204.828297607543,196.422739650019,196.793583339096,176.376528739986,174.772510672447,182.828682244228,210.296305760436,184.331636643971,190.80821125366,202.272496093004,242.606378891663,207.011589795282,204.608776629318,195.292576097026,225.15123655407,205.628147114084,232.928352947418,207.873419487747,189.16791599943,184.862089151798,217.413894405411,180.654875596622,206.512345600521,188.555896320189,181.502877057025,203.373254024972,204.239547767313,213.942969878457,195.861365387726,231.528653450847,198.995762557934,190.805671888688,196.01285165908,189.939043389334,198.299302199331,186.356492267858,212.161783096254,170.664297389981,255.287509110846,210.329482859802,217.580801850992,222.655166788047,191.091983634247,205.59105243058,182.604965630451,208.207857409357,200.455679069308,197.947852479798,205.49242016005,199.312735829694,204.828297607543,196.422739650019,196.793583339096,176.376528739986,174.772510672447,182.828682244228,210.296305760436,184.331636643971,190.80821125366,202.272496093004,242.606378891663,207.011589795282,204.608776629318,195.292576097026,225.15123655407,205.628147114084,232.928352947418,207.873419487747,189.16791599943,184.862089151798,217.413894405411
188.219466762038,205.613923450886,194.247048096577,200.983451420276,185.824601295883,201.226504861933,217.721531684369,214.982288327538,227.633283803209,209.451544134156,204.404841044679,209.783844148,192.979364471216,225.076342541187,201.188152668424,218.152869795782,191.651560138775,210.329482859802,260.207807183121,221.991717837675,224.226814797742,202.102983910621,219.044533138464,208.156946797907,201.020969864138,208.478639943632,201.858211449887,204.220188025167,206.631366982101,204.828126536455,208.714186292137,206.482172421057,184.306933722132,186.427383466307,193.545262752515,201.083849840746,202.297096137461,204.360374205729,197.613883615917,239.904065845312,220.153659924307,204.503636722684,192.986955511911,250.168237163049,201.135404836963,219.158993824594,211.900642817574,185.407178467137,184.566194694115,222.346622897392,188.219466762038,205.613923450886,194.247048096577,200.983451420276,185.824601295883,201.226504861933,217.721531684369,214.982288327538,227.633283803209,209.451544134156,204.404841044679,209.783844148,192.979364471216,225.076342541187,201.188152668424,218.152869795782,191.651560138775,210.329482859802,260.207807183121,221.991717837675,224.226814797742,202.102983910621,219.044533138464,208.156946797907,201.020969864138,208.478639943632,201.858211449887,204.220188025167,206.631366982101,204.828126536455,208.714186292137,206.482172421057,184.306933722132,186.427383466307,193.545262752515,201.083849840746,202.297096137461,204.360374205729,197.613883615917,239.904065845312,220.153659924307,204.503636722684,192.986955511911,250.168237163049,201.135404836963,219.158993824594,211.900642817574,185.407178467137,184.566194694115,222.346622897392
184.818023657655,210.356164773488,187.947691553814,199.872193185609,185.563322121221,214.723042251505,233.638683176653,200.658654939814,226.99749148241,215.805571382859,191.780154790869,200.710733842665,207.799938091118,225.185537393156,193.734334707412,200.506296084816,179.861651681308,217.580801850992,221.991717837675,265.963107306422,230.035614784824,197.764176888519,227.420262899094,205.572318473404,201.550407486843,209.598556517656,205.984104259482,214.340052931197,198.03008829717,197.874241701432,201.27000537675,218.303765392134,169.718515708952,170.440151908751,185.117439906111,201.560849760803,192.769010276718,198.016785094353,187.019764116565,229.453020425788,223.283895206429,218.995963839325,188.597879398688,234.800516459401,204.439389387123,237.620476196328,208.928693349622,191.386813483221,190.619121904269,236.163434767305,184.818023657655,210.356164773488,187.947691553814,199.872193185609,185.563322121221,214.723042251505,233.638683176653,200.658654939814,226.99749148241,215.805571382859,191.780154790869,200.710733842665,207.799938091118,225.185537393156,193.734334707412,200.506296084816,179.861651681308,217.580801850992,221.991717837675,265.963107306422,230.035614784824,197.764176888519,227.420262899094,205.572318473404,201.550407486843,209.598556517656,205.984104259482,214.340052931197,198.03008829717,197.874241701432,201.27000537675,218.303765392134,169.718515708952,170.440151908751,185.117439906111,201.560849760803,192.769010276718,198.016785094353,187.019764116565,229.453020425788,223.283895206429,218.995963839325,188.597879398688,234.800516459401,204.439389387123,237.620476196328,208.928693349622,191.386813483221,190.619121904269,236.163434767305
196.253454775393,221.223904973365,203.915692315897,204.54837554843,201.596260299362,205.976496089695,224.006515286414,208.821547396568,233.597680449163,221.445447598665,205.786710310364,197.600018534892,197.076022163089,233.370193184457,188.498632134747,218.338719395495,203.503995740556,222.655166788047,224.226814797742,230.035614784824,278.764869210187,209.230329887356,229.476447688689,211.643244506433,204.712905656974,213.640370861292,201.602257094076,222.215175085622,206.946556344565,200.372178814245,206.436680911412,218.726114858107,185.494083421066,190.252113943276,182.453788730738,207.250906379918,192.807759761951,208.770628859623,212.64640042918,247.508415557366,225.592940109852,209.716635517868,214.822578500814,241.669450685276,218.513347382429,231.823594413324,212.907372612216,193.031628122978,202.385395229321,230.509924891363,196.253454775393,221.223904973365,203.915692315897,204.54837554843,201.596260299362,205.976496089695,224.006515286414,208.821547396568,233.597680449163,221.445447598665,205.786710310364,197.600018534892,197.076022163089,233.370193184457,188.498632134747,218.338719395495,203.503995740556,222.655166788047,224.226814797742,230.035614784824,278.764869210187,209.230329887356,229.476447688689,211.643244506433,204.712905656974,213.640370861292,201.602257094076,222.215175085622,206.946556344565,200.372178814245,206.436680911412,218.726114858107,185.494083421066,190.252113943276,182.453788730738,207.250906379918,192.807759761951,208.770628859623,212.64640042918,247.508415557366,225.592940109852,209.716635517868,214.822578500814,241.669450685276,218.513347382429,231.823594413324,212.907372612216,193.031628122978,202.385395229321,230.509924891363
173.991796423053,201.037056355575,169.416416953515,170.993705007697,165.5444790587,196.26400678285,210.891221205173,190.031331244796,214.97983607597,194.366900137614,190.421230624901,182.436881725729,187.559755859263,206.868814866062,168.634166305809,189.625260523001,171.779394615627,191.091983634247,202.102983910621,197.764176888519,209.230329887356,218.714464630588,206.057985990301,188.272068854592,186.49901387071,179.810024812194,172.28990163378,188.473766252531,176.415102747553,169.856863361708,190.784001633038,189.584791784806,159.750798037756,168.828818176261,165.919380567284,186.471256184806,187.721281254973,177.44481683817,180.430883977513,210.771199348261,192.561203252387,192.802256186465,165.96227481672,212.377671544147,183.859896469025,207.702816969932,181.314941316964,179.442630504057,177.461500606581,205.739905479796,173.991796423053,201.037056355575,169.416416953515,170.993705007697,165.5444790587,196.26400678285,210.891221205173,190.031331244796,214.97983607597,194.366900137614,190.421230624901,182.436881725729,187.559755859263,206.868814866062,168.634166305809,189.625260523001,171.779394615627,191.091983634247,202.102983910621,197.764176888519,209.230329887356,218.714464630588,206.057985990301,188.272068854592,186.49901387071,179.810024812194,172.28990163378,188.473766252531,176.415102747553,169.856863361708,190.784001633038,189.584791784806,159.750798037756,168.828818176261,165.919380567284,186.471256184806,187.721281254973,177.44481683817,180.430883977513,210.771199348261,192.561203252387,192.802256186465,165.96227481672,212.377671544147,183.859896469025,207.702816969932,181.314941316964,179.442630504057,177.461500606581,205.739905479796
184.58949486442,207.377876501346,202.50128524293,182.671174586069,183.336535174085,202.844983285321,217.910768684461,208.11207339498,231.996550873549,211.10336542369,198.315284783073,201.575319784148,203.915024196713,223.47837180974,186.810545502511,217.570505686016,177.080608102222,205.59105243058,219.044533138464,227.420262899094,229.476447688689,206.057985990301,247.012163925387,209.804140560923,197.479017765383,206.92932695099,194.542231883592,208.016611615579,197.368725064749,195.452238212578,200.274596284422,213.199698914143,175.588292251429,182.784925341111,191.209307104412,197.506482220912,197.666132258205,197.384758820189,194.980324403019,232.961716452831,213.901208475091,222.742512386233,188.00688879166,238.498445954448,207.800289505127,222.992288259215,209.766748171462,194.442791996796,181.359254201827,221.823924849243,184.58949486442,207.377876501346,202.50128524293,182.671174586069,183.336535174085,202.844983285321,217.910768684461,208.11207339498,231.996550873549,211.10336542369,198.315284783073,201.575319784148,203.915024196713,223.47837180974,186.810545502511,217.570505686016,177.080608102222,205.59105243058,219.044533138464,227.420262899094,229.476447688689,206.057985990301,247.012163925387,209.804140560923,197.479017765383,206.92932695099,194.542231883592,208.016611615579,197.368725064749,195.452238212578,200.274596284422,213.199698914143,175.588292251429,182.784925341111,191.209307104412,197.506482220912,197.666132258205,197.384758820189,194.980324403019,232.961716452831,213.901208475091,222.742512386233,188.00688879166,238.498445954448,207.800289505127,222.992288259215,209.766748171462,194.442791996796,181.359254201827,221.823924849243
