297.562435096595,231.279613702974,190.576757694873,199.660167126985,187.028075900514,229.533997881705,239.736160878397,233.591491095546,195.186350084212,217.298520468997,192.933453765841,210.492976640601,218.229178115016,194.074737507553,223.116208938685,221.157306152278,209.369485886346,212.922781530213,217.94826470503,195.278817236603,214.243284009164,268.198706798893,208.56204577783,197.221438847308,224.203148985802,207.537547845468,214.847964296502,207.05025353414,186.767095120648,226.241702093245,240.197330811029,199.000258673423,211.862614104327,212.556303511209,199.004152916368,215.071214176802,221.808378202816,204.492554438179,219.982566225777,237.44872002847,227.844243215058,196.441655681352,206.857477026057,188.557046325262,204.621133092477,195.615245967712,228.948636246262,177.570612725093,209.017882502764,197.786158183215,297.562435096595,231.279613702974,190.576757694873,199.660167126985,187.028075900514,229.533997881705,239.736160878397,233.591491095546,195.186350084212,217.298520468997,192.933453765841,210.492976640601,218.229178115016,194.074737507553,223.116208938685,221.157306152278,209.369485886346,212.922781530213,217.94826470503,195.278817236603,214.243284009164,268.198706798893,208.56204577783,197.221438847308,224.203148985802,207.537547845468,214.847964296502,207.05025353414,186.767095120648,226.241702093245,240.197330811029,199.000258673423,211.862614104327,212.556303511209,199.004152916368,215.071214176802,221.808378202816,204.492554438179,219.982566225777,237.44872002847,227.844243215058,196.441655681352,206.857477026057,188.557046325262,204.621133092477,195.615245967712,228.948636246262,177.570612725093,209.017882502764,197.786158183215
231.279612040634,264.264769313331,195.877912500604,204.78403863185,185.591511807644,235.78895618453,229.202087757364,247.582273548437,196.083523472198,216.437654811081,200.4101748458,217.813061505145,199.649191905405,198.0757557302,218.124641339051,216.873357091496,186.174191408509,217.576176826422,205.917260808081,202.225433117839,211.953337161726,256.516274736525,215.578339690818,186.49534799721,225.607957727879,199.589320036876,223.585704360418,206.254655992637,198.015185626466,222.335217392546,239.147373085552,190.578100560325,218.060406084429,211.846539619254,199.191297964525,211.092592554558,224.20185581166,209.944815705939,223.994677146497,221.610113389515,227.9757059481,210.994054441612,208.404693523446,205.008235835311,214.298517287598,200.291595553553,231.959399762965,197.665412464699,211.938599105023,209.693365866145,231.279612040634,264.264769313331,195.877912500604,204.78403863185,185.591511807644,235.78895618453,229.202087757364,247.582273548437,196.083523472198,216.437654811081,200.4101748458,217.813061505145,199.649191905405,198.0757557302,218.124641339051,216.873357091496,186.174191408509,217.576176826422,205.917260808081,202.225433117839,211.953337161726,256.516274736525,215.578339690818,186.49534799721,225.607957727879,199.589320036876,223.585704360418,206.254655992637,198.015185626466,222.335217392546,239.147373085552,190.578100560325,218.060406084429,211.846539619254,199.191297964525,211.092592554558,224.20185581166,209.944815705939,223.994677146497,221.610113389515,227.9757059481,210.994054441612,208.404693523446,205.008235835311,214.298517287598,200.291595553553,231.959399762965,197.665412464699,211.938599105023,209.693365866145
190.576756032533,195.877912500604,214.319213455332,168.35561942097,156.960205368015,191.4413546593,177.96692754581,198.550095855517,182.156696801929,184.281559369152,169.589124739533,187.348499595588,184.804388866885,170.978931997185,186.252224802275,185.617924453094,164.763820007275,195.61247583231,170.945047008339,161.063137349511,181.878432586362,223.521776015775,177.251487752267,152.049483766626,183.708559942322,160.317078629815,186.215752646177,176.919279332095,152.351918885824,176.810026407859,193.796522127091,170.255383967612,182.158062383056,170.802264475367,169.598453323167,175.662137023394,182.962102459157,174.752497007778,188.383912745641,185.889297823624,204.403345165952,162.936735250563,170.618431846776,168.50248635363,188.298828125131,181.008848816359,201.29764192269,168.578455607788,169.438500261323,181.512494977895,190.576756032533,195.877912500604,214.319213455332,168.35561942097,156.960205368015,191.4413546593,177.96692754581,198.550095855517,182.156696801929,184.281559369152,169.589124739533,187.348499595588,184.804388866885,170.978931997185,186.252224802275,185.617924453094,164.763820007275,195.61247583231,170.945047008339,161.063137349511,181.878432586362,223.521776015775,177.251487752267,152.049483766626,183.708559942322,160.317078629815,186.215752646177,176.919279332095,152.351918885824,176.810026407859,193.796522127091,170.255383967612,182.158062383056,170.802264475367,169.598453323167,175.662137023394,182.962102459157,174.752497007778,188.383912745641,185.889297823624,204.403345165952,162.936735250563,170.618431846776,168.50248635363,188.298828125131,181.008848816359,201.29764192269,168.578455607788,169.438500261323,181.512494977895
199.660165464646,204.78403863185,168.35561942097,231.962505350824,175.429218603688,198.794625225109,198.59865515741,209.09415295236,177.704014898274,180.809090987591,179.316060466273,177.96451552092,182.223322517304,170.55688953578,197.684583817491,192.113119536703,171.83560105805,200.377724698705,187.899998651492,183.908548544824,186.9954912766,231.360849760542,189.535935468551,176.642171501399,203.745596522698,184.783541923074,185.914764687085,188.395016047614,178.276895343372,201.040011029133,219.159816383636,167.907075292324,198.712119971865,203.072970120168,187.515048466335,195.796189859499,189.254530277104,194.999422678247,205.188689053602,193.196724632749,200.912552984905,184.396150083501,194.106976468697,178.780697375392,183.412408584261,168.076044821195,201.972896674128,160.8901048701,192.049541840537,190.177784575573,199.660165464646,204.78403863185,168.35561942097,231.962505350824,175.429218603688,198.794625225109,198.59865515741,209.09415295236,177.704014898274,180.809090987591,179.316060466273,177.96451552092,182.223322517304,170.55688953578,197.684583817491,192.113119536703,171.83560105805,200.377724698705,187.899998651492,183.908548544824,186.9954912766,231.360849760542,189.535935468551,176.642171501399,203.745596522698,184.783541923074,185.914764687085,188.395016047614,178.276895343372,201.040011029133,219.159816383636,167.907075292324,198.712119971865,203.072970120168,187.515048466335,195.796189859499,189.254530277104,194.999422678247,205.188689053602,193.196724632749,200.912552984905,184.396150083501,194.106976468697,178.780697375392,183.412408584261,168.076044821195,201.972896674128,160.8901048701,192.049541840537,190.177784575573
187.028074238175,185.591511807644,156.960205368015,175.429218603688,221.134367069333,193.159270421284,197.375591814092,220.556889119832,185.353821144126,196.535104665023,174.882460469628,190.491273347759,199.935709043402,175.070940220392,197.290326553808,180.979502584293,174.834652459089,189.349593174971,182.623761222842,187.919730503227,172.20435188752,207.239699137945,186.892757075646,165.498986134308,195.777642414575,161.286350494003,180.075242445373,186.121860864275,174.205662269577,182.231338864995,194.219515514598,160.091179436805,189.879688243896,198.134683795803,173.130578643354,166.20312166817,193.30465672811,176.486452212588,191.489592811821,185.939182024172,188.838206864078,189.8393860168,190.160148339058,167.70896747174,188.121542326886,169.607227977812,195.937679948283,148.188109666958,196.510659724214,190.879910156286,187.028074238175,185.591511807644,156.960205368015,175.429218603688,221.134367069333,193.159270421284,197.375591814092,220.556889119832,185.353821144126,196.535104665023,174.882460469628,190.491273347759,199.935709043402,175.070940220392,197.290326553808,180.979502584293,174.834652459089,189.349593174971,182.623761222842,187.919730503227,172.20435188752,207.239699137945,186.892757075646,165.498986134308,195.777642414575,161.286350494003,180.075242445373,186.121860864275,174.205662269577,182.231338864995,194.219515514598,160.091179436805,189.879688243896,198.134683795803,173.130578643354,166.20312166817,193.30465672811,176.486452212588,191.489592811821,185.939182024172,188.838206864078,189.8393860168,190.160148339058,167.70896747174,188.121542326886,169.607227977812,195.937679948283,148.188109666958,196.510659724214,190.879910156286
229.533996219365,235.78895618453,191.4413546593,198.794625225109,193.159270421284,270.499163456348,231.399731467861,246.063762898725,202.947597913082,212.245605673411,196.86607699484,222.772703311903,213.42204558518,195.156931582028,217.721854769962,216.963644890953,185.608727919548,217.39341330692,208.447317853436,212.994018139211,210.756752259326,263.73421240287,207.464567371977,187.326873761557,233.330987702047,189.894818894225,228.284804385382,226.575055852621,200.965726988179,220.648889130828,235.66675076055,183.601558014573,209.534575634084,219.860065093796,204.998626381575,208.746713239446,226.414083843834,208.527248722324,228.259980608463,214.903033322684,225.007310676409,230.416196135477,210.790077547893,195.546745805879,205.66808109592,184.58193862191,239.680087757203,193.40968436948,215.730864479601,216.271982080396,229.533996219365,235.78895618453,191.4413546593,198.794625225109,193.159270421284,270.499163456348,231.399731467861,246.063762898725,202.947597913082,212.245605673411,196.86607699484,222.772703311903,213.42204558518,195.156931582028,217.721854769962,216.963644890953,185.608727919548,217.39341330692,208.447317853436,212.994018139211,210.756752259326,263.73421240287,207.464567371977,187.326873761557,233.330987702047,189.894818894225,228.284804385382,226.575055852621,200.965726988179,220.648889130828,235.66675076055,183.601558014573,209.534575634084,219.860065093796,204.998626381575,208.746713239446,226.414083843834,208.527248722324,228.259980608463,214.903033322684,225.007310676409,230.416196135477,210.790077547893,195.546745805879,205.66808109592,184.58193862191,239.680087757203,193.40968436948,215.730864479601,216.271982080396
239.736159216058,229.202087757364,177.96692754581,198.59865515741,197.375591814092,231.399731467861,284.618581519452,237.835870329012,208.418362679869,212.888602801295,194.215123550151,207.661164183415,211.639762441346,193.593977263941,216.127924951898,222.476727245907,199.354646194801,217.555774272217,217.233240913564,194.065812270767,223.747340603584,250.647564914501,212.824762713778,186.108457366489,229.14353018809,200.904045863854,214.252459330278,220.173519995723,189.295832194057,224.465311281639,229.516415837153,187.778568499012,206.682392694283,220.692456350054,194.272287080998,206.144080144078,214.644036626015,197.232246068137,204.264514453059,227.843435194176,211.739771324676,212.577300608769,210.255262614053,195.367290444623,209.907525268021,182.451895717738,227.293753453582,182.666630018394,197.93257417276,221.269860372853,239.736159216058,229.202087757364,177.96692754581,198.59865515741,197.375591814092,231.399731467861,284.618581519452,237.835870329012,208.418362679869,212.888602801295,194.215123550151,207.661164183415,211.639762441346,193.593977263941,216.127924951898,222.476727245907,199.354646194801,217.555774272217,217.233240913564,194.065812270767,223.747340603584,250.647564914501,212.824762713778,186.108457366489,229.14353018809,200.904045863854,214.252459330278,220.173519995723,189.295832194057,224.465311281639,229.516415837153,187.778568499012,206.682392694283,220.692456350054,194.272287080998,206.144080144078,214.644036626015,197.232246068137,204.264514453059,227.843435194176,211.739771324676,212.577300608769,210.255262614053,195.367290444623,209.907525268021,182.451895717738,227.293753453582,182.666630018394,197.93257417276,221.269860372853
233.591489433206,247.582273548437,198.550095855517,209.09415295236,220.556889119832,246.063762898725,237.835870329012,297.877175380783,216.678599990095,232.205312057293,208.469376104888,235.697509720277,219.922446148044,197.167193261058,221.931518422951,227.100482418259,208.452284966134,230.997774627254,220.922427070878,220.860194138151,218.655368029542,264.072193929602,216.409410814327,204.715551460159,234.234467424001,208.202769908982,231.63999531899,232.778321819571,218.681258951351,230.587206951838,238.341224215204,198.38617211092,226.458660951815,232.850262357798,207.01672100478,214.347420442996,230.786242368245,225.790895452467,234.009536136132,235.442266696073,238.928826408332,223.448402789839,224.793993704663,208.469724918977,224.539124975179,208.728364625603,252.539547540087,196.723827503663,229.812783828416,219.670005329554,233.591489433206,247.582273548437,198.550095855517,209.09415295236,220.556889119832,246.063762898725,237.835870329012,297.877175380783,216.678599990095,232.205312057293,208.469376104888,235.697509720277,219.922446148044,197.167193261058,221.931518422951,227.100482418259,208.452284966134,230.997774627254,220.922427070878,220.860194138151,218.655368029542,264.072193929602,216.409410814327,204.715551460159,234.234467424001,208.202769908982,231.63999531899,232.778321819571,218.681258951351,230.587206951838,238.341224215204,198.38617211092,226.458660951815,232.850262357798,207.01672100478,214.347420442996,230.786242368245,225.790895452467,234.009536136132,235.442266696073,238.928826408332,223.448402789839,224.793993704663,208.469724918977,224.539124975179,208.728364625603,252.539547540087,196.723827503663,229.812783828416,219.670005329554
195.186348421873,196.083523472198,182.156696801929,177.704014898274,185.353821144126,202.947597913082,208.418362679869,216.678599990095,231.819442413073,205.4746810456,184.185885298391,193.49042763935,191.538161192007,180.19625408554,192.828040746384,194.986718334975,173.49593775752,189.753792200068,176.428346544067,180.003618461293,190.025240957569,233.026692120389,187.437721255737,176.63579672436,204.866866895848,172.388627265947,191.947679034559,198.546365335431,179.722984911692,188.380237744439,203.787639471454,181.160199258475,187.880738690891,183.701567405206,181.764853017467,183.423173502492,190.550258326416,194.977174433665,213.419915420239,201.711725397446,198.046364962353,191.967075588962,193.583231413866,170.576435272231,194.031777084381,179.270777835623,214.360556916662,175.152513389051,192.730757708558,199.909598806256,195.186348421873,196.083523472198,182.156696801929,177.704014898274,185.353821144126,202.947597913082,208.418362679869,216.678599990095,231.819442413073,205.4746810456,184.185885298391,193.49042763935,191.538161192007,180.19625408554,192.828040746384,194.986718334975,173.49593775752,189.753792200068,176.428346544067,180.003618461293,190.025240957569,233.026692120389,187.437721255737,176.63579672436,204.866866895848,172.388627265947,191.947679034559,198.546365335431,179.722984911692,188.380237744439,203.787639471454,181.160199258475,187.880738690891,183.701567405206,181.764853017467,183.423173502492,190.550258326416,194.977174433665,213.419915420239,201.711725397446,198.046364962353,191.967075588962,193.583231413866,170.576435272231,194.031777084381,179.270777835623,214.360556916662,175.152513389051,192.730757708558,199.909598806256
217.298518806658,216.437654811081,184.281559369152,180.809090987591,196.535104665023,212.245605673411,212.888602801295,232.205312057293,205.4746810456,242.055214258992,185.498985243793,209.967758996781,200.854531230962,188.110005163141,211.716447852524,204.926117654121,194.632572507286,200.089617110602,192.876105624124,192.090182297129,201.95229068947,243.711970469078,202.270798787148,177.963039640146,218.638888034297,175.658316951278,199.693505740193,202.754838370238,188.841789498971,203.239520163426,203.200000957546,181.85820617784,203.208017813582,194.997111182827,191.93735770005,193.961430072295,207.686168279199,201.106178393644,219.183898279361,218.803470696132,205.743750323843,198.18238556063,200.373661898286,185.182584483964,206.346231728824,188.228465248663,220.42170421881,181.984090227238,205.622589753254,203.551779133401,217.298518806658,216.437654811081,184.281559369152,180.809090987591,196.535104665023,212.245605673411,212.888602801295,232.205312057293,205.4746810456,242.055214258992,185.498985243793,209.967758996781,200.854531230962,188.110005163141,211.716447852524,204.926117654121,194.632572507286,200.089617110602,192.876105624124,192.090182297129,201.95229068947,243.711970469078,202.270798787148,177.963039640146,218.638888034297,175.658316951278,199.693505740193,202.754838370238,188.841789498971,203.239520163426,203.200000957546,181.85820617784,203.208017813582,194.997111182827,191.93735770005,193.961430072295,207.686168279199,201.106178393644,219.183898279361,218.803470696132,205.743750323843,198.18238556063,200.373661898286,185.182584483964,206.346231728824,188.228465248663,220.42170421881,181.984090227238,205.622589753254,203.551779133401
192.933452103502,200.4101748458,169.589124739533,179.316060466273,174.882460469628,196.86607699484,194.215123550151,208.469376104888,184.185885298391,185.498985243793,204.123998574854,184.170546100213,178.548179566694,167.979480624283,191.72601368124,191.604275195106,157.214289480929,188.837928805652,172.78883572274,168.187775778012,169.808511465618,208.844314487321,187.63375273226,164.036709762064,201.625170889737,163.058189549079,182.568914208703,179.801225631809,179.835409740798,183.828335379741,201.132391885609,156.141356653137,174.343323232255,186.815429190097,163.171158811819,175.953872023812,186.720651980659,176.90569184765,199.123692022083,182.534202990652,186.691335808112,177.881243692675,184.38652966571,169.121369786164,180.859469015562,164.354009193201,207.919631430291,165.102523512988,179.321796618577,189.91585546787,192.933452103502,200.4101748458,169.589124739533,179.316060466273,174.882460469628,196.86607699484,194.215123550151,208.469376104888,184.185885298391,185.498985243793,204.123998574854,184.170546100213,178.548179566694,167.979480624283,191.72601368124,191.604275195106,157.214289480929,188.837928805652,172.78883572274,168.187775778012,169.808511465618,208.844314487321,187.63375273226,164.036709762064,201.625170889737,163.058189549079,182.568914208703,179.801225631809,179.835409740798,183.828335379741,201.132391885609,156.141356653137,174.343323232255,186.815429190097,163.171158811819,175.953872023812,186.720651980659,176.90569184765,199.123692022083,182.534202990652,186.691335808112,177.881243692675,184.38652966571,169.121369786164,180.859469015562,164.354009193201,207.919631430291,165.102523512988,179.321796618577,189.91585546787
210.492974978262,217.813061505145,187.348499595588,177.96451552092,190.491273347759,222.772703311903,207.661164183415,235.697509720277,193.49042763935,209.967758996781,184.170546100213,249.514682459662,198.796802523074,188.650972452951,210.806921477465,189.676525672518,183.156571535014,200.544077840857,206.586450255433,198.463956709814,203.176685425535,243.390229416802,197.808573903774,177.006102588553,215.162875965739,183.987305421485,203.155552552203,203.314027276612,187.607319416872,197.594322361893,201.748172914893,192.412963177813,206.260473254015,205.194317919266,193.069833887327,192.653020693863,204.065415963825,193.622030108566,209.498924941292,201.244988091326,216.535982427312,212.946691868978,199.882980963254,181.832094409332,205.288403049738,185.343382601769,223.385852659572,182.239497843212,197.099443715613,203.955969403078,210.492974978262,217.813061505145,187.348499595588,177.96451552092,190.491273347759,222.772703311903,207.661164183415,235.697509720277,193.49042763935,209.967758996781,184.170546100213,249.514682459662,198.796802523074,188.650972452951,210.806921477465,189.676525672518,183.156571535014,200.544077840857,206.586450255433,198.463956709814,203.176685425535,243.390229416802,197.808573903774,177.006102588553,215.162875965739,183.987305421485,203.155552552203,203.314027276612,187.607319416872,197.594322361893,201.748172914893,192.412963177813,206.260473254015,205.194317919266,193.069833887327,192.653020693863,204.065415963825,193.622030108566,209.498924941292,201.244988091326,216.535982427312,212.946691868978,199.882980963254,181.832094409332,205.288403049738,185.343382601769,223.385852659572,182.239497843212,197.099443715613,203.955969403078
218.229176452677,199.649191905405,184.804388866885,182.223322517304,199.935709043402,213.42204558518,211.639762441346,219.922446148044,191.538161192007,200.854531230962,178.548179566694,198.796802523074,256.600198390034,183.250837490836,212.119003866691,191.740383279022,171.949379480955,212.166884904834,201.569628521632,180.411868170459,197.804241186089,241.406702654601,196.701027905717,171.127834864284,207.043302402071,179.307531875474,193.910536094869,197.326864602555,162.990641358494,191.966571665572,198.810577122821,187.601931772408,210.111875617189,191.674680631178,184.455712173139,184.592617649466,214.92454420649,186.521282824315,191.615853490527,199.180466729619,210.336726945144,198.160616833823,202.32658056135,182.673425621955,185.609054863761,177.062768452012,210.405995385867,170.432102656747,189.54624332651,198.699115597053,218.229176452677,199.649191905405,184.804388866885,182.223322517304,199.935709043402,213.42204558518,211.639762441346,219.922446148044,191.538161192007,200.854531230962,178.548179566694,198.796802523074,256.600198390034,183.250837490836,212.119003866691,191.740383279022,171.949379480955,212.166884904834,201.569628521632,180.411868170459,197.804241186089,241.406702654601,196.701027905717,171.127834864284,207.043302402071,179.307531875474,193.910536094869,197.326864602555,162.990641358494,191.966571665572,198.810577122821,187.601931772408,210.111875617189,191.674680631178,184.455712173139,184.592617649466,214.92454420649,186.521282824315,191.615853490527,199.180466729619,210.336726945144,198.160616833823,202.32658056135,182.673425621955,185.609054863761,177.062768452012,210.405995385867,170.432102656747,189.54624332651,198.699115597053
194.074735845214,198.0757557302,170.978931997185,170.55688953578,175.070940220392,195.156931582028,193.593977263941,197.167193261058,180.19625408554,188.110005163141,167.979480624283,188.650972452951,183.250837490836,212.894917133954,189.813932065466,187.396463972443,161.849497993486,189.194729043838,173.736005057969,175.151739398274,174.015296689767,217.90775643526,178.387795052526,145.761012710154,181.041375005061,179.217807839675,178.176270474698,177.174336282825,173.229757047205,184.627220553513,192.942870369032,161.25253531368,192.509834622327,171.704060457806,162.907876074555,168.963411826363,180.527156400713,164.484583653212,188.600332420801,189.268767608144,187.660820725107,184.106971724257,183.439236397209,164.741154471502,182.96714431764,169.242751759269,195.329597398049,169.280700310523,165.688144560301,178.960922793809,194.074735845214,198.0757557302,170.978931997185,170.55688953578,175.070940220392,195.156931582028,193.593977263941,197.167193261058,180.19625408554,188.110005163141,167.979480624283,188.650972452951,183.250837490836,212.894917133954,189.813932065466,187.396463972443,161.849497993486,189.194729043838,173.736005057969,175.151739398274,174.015296689767,217.90775643526,178.387795052526,145.761012710154,181.041375005061,179.217807839675,178.176270474698,177.174336282825,173.229757047205,184.627220553513,192.942870369032,161.25253531368,192.509834622327,171.704060457806,162.907876074555,168.963411826363,180.527156400713,164.484583653212,188.600332420801,189.268767608144,187.660820725107,184.106971724257,183.439236397209,164.741154471502,182.96714431764,169.242751759269,195.329597398049,169.280700310523,165.688144560301,178.960922793809
223.116207276346,218.124641339051,186.252224802275,197.684583817491,197.290326553808,217.721854769962,216.127924951898,221.931518422951,192.828040746384,211.716447852524,191.72601368124,210.806921477465,212.119003866691,189.813932065466,245.485847182975,201.489181319441,187.161840047849,208.071576713687,198.393471395446,195.015919315485,203.681472831828,248.786206673357,202.190207640686,174.131497383601,206.51813536651,194.008905537422,209.981847595114,195.656944055512,183.172647061681,209.410115315316,220.165159541793,199.800894489779,205.984410067363,207.186773896598,198.689513166764,191.487741355164,213.353995556611,195.755740131576,214.666564116581,208.544705702897,216.745560101296,197.317205613873,197.703027365202,189.544511249648,202.167144617454,190.528870128558,222.949673414684,180.131726744691,199.945120179761,206.744785866058,223.116207276346,218.124641339051,186.252224802275,197.684583817491,197.290326553808,217.721854769962,216.127924951898,221.931518422951,192.828040746384,211.716447852524,191.72601368124,210.806921477465,212.119003866691,189.813932065466,245.485847182975,201.489181319441,187.161840047849,208.071576713687,198.393471395446,195.015919315485,203.681472831828,248.786206673357,202.190207640686,174.131497383601,206.51813536651,194.008905537422,209.981847595114,195.656944055512,183.172647061681,209.410115315316,220.165159541793,199.800894489779,205.984410067363,207.186773896598,198.689513166764,191.487741355164,213.353995556611,195.755740131576,214.666564116581,208.544705702897,216.745560101296,197.317205613873,197.703027365202,189.544511249648,202.167144617454,190.528870128558,222.949673414684,180.131726744691,199.945120179761,206.744785866058
221.157304489939,216.873357091496,185.617924453094,192.113119536703,180.979502584293,216.963644890953,222.476727245907,227.100482418259,194.986718334975,204.926117654121,191.604275195106,189.676525672518,191.740383279022,187.396463972443,201.489181319441,246.749217557481,191.236493166327,197.734015317575,182.700481327371,192.989985699452,190.933134141219,235.041464380039,195.608361262555,173.726993274132,220.754424776245,191.967633440723,204.506159950241,209.611255177114,187.654437454483,195.46265285789,210.192240894732,174.834351172899,195.892303460623,199.35607705934,186.154972819354,181.484236099597,195.595252809761,192.552541932814,205.636867564004,198.337628910576,201.279288507081,191.318226940064,197.489254063435,173.160452943899,193.719265732826,182.184205391508,225.708444298152,174.549769120932,191.280198147475,201.432220524506,221.157304489939,216.873357091496,185.617924453094,192.113119536703,180.979502584293,216.963644890953,222.476727245907,227.100482418259,194.986718334975,204.926117654121,191.604275195106,189.676525672518,191.740383279022,187.396463972443,201.489181319441,246.749217557481,191.236493166327,197.734015317575,182.700481327371,192.989985699452,190.933134141219,235.041464380039,195.608361262555,173.726993274132,220.754424776245,191.967633440723,204.506159950241,209.611255177114,187.654437454483,195.46265285789,210.192240894732,174.834351172899,195.892303460623,199.35607705934,186.154972819354,181.484236099597,195.595252809761,192.552541932814,205.636867564004,198.337628910576,201.279288507081,191.318226940064,197.489254063435,173.160452943899,193.719265732826,182.184205391508,225.708444298152,174.549769120932,191.280198147475,201.432220524506
209.369484224007,186.174191408509,164.763820007275,171.83560105805,174.834652459089,185.608727919548,199.354646194801,208.452284966134,173.49593775752,194.632572507286,157.214289480929,183.156571535014,171.949379480955,161.849497993486,187.161840047849,191.236493166327,213.397342180376,167.326852858261,176.602593755924,182.061529243239,186.517987505252,210.326406153152,174.184290909019,169.782420498124,190.811043030955,164.82173469551,185.106743816139,179.466081106459,162.431545109298,181.23723092283,195.048883504811,168.152783704245,179.166973243398,177.659454480827,170.911864658017,160.956511559416,175.964138786931,174.843204480083,187.879590352411,193.278164310723,178.763527617515,169.675456915833,175.505242385019,156.566794999468,178.393066429226,171.770186039391,189.728699432398,148.35016868016,178.333143784995,180.445139661832,209.369484224007,186.174191408509,164.763820007275,171.83560105805,174.834652459089,185.608727919548,199.354646194801,208.452284966134,173.49593775752,194.632572507286,157.214289480929,183.156571535014,171.949379480955,161.849497993486,187.161840047849,191.236493166327,213.397342180376,167.326852858261,176.602593755924,182.061529243239,186.517987505252,210.326406153152,174.184290909019,169.782420498124,190.811043030955,164.82173469551,185.106743816139,179.466081106459,162.431545109298,181.23723092283,195.048883504811,168.152783704245,179.166973243398,177.659454480827,170.911864658017,160.956511559416,175.964138786931,174.843204480083,187.879590352411,193.278164310723,178.763527617515,169.675456915833,175.505242385019,156.566794999468,178.393066429226,171.770186039391,189.728699432398,148.35016868016,178.333143784995,180.445139661832
212.922779867874,217.576176826422,195.61247583231,200.377724698705,189.349593174971,217.39341330692,217.555774272217,230.997774627254,189.753792200068,200.089617110602,188.837928805652,200.544077840857,212.166884904834,189.194729043838,208.071576713687,197.734015317575,167.326852858261,252.869025427742,207.702900847092,190.257829350517,196.858529210903,235.854027576411,209.751053238977,177.51086665329,207.321782548531,192.347570212893,204.583215480744,201.820200481012,176.912183953818,213.741634169006,217.968209016452,187.994961829511,205.61175746665,209.58190979042,194.603308694192,198.095671862542,224.791705780137,199.11602603782,209.423707904018,201.579674942175,212.759606396875,205.366807406339,196.748694994566,190.836599738515,189.14901982883,186.889396361364,216.831189847484,188.876747715455,189.200125755607,198.742396684496,212.922779867874,217.576176826422,195.61247583231,200.377724698705,189.349593174971,217.39341330692,217.555774272217,230.997774627254,189.753792200068,200.089617110602,188.837928805652,200.544077840857,212.166884904834,189.194729043838,208.071576713687,197.734015317575,167.326852858261,252.869025427742,207.702900847092,190.257829350517,196.858529210903,235.854027576411,209.751053238977,177.51086665329,207.321782548531,192.347570212893,204.583215480744,201.820200481012,176.912183953818,213.741634169006,217.968209016452,187.994961829511,205.61175746665,209.58190979042,194.603308694192,198.095671862542,224.791705780137,199.11602603782,209.423707904018,201.579674942175,212.759606396875,205.366807406339,196.748694994566,190.836599738515,189.14901982883,186.889396361364,216.831189847484,188.876747715455,189.200125755607,198.742396684496
217.948263042691,205.917260808081,170.945047008339,187.899998651492,182.623761222842,208.447317853436,217.233240913564,220.922427070878,176.428346544067,192.876105624124,172.78883572274,206.586450255433,201.569628521632,173.736005057969,198.393471395446,182.700481327371,176.602593755924,207.702900847092,234.791232375283,187.227961519823,197.206193580162,225.475770036505,189.451614750455,177.547116723151,207.665835023524,188.510762005954,203.20228121207,210.370784460766,170.008698181626,191.216531540709,214.143848440785,184.759643989042,195.055276335727,205.39317098231,182.041427086829,186.002883718952,206.88839747156,189.046657515619,196.482961155304,195.06078076032,205.23418003485,194.756553652372,200.622645106354,179.510597576436,192.206943253752,172.178980077114,201.827269468421,176.738792074289,185.116300722437,190.841204544725,217.948263042691,205.917260808081,170.945047008339,187.899998651492,182.623761222842,208.447317853436,217.233240913564,220.922427070878,176.428346544067,192.876105624124,172.78883572274,206.586450255433,201.569628521632,173.736005057969,198.393471395446,182.700481327371,176.602593755924,207.702900847092,234.791232375283,187.227961519823,197.206193580162,225.475770036505,189.451614750455,177.547116723151,207.665835023524,188.510762005954,203.20228121207,210.370784460766,170.008698181626,191.216531540709,214.143848440785,184.759643989042,195.055276335727,205.39317098231,182.041427086829,186.002883718952,206.88839747156,189.046657515619,196.482961155304,195.06078076032,205.23418003485,194.756553652372,200.622645106354,179.510597576436,192.206943253752,172.178980077114,201.827269468421,176.738792074289,185.116300722437,190.841204544725
195.278815574263,202.225433117839,161.063137349511,183.908548544824,187.919730503227,212.994018139211,194.065812270767,220.860194138151,180.003618461293,192.090182297129,168.187775778012,198.463956709814,180.411868170459,175.151739398274,195.015919315485,192.989985699452,182.061529243239,190.257829350517,187.227961519823,219.934924988773,182.086073893919,222.302551948526,194.610574378827,176.750283979995,203.584241148875,179.935722447512,193.687038019716,198.225677684483,184.452170364252,184.943864173142,206.026096948988,171.818561547251,182.629139567397,199.3478198571,182.377072027191,167.749876883405,188.569228510473,193.178770649244,208.092285792164,188.802410043926,193.161193619508,203.932122849758,183.254457416749,161.126029201894,181.303678798075,169.465696810021,193.748560960656,166.90804346158,194.754090382204,199.041226939788,195.278815574263,202.225433117839,161.063137349511,183.908548544824,187.919730503227,212.994018139211,194.065812270767,220.860194138151,180.003618461293,192.090182297129,168.187775778012,198.463956709814,180.411868170459,175.151739398274,195.015919315485,192.989985699452,182.061529243239,190.257829350517,187.227961519823,219.934924988773,182.086073893919,222.302551948526,194.610574378827,176.750283979995,203.584241148875,179.935722447512,193.687038019716,198.225677684483,184.452170364252,184.943864173142,206.026096948988,171.818561547251,182.629139567397,199.3478198571,182.377072027191,167.749876883405,188.569228510473,193.178770649244,208.092285792164,188.802410043926,193.161193619508,203.932122849758,183.254457416749,161.126029201894,181.303678798075,169.465696810021,193.748560960656,166.90804346158,194.754090382204,199.041226939788
214.243282346825,211.953337161726,181.878432586362,186.9954912766,172.20435188752,210.756752259326,223.747340603584,218.655368029542,190.025240957569,201.95229068947,169.808511465618,203.176685425535,197.804241186089,174.015296689767,203.681472831828,190.933134141219,186.517987505252,196.858529210903,197.206193580162,182.086073893919,228.966286754073,243.596133372954,195.303087295057,177.729898887153,193.455522522631,185.634999054234,195.667457166922,196.844559191733,174.602067045042,197.066767696732,216.477691936582,190.663647255593,200.893648938093,190.857595766871,190.876881112052,195.051590913034,195.766319606423,200.495384343016,205.261831400591,201.679567349063,208.902806835344,186.396343665416,191.20635133624,185.456004732022,197.190898832589,174.995576631986,210.941439736154,175.136511431294,187.439082705792,204.777139699709,214.243282346825,211.953337161726,181.878432586362,186.9954912766,172.20435188752,210.756752259326,223.747340603584,218.655368029542,190.025240957569,201.95229068947,169.808511465618,203.176685425535,197.804241186089,174.015296689767,203.681472831828,190.933134141219,186.517987505252,196.858529210903,197.206193580162,182.086073893919,228.966286754073,243.596133372954,195.303087295057,177.729898887153,193.455522522631,185.634999054234,195.667457166922,196.844559191733,174.602067045042,197.066767696732,216.477691936582,190.663647255593,200.893648938093,190.857595766871,190.876881112052,195.051590913034,195.766319606423,200.495384343016,205.261831400591,201.679567349063,208.902806835344,186.396343665416,191.20635133624,185.456004732022,197.190898832589,174.995576631986,210.941439736154,175.136511431294,187.439082705792,204.777139699709
268.198705136554,256.516274736525,223.521776015775,231.360849760542,207.239699137945,263.73421240287,250.647564914501,264.072193929602,233.026692120389,243.711970469078,208.844314487321,243.390229416802,241.406702654601,217.90775643526,248.786206673357,235.041464380039,210.326406153152,235.854027576411,225.475770036505,222.302551948526,243.596133372954,331.382645777199,232.531356816937,200.341457577143,245.243922880888,221.956410286207,239.254249403485,229.198368308977,204.123567236728,241.422988577106,259.501665159752,224.093324386238,245.368683824538,243.702247398433,225.97747055661,241.887610116859,229.054321170285,231.374255895543,246.27241985702,243.853127661959,260.87610629686,235.843736327504,240.044495692953,215.284352856123,235.338498835657,215.840298622992,256.842616752874,205.909438490617,237.699149034827,229.228668372688,268.198705136554,256.516274736525,223.521776015775,231.360849760542,207.239699137945,263.73421240287,250.647564914501,264.072193929602,233.026692120389,243.711970469078,208.844314487321,243.390229416802,241.406702654601,217.90775643526,248.786206673357,235.041464380039,210.326406153152,235.854027576411,225.475770036505,222.302551948526,243.596133372954,331.382645777199,232.531356816937,200.341457577143,245.243922880888,221.956410286207,239.254249403485,229.198368308977,204.123567236728,241.422988577106,259.501665159752,224.093324386238,245.368683824538,243.702247398433,225.97747055661,241.887610116859,229.054321170285,231.374255895543,246.27241985702,243.853127661959,260.87610629686,235.843736327504,240.044495692953,215.284352856123,235.338498835657,215.840298622992,256.842616752874,205.909438490617,237.699149034827,229.228668372688
208.56204411549,215.578339690818,177.251487752267,189.535935468551,186.892757075646,207.464567371977,212.824762713778,216.409410814327,187.437721255737,202.270798787148,187.63375273226,197.808573903774,196.701027905717,178.387795052526,202.190207640686,195.608361262555,174.184290909019,209.751053238977,189.451614750455,194.610574378827,195.303087295057,232.531356816937,235.675814045155,181.682221751597,207.588177357895,179.596431427672,198.181787485214,188.518093988111,169.507137869262,203.642630333717,209.041018283619,177.560807816349,183.139442935019,198.335596340041,178.353989564825,182.356253072631,207.73553829526,190.466708805504,204.913265115754,197.521640624333,209.526764789643,194.642612522588,186.981962291679,181.360777065686,185.006525918433,178.89535540444,206.988102915506,181.890589417261,194.415206784899,202.162436165632,208.56204411549,215.578339690818,177.251487752267,189.535935468551,186.892757075646,207.464567371977,212.824762713778,216.409410814327,187.437721255737,202.270798787148,187.63375273226,197.808573903774,196.701027905717,178.387795052526,202.190207640686,195.608361262555,174.184290909019,209.751053238977,189.451614750455,194.610574378827,195.303087295057,232.531356816937,235.675814045155,181.682221751597,207.588177357895,179.596431427672,198.181787485214,188.518093988111,169.507137869262,203.642630333717,209.041018283619,177.560807816349,183.139442935019,198.335596340041,178.353989564825,182.356253072631,207.73553829526,190.466708805504,204.913265115754,197.521640624333,209.526764789643,194.642612522588,186.981962291679,181.360777065686,185.006525918433,178.89535540444,206.988102915506,181.890589417261,194.415206784899,202.162436165632
