216.378108661161,181.950277185804,209.159600263483,200.731765638118,173.133626713495,169.176841667247,180.771540181045,186.801843979607,204.394088039153,169.249155254838,152.825273826692,179.410674151574,181.718605659901,188.942307648625,186.392958491824,157.694390436376,161.369094630639,181.38006796707,184.601456671403,188.930374864259,203.135622038465,180.909483077153,207.721459772228,183.304714542157,177.759054493956,187.094602562679,191.014097069896,191.081535759952,185.024177997629,214.917239584794,174.762985055018,195.570498245804,156.36018601645,164.636388378281,193.515912788611,199.736953956827,195.655347701156,194.102690141285,182.97968013419,179.653397656998,180.116048030049,182.910583868781,192.990181117888,198.251992787149,159.43532177417,175.210891357281,161.988865719394,198.678413775783,163.679053342394,187.932536733798,216.378108661161,181.950277185804,209.159600263483,200.731765638118,173.133626713495,169.176841667247,180.771540181045,186.801843979607,204.394088039153,169.249155254838,152.825273826692,179.410674151574,181.718605659901,188.942307648625,186.392958491824,157.694390436376,161.369094630639,181.38006796707,184.601456671403,188.930374864259,203.135622038465,180.909483077153,207.721459772228,183.304714542157,177.759054493956,187.094602562679,191.014097069896,191.081535759952,185.024177997629,214.917239584794,174.762985055018,195.570498245804,156.36018601645,164.636388378281,193.515912788611,199.736953956827,195.655347701156,194.102690141285,182.97968013419,179.653397656998,180.116048030049,182.910583868781,192.990181117888,198.251992787149,159.43532177417,175.210891357281,161.988865719394,198.678413775783,163.679053342394,187.932536733798
181.95027709861,243.856348513744,223.55757385104,206.466295263601,192.699969843088,194.411195483365,210.801478862532,212.151229977567,217.070636715816,191.737940315317,172.752788405797,206.009077701955,203.535219757112,186.92945639579,202.875070213084,168.039161583772,210.411707413246,196.693885382729,190.779565046817,203.126372957387,230.034177058315,194.360137978635,225.628635869921,190.265283023316,196.37472148076,204.501412817164,202.90014727745,204.517841452682,212.814525333696,216.966717257234,189.29507129426,217.742843921152,188.912987583619,204.44256363683,210.972469666582,218.743850255121,198.146266852351,205.153744567901,203.808081650395,197.795458079206,209.564093760525,193.756669503624,201.240589766923,210.264866510725,177.114653902215,184.963558685586,186.859224101647,224.802635041479,171.439914669867,190.171298823924,181.95027709861,243.856348513744,223.55757385104,206.466295263601,192.699969843088,194.411195483365,210.801478862532,212.151229977567,217.070636715816,191.737940315317,172.752788405797,206.009077701955,203.535219757112,186.92945639579,202.875070213084,168.039161583772,210.411707413246,196.693885382729,190.779565046817,203.126372957387,230.034177058315,194.360137978635,225.628635869921,190.265283023316,196.37472148076,204.501412817164,202.90014727745,204.517841452682,212.814525333696,216.966717257234,189.29507129426,217.742843921152,188.912987583619,204.44256363683,210.972469666582,218.743850255121,198.146266852351,205.153744567901,203.808081650395,197.795458079206,209.564093760525,193.756669503624,201.240589766923,210.264866510725,177.114653902215,184.963558685586,186.859224101647,224.802635041479,171.439914669867,190.171298823924
209.159600176288,223.55757385104,301.945062916985,210.149262179366,208.71442046367,205.683417447931,209.127223805539,231.311754006617,237.244199040628,203.251378788272,178.503162908227,207.327775110898,228.085854553798,211.456139607429,208.450039734918,172.668920403775,218.215198311544,218.495436962749,199.992500711086,206.685896188398,246.012030058836,205.549427189746,236.233930001644,198.833920196548,196.277257961148,224.50782113852,227.739279466669,227.762120678215,215.297413053519,245.506717031976,200.984912232201,234.061179452968,185.019323446404,216.956232994254,242.34007916524,216.471441973986,216.916303362473,215.955540272467,228.338525374833,240.409524059211,221.233450379645,212.906267692553,230.992111116822,222.293765292391,190.424733043836,191.609203236217,214.940138411915,242.898428874535,200.222097023062,209.857721292263,209.159600176288,223.55757385104,301.945062916985,210.149262179366,208.71442046367,205.683417447931,209.127223805539,231.311754006617,237.244199040628,203.251378788272,178.503162908227,207.327775110898,228.085854553798,211.456139607429,208.450039734918,172.668920403775,218.215198311544,218.495436962749,199.992500711086,206.685896188398,246.012030058836,205.549427189746,236.233930001644,198.833920196548,196.277257961148,224.50782113852,227.739279466669,227.762120678215,215.297413053519,245.506717031976,200.984912232201,234.061179452968,185.019323446404,216.956232994254,242.34007916524,216.471441973986,216.916303362473,215.955540272467,228.338525374833,240.409524059211,221.233450379645,212.906267692553,230.992111116822,222.293765292391,190.424733043836,191.609203236217,214.940138411915,242.898428874535,200.222097023062,209.857721292263
200.731765550924,206.466295263601,210.149262179366,231.627120046371,180.571198880065,175.482671920939,189.210532902369,203.460127652426,210.106407926908,181.95999093942,160.235172009622,184.505309980153,206.219296376007,189.333301684754,185.5052134031,176.493921671313,179.30126586724,187.898952341766,183.551513889743,206.655118161664,211.633372093267,182.766783195202,214.05802296778,187.160002039087,193.072040727039,182.604475602733,197.065680002883,196.01089524526,191.588776623101,225.17494194448,165.462374304916,205.30878403611,162.490446360516,182.942460732644,199.675412328396,207.181216524933,201.704819233236,200.872645352226,186.121983299926,180.036706010305,192.309031065406,184.463226371597,200.965540227956,205.540012812103,166.064584500615,178.33757505968,164.357568242488,192.83165780145,173.452774707337,186.502630174799,200.731765550924,206.466295263601,210.149262179366,231.627120046371,180.571198880065,175.482671920939,189.210532902369,203.460127652426,210.106407926908,181.95999093942,160.235172009622,184.505309980153,206.219296376007,189.333301684754,185.5052134031,176.493921671313,179.30126586724,187.898952341766,183.551513889743,206.655118161664,211.633372093267,182.766783195202,214.05802296778,187.160002039087,193.072040727039,182.604475602733,197.065680002883,196.01089524526,191.588776623101,225.17494194448,165.462374304916,205.30878403611,162.490446360516,182.942460732644,199.675412328396,207.181216524933,201.704819233236,200.872645352226,186.121983299926,180.036706010305,192.309031065406,184.463226371597,200.965540227956,205.540012812103,166.064584500615,178.33757505968,164.357568242488,192.83165780145,173.452774707337,186.502630174799
173.133626626301,192.699969843088,208.71442046367,180.571198880065,216.606937250304,172.774406773946,191.874560742896,186.700182654642,203.940277837472,179.715514775015,151.688234786697,182.308654184649,184.442017487965,172.917669544736,193.107669428002,151.328268510357,187.304087439459,192.999468100212,186.996759992814,182.438179007654,200.397010386281,174.935180866264,197.600389295205,182.02662858226,173.306940863735,179.621440229475,183.752069819467,196.056568120139,196.966529830962,199.844807277641,177.941837797955,192.74695688082,158.364215645336,181.370069879102,199.005739592772,204.171183642037,190.028017419471,192.761374422739,205.04561072207,191.288803115369,191.772427973425,188.091412083109,195.884110681522,205.098033798498,161.664599803881,175.48676876169,181.19176230347,199.32701770985,173.179965883747,188.860646659236,173.133626626301,192.699969843088,208.71442046367,180.571198880065,216.606937250304,172.774406773946,191.874560742896,186.700182654642,203.940277837472,179.715514775015,151.688234786697,182.308654184649,184.442017487965,172.917669544736,193.107669428002,151.328268510357,187.304087439459,192.999468100212,186.996759992814,182.438179007654,200.397010386281,174.935180866264,197.600389295205,182.02662858226,173.306940863735,179.621440229475,183.752069819467,196.056568120139,196.966529830962,199.844807277641,177.941837797955,192.74695688082,158.364215645336,181.370069879102,199.005739592772,204.171183642037,190.028017419471,192.761374422739,205.04561072207,191.288803115369,191.772427973425,188.091412083109,195.884110681522,205.098033798498,161.664599803881,175.48676876169,181.19176230347,199.32701770985,173.179965883747,188.860646659236
169.176841580053,194.411195483365,205.683417447931,175.482671920939,172.774406773946,221.509426945062,191.375335795103,204.838190026273,209.759876996563,167.023006728472,149.783822273351,189.576762250893,188.082822626687,171.114373433342,180.79984277002,143.841130131003,169.052785388453,177.278601816576,173.767963315581,174.716011343078,198.216907467789,175.203138163419,199.816626264573,166.988346120653,177.389358356534,194.933713626995,177.83450002375,186.695593333214,195.09855583791,202.490354440812,171.631364840435,200.74547089164,171.479415689177,203.362228987085,199.443002385461,197.518811303321,195.975256568666,194.79595117286,187.877865422897,193.063374798352,178.911095149835,187.355598537884,184.454309489713,186.761758802587,169.566574490606,169.601196322987,176.420804112486,204.089553199953,173.649187543058,184.525336811257,169.176841580053,194.411195483365,205.683417447931,175.482671920939,172.774406773946,221.509426945062,191.375335795103,204.838190026273,209.759876996563,167.023006728472,149.783822273351,189.576762250893,188.082822626687,171.114373433342,180.79984277002,143.841130131003,169.052785388453,177.278601816576,173.767963315581,174.716011343078,198.216907467789,175.203138163419,199.816626264573,166.988346120653,177.389358356534,194.933713626995,177.83450002375,186.695593333214,195.09855583791,202.490354440812,171.631364840435,200.74547089164,171.479415689177,203.362228987085,199.443002385461,197.518811303321,195.975256568666,194.79595117286,187.877865422897,193.063374798352,178.911095149835,187.355598537884,184.454309489713,186.761758802587,169.566574490606,169.601196322987,176.420804112486,204.089553199953,173.649187543058,184.525336811257
180.77154009385,210.801478862532,209.127223805539,189.210532902369,191.874560742896,191.375335795103,231.356893081494,199.965701343165,213.48108379984,186.216511950654,165.339205194348,197.728384191811,191.352588864012,191.006717691422,190.278603781957,165.12049592884,189.192282396161,190.033819409988,188.838606408598,191.52297462216,213.348272450503,180.690785894979,213.731729534957,177.128021094767,191.737044248195,190.466799335226,201.798403518004,196.877674875312,204.40977978279,218.756367258269,185.884821798408,216.727236813571,173.234573581203,199.066390588613,207.112097522111,213.734500049999,204.520030325063,212.256102011875,211.959747354077,206.825017412535,197.22140781482,203.271608264527,205.557179874945,205.639519651366,179.426276038479,180.147895374459,184.830398452356,231.243132113355,176.089596837502,199.732558819348,180.77154009385,210.801478862532,209.127223805539,189.210532902369,191.874560742896,191.375335795103,231.356893081494,199.965701343165,213.48108379984,186.216511950654,165.339205194348,197.728384191811,191.352588864012,191.006717691422,190.278603781957,165.12049592884,189.192282396161,190.033819409988,188.838606408598,191.52297462216,213.348272450503,180.690785894979,213.731729534957,177.128021094767,191.737044248195,190.466799335226,201.798403518004,196.877674875312,204.40977978279,218.756367258269,185.884821798408,216.727236813571,173.234573581203,199.066390588613,207.112097522111,213.734500049999,204.520030325063,212.256102011875,211.959747354077,206.825017412535,197.22140781482,203.271608264527,205.557179874945,205.639519651366,179.426276038479,180.147895374459,184.830398452356,231.243132113355,176.089596837502,199.732558819348
186.801843892413,212.151229977567,231.311754006617,203.460127652426,186.700182654642,204.838190026273,199.965701343165,259.220003000579,226.174746646491,201.297299131973,166.787633209805,194.492783956041,201.673774773156,184.953839415415,187.375896724166,166.103901356496,198.998396949432,209.248394555502,185.101707928367,194.667247691803,226.466770093729,185.145579474282,211.806566385613,189.082703107715,185.546013377274,210.377433851074,200.400996603172,206.979575540857,196.82080427752,226.094662094683,173.513465007922,212.217206155262,176.378013050332,206.237292145701,219.085595496846,219.240804518154,215.757147795739,203.138900916622,211.181868482245,205.811998945017,202.388423044507,202.461048275632,214.703803205072,195.717632300641,173.861596383185,193.39002528255,197.471720781488,230.384901780201,190.941158300197,182.894717193986,186.801843892413,212.151229977567,231.311754006617,203.460127652426,186.700182654642,204.838190026273,199.965701343165,259.220003000579,226.174746646491,201.297299131973,166.787633209805,194.492783956041,201.673774773156,184.953839415415,187.375896724166,166.103901356496,198.998396949432,209.248394555502,185.101707928367,194.667247691803,226.466770093729,185.145579474282,211.806566385613,189.082703107715,185.546013377274,210.377433851074,200.400996603172,206.979575540857,196.82080427752,226.094662094683,173.513465007922,212.217206155262,176.378013050332,206.237292145701,219.085595496846,219.240804518154,215.757147795739,203.138900916622,211.181868482245,205.811998945017,202.388423044507,202.461048275632,214.703803205072,195.717632300641,173.861596383185,193.39002528255,197.471720781488,230.384901780201,190.941158300197,182.894717193986
204.394087951959,217.070636715816,237.244199040628,210.106407926908,203.940277837472,209.759876996563,213.48108379984,226.174746646491,274.092092867281,204.864100740963,176.884594388174,221.754164519555,216.075557113838,195.470113098073,220.371722681955,173.506555597336,205.448382330334,215.624693770706,207.620298548582,219.355139452404,233.459783701086,206.655300563713,239.529696154924,210.451724934303,201.42530547166,222.796454298503,219.073211916287,217.95759023695,219.299972229607,245.838528088042,192.353623504672,229.630678191674,192.266826439002,218.904292455694,230.67295833111,234.828603769174,226.249340050706,223.657022269497,222.570328586934,217.978467400521,215.468355516048,204.170912574703,222.958544160289,226.778263984528,178.137909605353,197.668150606935,203.551606995925,230.063094219703,201.791868902301,215.651478198592,204.394087951959,217.070636715816,237.244199040628,210.106407926908,203.940277837472,209.759876996563,213.48108379984,226.174746646491,274.092092867281,204.864100740963,176.884594388174,221.754164519555,216.075557113838,195.470113098073,220.371722681955,173.506555597336,205.448382330334,215.624693770706,207.620298548582,219.355139452404,233.459783701086,206.655300563713,239.529696154924,210.451724934303,201.42530547166,222.796454298503,219.073211916287,217.95759023695,219.299972229607,245.838528088042,192.353623504672,229.630678191674,192.266826439002,218.904292455694,230.67295833111,234.828603769174,226.249340050706,223.657022269497,222.570328586934,217.978467400521,215.468355516048,204.170912574703,222.958544160289,226.778263984528,178.137909605353,197.668150606935,203.551606995925,230.063094219703,201.791868902301,215.651478198592
169.249155167644,191.737940315317,203.251378788272,181.95999093942,179.715514775015,167.023006728472,186.216511950654,201.297299131973,204.864100740963,223.281437241145,156.033380276042,190.353454738025,186.846608019436,167.059220398759,190.116997706088,151.445842577599,184.023615885981,190.538200766628,176.521579280489,188.568469749419,204.821638997403,159.185219824977,203.754737240782,179.774903474671,165.609469962687,180.656821882122,184.994834469242,192.224964918981,192.730131961587,199.857192863997,164.974271719021,197.571414739337,172.44404798194,192.930926052941,184.012178532296,205.718207215687,201.75168311443,205.400048377187,197.16633675862,188.388537411397,197.170407622433,192.120879625671,201.848661694011,192.507279534158,149.538075861119,174.277313912347,174.905965253559,208.416715076133,163.404400309462,185.178950428635,169.249155167644,191.737940315317,203.251378788272,181.95999093942,179.715514775015,167.023006728472,186.216511950654,201.297299131973,204.864100740963,223.281437241145,156.033380276042,190.353454738025,186.846608019436,167.059220398759,190.116997706088,151.445842577599,184.023615885981,190.538200766628,176.521579280489,188.568469749419,204.821638997403,159.185219824977,203.754737240782,179.774903474671,165.609469962687,180.656821882122,184.994834469242,192.224964918981,192.730131961587,199.857192863997,164.974271719021,197.571414739337,172.44404798194,192.930926052941,184.012178532296,205.718207215687,201.75168311443,205.400048377187,197.16633675862,188.388537411397,197.170407622433,192.120879625671,201.848661694011,192.507279534158,149.538075861119,174.277313912347,174.905965253559,208.416715076133,163.404400309462,185.178950428635
152.825273739498,172.752788405797,178.503162908227,160.235172009622,151.688234786697,149.783822273351,165.339205194348,166.787633209805,176.884594388174,156.033380276042,167.143837214906,165.637058608225,168.795776542504,163.187124603812,169.173247497233,135.999303265128,158.556441950261,161.369948312747,152.631397867253,155.380791926519,177.859114527099,144.933579932261,180.301579977831,154.936838663228,149.472459037936,163.143462417928,169.320406342574,157.558321609944,167.298366204327,175.488703353647,151.740259663549,168.964009111536,141.490278146719,157.757520393384,160.690333978055,176.086917758546,160.152156811998,172.636638895554,168.324774470241,161.16977827306,159.362025871603,159.568464434004,167.249428739066,158.48783673001,140.911203698749,149.455424858737,154.881850130617,173.358063332032,149.186211108292,161.582222051672,152.825273739498,172.752788405797,178.503162908227,160.235172009622,151.688234786697,149.783822273351,165.339205194348,166.787633209805,176.884594388174,156.033380276042,167.143837214906,165.637058608225,168.795776542504,163.187124603812,169.173247497233,135.999303265128,158.556441950261,161.369948312747,152.631397867253,155.380791926519,177.859114527099,144.933579932261,180.301579977831,154.936838663228,149.472459037936,163.143462417928,169.320406342574,157.558321609944,167.298366204327,175.488703353647,151.740259663549,168.964009111536,141.490278146719,157.757520393384,160.690333978055,176.086917758546,160.152156811998,172.636638895554,168.324774470241,161.16977827306,159.362025871603,159.568464434004,167.249428739066,158.48783673001,140.911203698749,149.455424858737,154.881850130617,173.358063332032,149.186211108292,161.582222051672
179.41067406438,206.009077701955,207.327775110898,184.505309980153,182.308654184649,189.576762250893,197.728384191811,194.492783956041,221.754164519555,190.353454738025,165.637058608225,242.012910644061,201.972350578072,190.615911174643,197.896064601073,169.779800035919,182.872616253004,195.454031342926,194.692033333587,196.653033366076,202.415036877533,174.117461766815,222.609445240138,191.507868020137,184.158925546801,189.775683609092,204.594743847582,199.732736497264,199.604846312481,217.420320832446,182.190873710373,213.294309076631,183.796342385944,210.26282493546,205.262624637026,209.256425094733,199.496165258036,212.883684874711,197.551154593157,204.454672373418,197.354000477023,189.837291458199,199.109565216122,198.939355673901,168.324906821166,180.98875778345,177.840557178893,210.346817803803,172.555391002366,181.250115666669,179.41067406438,206.009077701955,207.327775110898,184.505309980153,182.308654184649,189.576762250893,197.728384191811,194.492783956041,221.754164519555,190.353454738025,165.637058608225,242.012910644061,201.972350578072,190.615911174643,197.896064601073,169.779800035919,182.872616253004,195.454031342926,194.692033333587,196.653033366076,202.415036877533,174.117461766815,222.609445240138,191.507868020137,184.158925546801,189.775683609092,204.594743847582,199.732736497264,199.604846312481,217.420320832446,182.190873710373,213.294309076631,183.796342385944,210.26282493546,205.262624637026,209.256425094733,199.496165258036,212.883684874711,197.551154593157,204.454672373418,197.354000477023,189.837291458199,199.109565216122,198.939355673901,168.324906821166,180.98875778345,177.840557178893,210.346817803803,172.555391002366,181.250115666669
181.718605572707,203.535219757112,228.085854553798,206.219296376007,184.442017487965,188.082822626687,191.352588864012,201.673774773156,216.075557113838,186.846608019436,168.795776542504,201.972350578072,246.514394449024,183.320207811955,192.757362846904,172.173029704416,185.266370981615,200.05135256487,189.637915434421,203.036285210997,206.427268085247,185.660824786046,215.449385798356,195.829726862587,186.294314159856,181.648000411975,210.169434793347,199.182485088473,193.251633114487,231.528283080059,171.98205485425,208.83535394194,166.381738294416,205.771533536948,195.450562088697,206.973398884315,197.097963239393,217.316082987732,208.878888146539,198.54878300568,207.532416488685,184.165877925077,203.878561514139,197.686012418445,173.460468217756,182.310908654792,185.899217740919,210.102239894691,191.250848514414,192.872523838357,181.718605572707,203.535219757112,228.085854553798,206.219296376007,184.442017487965,188.082822626687,191.352588864012,201.673774773156,216.075557113838,186.846608019436,168.795776542504,201.972350578072,246.514394449024,183.320207811955,192.757362846904,172.173029704416,185.266370981615,200.05135256487,189.637915434421,203.036285210997,206.427268085247,185.660824786046,215.449385798356,195.829726862587,186.294314159856,181.648000411975,210.169434793347,199.182485088473,193.251633114487,231.528283080059,171.98205485425,208.83535394194,166.381738294416,205.771533536948,195.450562088697,206.973398884315,197.097963239393,217.316082987732,208.878888146539,198.54878300568,207.532416488685,184.165877925077,203.878561514139,197.686012418445,173.460468217756,182.310908654792,185.899217740919,210.102239894691,191.250848514414,192.872523838357
188.94230756143,186.92945639579,211.456139607429,189.333301684754,172.917669544736,171.114373433342,191.006717691422,184.953839415415,195.470113098073,167.059220398759,163.187124603812,190.615911174643,183.320207811955,253.324958694951,188.557009130137,159.089458797703,168.987239496915,187.588515670597,185.484702866971,196.052636649437,198.910425987369,164.834277018034,227.255020975554,173.992236905808,179.710053428131,183.109851632331,195.265877750127,186.917803075632,200.149360820005,218.872965380017,176.457201171634,218.478511094199,170.529593027952,177.838368520147,200.8494394565,199.807871871956,195.67193318288,200.761720100475,197.81941437586,196.988945474306,187.144193381074,174.253617007164,193.092126903104,189.997734512274,182.714907630874,161.919595774373,168.666348472413,213.596171793061,157.317460231757,183.017332263687,188.94230756143,186.92945639579,211.456139607429,189.333301684754,172.917669544736,171.114373433342,191.006717691422,184.953839415415,195.470113098073,167.059220398759,163.187124603812,190.615911174643,183.320207811955,253.324958694951,188.557009130137,159.089458797703,168.987239496915,187.588515670597,185.484702866971,196.052636649437,198.910425987369,164.834277018034,227.255020975554,173.992236905808,179.710053428131,183.109851632331,195.265877750127,186.917803075632,200.149360820005,218.872965380017,176.457201171634,218.478511094199,170.529593027952,177.838368520147,200.8494394565,199.807871871956,195.67193318288,200.761720100475,197.81941437586,196.988945474306,187.144193381074,174.253617007164,193.092126903104,189.997734512274,182.714907630874,161.919595774373,168.666348472413,213.596171793061,157.317460231757,183.017332263687
186.392958404629,202.875070213084,208.450039734918,185.5052134031,193.107669428002,180.79984277002,190.278603781957,187.375896724166,220.371722681955,190.116997706088,169.173247497233,197.896064601073,192.757362846904,188.557009130137,249.618982384775,156.668211036488,192.830302802728,188.638932901077,179.498122356907,200.174672705132,208.37960994516,182.129830715489,224.709749860858,182.100700819688,178.281799485799,194.258078564251,187.650825565012,205.836240956817,207.551739215694,208.023828357024,185.950535289431,204.438963432453,168.108508205145,193.656460238981,206.471335166235,212.974966456364,212.83248759766,206.565754668772,205.555919979797,189.631554199877,210.451268171973,187.600914756029,190.749566074079,216.113284692239,169.880692328561,171.860146768855,181.536549105417,208.08984892699,179.207641370429,195.89523514396,186.392958404629,202.875070213084,208.450039734918,185.5052134031,193.107669428002,180.79984277002,190.278603781957,187.375896724166,220.371722681955,190.116997706088,169.173247497233,197.896064601073,192.757362846904,188.557009130137,249.618982384775,156.668211036488,192.830302802728,188.638932901077,179.498122356907,200.174672705132,208.37960994516,182.129830715489,224.709749860858,182.100700819688,178.281799485799,194.258078564251,187.650825565012,205.836240956817,207.551739215694,208.023828357024,185.950535289431,204.438963432453,168.108508205145,193.656460238981,206.471335166235,212.974966456364,212.83248759766,206.565754668772,205.555919979797,189.631554199877,210.451268171973,187.600914756029,190.749566074079,216.113284692239,169.880692328561,171.860146768855,181.536549105417,208.08984892699,179.207641370429,195.89523514396
157.694390349182,168.039161583772,172.668920403775,176.493921671313,151.328268510357,143.841130131003,165.12049592884,166.103901356496,173.506555597336,151.445842577599,135.999303265128,169.779800035919,172.173029704416,159.089458797703,156.668211036488,182.778042177616,152.809650946527,156.878441502398,157.405764483173,158.177139936477,171.903856027044,141.769812043929,181.679299711756,155.025781243137,158.365139729389,159.865119031213,176.906210564354,166.415016888317,163.582312758431,187.298146595981,151.33474724971,172.470079973799,136.74745883096,151.769780527876,179.250091339764,171.889742622389,162.868999324589,170.363036269459,159.88673017664,170.009517971989,151.488403258348,157.020359958462,176.489240498362,163.861235358134,137.255528774126,145.336533779655,142.592450157448,163.506277809664,151.578796896201,153.583749942392,157.694390349182,168.039161583772,172.668920403775,176.493921671313,151.328268510357,143.841130131003,165.12049592884,166.103901356496,173.506555597336,151.445842577599,135.999303265128,169.779800035919,172.173029704416,159.089458797703,156.668211036488,182.778042177616,152.809650946527,156.878441502398,157.405764483173,158.177139936477,171.903856027044,141.769812043929,181.679299711756,155.025781243137,158.365139729389,159.865119031213,176.906210564354,166.415016888317,163.582312758431,187.298146595981,151.33474724971,172.470079973799,136.74745883096,151.769780527876,179.250091339764,171.889742622389,162.868999324589,170.363036269459,159.88673017664,170.009517971989,151.488403258348,157.020359958462,176.489240498362,163.861235358134,137.255528774126,145.336533779655,142.592450157448,163.506277809664,151.578796896201,153.583749942392
161.369094543445,210.411707413246,218.215198311544,179.30126586724,187.304087439459,169.052785388453,189.192282396161,198.998396949432,205.448382330334,184.023615885981,158.556441950261,182.872616253004,185.266370981615,168.987239496915,192.830302802728,152.809650946527,227.274681607698,188.371290999597,164.447356762976,177.818162006374,217.027069311122,181.088686331994,210.552528057601,173.118148682179,176.884805488471,193.159666078693,186.265435301727,193.925440253438,188.41402706008,194.998608294081,173.496615379508,195.971457022771,165.264074386605,192.983620391768,198.812685366884,205.623443951259,190.14348695053,188.981505584068,207.986484150177,191.608615573466,178.626559089622,184.887680907959,197.50609016856,196.046976035551,158.186025613418,169.947962104885,186.607125247038,209.104843950643,160.084579596464,176.856051758917,161.369094543445,210.411707413246,218.215198311544,179.30126586724,187.304087439459,169.052785388453,189.192282396161,198.998396949432,205.448382330334,184.023615885981,158.556441950261,182.872616253004,185.266370981615,168.987239496915,192.830302802728,152.809650946527,227.274681607698,188.371290999597,164.447356762976,177.818162006374,217.027069311122,181.088686331994,210.552528057601,173.118148682179,176.884805488471,193.159666078693,186.265435301727,193.925440253438,188.41402706008,194.998608294081,173.496615379508,195.971457022771,165.264074386605,192.983620391768,198.812685366884,205.623443951259,190.14348695053,188.981505584068,207.986484150177,191.608615573466,178.626559089622,184.887680907959,197.50609016856,196.046976035551,158.186025613418,169.947962104885,186.607125247038,209.104843950643,160.084579596464,176.856051758917
181.380067879875,196.693885382729,218.495436962749,187.898952341766,192.999468100212,177.278601816576,190.033819409988,209.248394555502,215.624693770706,190.538200766628,161.369948312747,195.454031342926,200.05135256487,187.588515670597,188.638932901077,156.878441502398,188.371290999597,233.066743072414,195.508595373133,194.137055521623,207.925480680773,181.795213494559,207.974002526465,193.362786881828,177.090758065845,193.122975412813,189.006975085059,186.427506099473,197.155841274993,216.391234913257,174.763066395317,204.137956690433,174.421191120671,192.323824910666,205.931122776095,213.600730981461,199.729605734919,210.356936089643,211.149814602397,194.244518205022,211.278986085492,188.141231432995,211.40978298932,195.193019930568,166.180194710382,185.005515356126,188.786017924022,227.220908576911,174.70456999058,183.797538020686,181.380067879875,196.693885382729,218.495436962749,187.898952341766,192.999468100212,177.278601816576,190.033819409988,209.248394555502,215.624693770706,190.538200766628,161.369948312747,195.454031342926,200.05135256487,187.588515670597,188.638932901077,156.878441502398,188.371290999597,233.066743072414,195.508595373133,194.137055521623,207.925480680773,181.795213494559,207.974002526465,193.362786881828,177.090758065845,193.122975412813,189.006975085059,186.427506099473,197.155841274993,216.391234913257,174.763066395317,204.137956690433,174.421191120671,192.323824910666,205.931122776095,213.600730981461,199.729605734919,210.356936089643,211.149814602397,194.244518205022,211.278986085492,188.141231432995,211.40978298932,195.193019930568,166.180194710382,185.005515356126,188.786017924022,227.220908576911,174.70456999058,183.797538020686
184.601456584209,190.779565046817,199.992500711086,183.551513889743,186.996759992814,173.767963315581,188.838606408598,185.101707928367,207.620298548582,176.521579280489,152.631397867253,194.692033333587,189.637915434421,185.484702866971,179.498122356907,157.405764483173,164.447356762976,195.508595373133,226.970593115689,192.304419774587,190.909660996348,181.335450196371,213.81461307107,190.743342706798,170.749439157572,178.579009782685,189.931702693529,184.812387604028,197.105367901821,212.713649129716,179.874384245409,206.475679114347,163.053105966601,180.121621011537,199.799111231247,204.502799551369,175.263371952032,203.45559937071,190.171883306516,190.18153239388,199.633087811505,170.429751943913,198.897796763154,182.293177978207,152.097829074976,181.816633268697,165.398539114085,208.230838162311,163.332970627085,186.32509371123,184.601456584209,190.779565046817,199.992500711086,183.551513889743,186.996759992814,173.767963315581,188.838606408598,185.101707928367,207.620298548582,176.521579280489,152.631397867253,194.692033333587,189.637915434421,185.484702866971,179.498122356907,157.405764483173,164.447356762976,195.508595373133,226.970593115689,192.304419774587,190.909660996348,181.335450196371,213.81461307107,190.743342706798,170.749439157572,178.579009782685,189.931702693529,184.812387604028,197.105367901821,212.713649129716,179.874384245409,206.475679114347,163.053105966601,180.121621011537,199.799111231247,204.502799551369,175.263371952032,203.45559937071,190.171883306516,190.18153239388,199.633087811505,170.429751943913,198.897796763154,182.293177978207,152.097829074976,181.816633268697,165.398539114085,208.230838162311,163.332970627085,186.32509371123
188.930374777064,203.126372957387,206.685896188398,206.655118161664,182.438179007654,174.716011343078,191.52297462216,194.667247691803,219.355139452404,188.568469749419,155.380791926519,196.653033366076,203.036285210997,196.052636649437,200.174672705132,158.177139936477,177.818162006374,194.137055521623,192.304419774587,238.98283082038,211.135588409814,182.14664764599,217.772852003085,184.21516586402,192.987862514825,185.468142279256,204.2480217729,187.619932217828,192.71912754163,220.864912342441,180.097128390934,212.210339382411,169.219789056497,182.743061290732,203.280642729195,206.833144891215,209.589269097101,210.642199209383,196.006635827473,192.424140700644,205.626322046539,172.903223238347,199.946785906918,206.429440303426,174.135345577628,177.446682713455,175.455045948839,209.015053403668,171.728844739598,187.699063691328,188.930374777064,203.126372957387,206.685896188398,206.655118161664,182.438179007654,174.716011343078,191.52297462216,194.667247691803,219.355139452404,188.568469749419,155.380791926519,196.653033366076,203.036285210997,196.052636649437,200.174672705132,158.177139936477,177.818162006374,194.137055521623,192.304419774587,238.98283082038,211.135588409814,182.14664764599,217.772852003085,184.21516586402,192.987862514825,185.468142279256,204.2480217729,187.619932217828,192.71912754163,220.864912342441,180.097128390934,212.210339382411,169.219789056497,182.743061290732,203.280642729195,206.833144891215,209.589269097101,210.642199209383,196.006635827473,192.424140700644,205.626322046539,172.903223238347,199.946785906918,206.429440303426,174.135345577628,177.446682713455,175.455045948839,209.015053403668,171.728844739598,187.699063691328
203.135621951271,230.034177058315,246.012030058836,211.633372093267,200.397010386281,198.216907467789,213.348272450503,226.466770093729,233.459783701086,204.821638997403,177.859114527099,202.415036877533,206.427268085247,198.910425987369,208.37960994516,171.903856027044,217.027069311122,207.925480680773,190.909660996348,211.135588409814,284.972772953769,202.48929325276,229.972075281162,198.328295464774,204.930179856584,231.267079667173,224.585545958287,207.227463985611,215.737053627364,237.990545100229,190.069873632029,210.435985835385,182.279989379257,196.249997694134,220.244709899634,216.488774851878,217.099622241826,216.33145821855,222.207754293571,218.534416764511,207.198969081064,201.953730795405,215.569326724115,225.939052970268,180.854692768554,195.314297572682,203.426051369557,222.311172191929,181.413636424786,206.18393268577,203.135621951271,230.034177058315,246.012030058836,211.633372093267,200.397010386281,198.216907467789,213.348272450503,226.466770093729,233.459783701086,204.821638997403,177.859114527099,202.415036877533,206.427268085247,198.910425987369,208.37960994516,171.903856027044,217.027069311122,207.925480680773,190.909660996348,211.135588409814,284.972772953769,202.48929325276,229.972075281162,198.328295464774,204.930179856584,231.267079667173,224.585545958287,207.227463985611,215.737053627364,237.990545100229,190.069873632029,210.435985835385,182.279989379257,196.249997694134,220.244709899634,216.488774851878,217.099622241826,216.33145821855,222.207754293571,218.534416764511,207.198969081064,201.953730795405,215.569326724115,225.939052970268,180.854692768554,195.314297572682,203.426051369557,222.311172191929,181.413636424786,206.18393268577
180.909482989959,194.360137978635,205.549427189746,182.766783195202,174.935180866264,175.203138163419,180.690785894979,185.145579474282,206.655300563713,159.185219824977,144.933579932261,174.117461766815,185.660824786046,164.834277018034,182.129830715489,141.769812043929,181.088686331994,181.795213494559,181.335450196371,182.14664764599,202.48929325276,215.852016787594,193.606029407028,174.451930751833,171.66740796187,185.288888149362,177.68707497397,180.429085091547,180.10707996192,204.337742824162,161.861186644601,200.425736348072,150.284203361712,172.851045256282,190.125466031491,197.080695523376,190.180105338037,190.928465162266,182.964566077701,178.577341145434,184.477179488382,170.448420884574,194.414311176852,194.195330124141,153.836997818227,170.59471368846,166.478312227549,199.607967922081,155.141223986319,182.153424914497,180.909482989959,194.360137978635,205.549427189746,182.766783195202,174.935180866264,175.203138163419,180.690785894979,185.145579474282,206.655300563713,159.185219824977,144.933579932261,174.117461766815,185.660824786046,164.834277018034,182.129830715489,141.769812043929,181.088686331994,181.795213494559,181.335450196371,182.14664764599,202.48929325276,215.852016787594,193.606029407028,174.451930751833,171.66740796187,185.288888149362,177.68707497397,180.429085091547,180.10707996192,204.337742824162,161.861186644601,200.425736348072,150.284203361712,172.851045256282,190.125466031491,197.080695523376,190.180105338037,190.928465162266,182.964566077701,178.577341145434,184.477179488382,170.448420884574,194.414311176852,194.195330124141,153.836997818227,170.59471368846,166.478312227549,199.607967922081,155.141223986319,182.153424914497
207.721459685034,225.628635869921,236.233930001644,214.05802296778,197.600389295205,199.816626264573,213.731729534957,211.806566385613,239.529696154924,203.754737240782,180.301579977831,222.609445240138,215.449385798356,227.255020975554,224.709749860858,181.679299711756,210.552528057601,207.974002526465,213.81461307107,217.772852003085,229.972075281162,193.606029407028,277.060114690013,210.126134662761,203.423783033723,206.387238224046,217.934518861722,221.408756121473,224.076991692492,247.318071524408,209.233378924508,233.708651738341,194.953469132111,220.830199197856,225.833437432023,241.21219100008,212.105294397013,226.519739713573,236.18799458888,220.100193155931,221.07471959623,208.143380413384,217.037814831831,221.136326994835,186.308577888521,198.010155248169,195.717729598229,239.813318578757,184.705165846059,211.838383385353,207.721459685034,225.628635869921,236.233930001644,214.05802296778,197.600389295205,199.816626264573,213.731729534957,211.806566385613,239.529696154924,203.754737240782,180.301579977831,222.609445240138,215.449385798356,227.255020975554,224.709749860858,181.679299711756,210.552528057601,207.974002526465,213.81461307107,217.772852003085,229.972075281162,193.606029407028,277.060114690013,210.126134662761,203.423783033723,206.387238224046,217.934518861722,221.408756121473,224.076991692492,247.318071524408,209.233378924508,233.708651738341,194.953469132111,220.830199197856,225.833437432023,241.21219100008,212.105294397013,226.519739713573,236.18799458888,220.100193155931,221.07471959623,208.143380413384,217.037814831831,221.136326994835,186.308577888521,198.010155248169,195.717729598229,239.813318578757,184.705165846059,211.838383385353
