227.493211027092,194.633929169029,189.052008663978,159.146898848405,185.461515561053,186.761278314368,211.664071783892,170.175666575366,170.390583408083,194.699221603941,187.523037375209,193.634834630428,181.67941327341,176.298450250543,172.459223542659,194.623989209255,189.103133377066,193.038020470284,187.489251786463,187.188332094717,188.780184359599,216.85640221483,180.368380112221,168.127006576533,184.311559022193,190.946417885473,188.367018393199,208.905545338438,161.400372317232,185.503353142183,183.18995847481,194.198567835155,192.825339014212,210.455455031165,181.243246990792,188.443481174313,201.677174011242,182.537573461971,196.216621444555,192.36214828955,181.1858152658,172.042996188803,205.671667630489,191.065032591569,196.282293577004,201.686525839151,206.788311744755,198.72923081563,188.734920178007,183.362333814327,227.493211027092,194.633929169029,189.052008663978,159.146898848405,185.461515561053,186.761278314368,211.664071783892,170.175666575366,170.390583408083,194.699221603941,187.523037375209,193.634834630428,181.67941327341,176.298450250543,172.459223542659,194.623989209255,189.103133377066,193.038020470284,187.489251786463,187.188332094717,188.780184359599,216.85640221483,180.368380112221,168.127006576533,184.311559022193,190.946417885473,188.367018393199,208.905545338438,161.400372317232,185.503353142183,183.18995847481,194.198567835155,192.825339014212,210.455455031165,181.243246990792,188.443481174313,201.677174011242,182.537573461971,196.216621444555,192.36214828955,181.1858152658,172.042996188803,205.671667630489,191.065032591569,196.282293577004,201.686525839151,206.788311744755,198.72923081563,188.734920178007,183.362333814327
194.633909520471,267.282886946095,205.794697467634,186.091402054747,211.253503143433,187.036984719994,226.436632788684,183.930670023396,191.417651397681,218.889693687616,178.321422660446,212.805943443278,192.42384839651,199.825435078541,195.395423506941,201.468947080451,198.513261104506,198.767018725158,205.086888669339,200.546400971895,201.624629627102,225.074830377102,208.50451779926,184.384986919541,203.268111900099,195.152653743469,193.642482464743,227.640252885181,177.104021045533,203.918060036398,188.450310053274,195.01433194966,210.131056148995,224.366267957594,200.065977202815,211.109581558709,212.591106920305,188.025089870553,214.804939675221,198.89793511224,207.648804456182,190.31277031442,223.782645198478,213.425091605351,208.850235138746,202.339447912161,212.484567227748,198.996036047593,201.994647493293,187.190694044361,194.633909520471,267.282886946095,205.794697467634,186.091402054747,211.253503143433,187.036984719994,226.436632788684,183.930670023396,191.417651397681,218.889693687616,178.321422660446,212.805943443278,192.42384839651,199.825435078541,195.395423506941,201.468947080451,198.513261104506,198.767018725158,205.086888669339,200.546400971895,201.624629627102,225.074830377102,208.50451779926,184.384986919541,203.268111900099,195.152653743469,193.642482464743,227.640252885181,177.104021045533,203.918060036398,188.450310053274,195.01433194966,210.131056148995,224.366267957594,200.065977202815,211.109581558709,212.591106920305,188.025089870553,214.804939675221,198.89793511224,207.648804456182,190.31277031442,223.782645198478,213.425091605351,208.850235138746,202.339447912161,212.484567227748,198.996036047593,201.994647493293,187.190694044361
189.051989015421,205.794697467634,224.662606696154,174.092678308092,193.152682080588,193.097540845108,218.729868003235,182.45784149647,182.690095279004,212.044024402594,180.601683672796,196.458727587175,181.066383076523,191.684624283282,181.420273178744,203.090415035702,191.388685592622,197.08021847352,187.76169207323,191.671245210322,189.931835346507,217.168099572109,184.917798076027,194.31007021659,198.620334335497,190.273050679251,195.367809736536,210.058223780482,170.028382148926,202.68033528941,176.496973236092,192.750758756691,200.777808542512,205.087246708177,193.674245989619,193.629348533297,199.50258743193,175.156434909539,202.841673659949,214.507030547454,195.616202557175,179.899981245542,200.756148064531,193.556287436289,194.62115983318,188.60031730174,213.581193926872,204.07860430363,193.227721539565,184.084382983304,189.051989015421,205.794697467634,224.662606696154,174.092678308092,193.152682080588,193.097540845108,218.729868003235,182.45784149647,182.690095279004,212.044024402594,180.601683672796,196.458727587175,181.066383076523,191.684624283282,181.420273178744,203.090415035702,191.388685592622,197.08021847352,187.76169207323,191.671245210322,189.931835346507,217.168099572109,184.917798076027,194.31007021659,198.620334335497,190.273050679251,195.367809736536,210.058223780482,170.028382148926,202.68033528941,176.496973236092,192.750758756691,200.777808542512,205.087246708177,193.674245989619,193.629348533297,199.50258743193,175.156434909539,202.841673659949,214.507030547454,195.616202557175,179.899981245542,200.756148064531,193.556287436289,194.62115983318,188.60031730174,213.581193926872,204.07860430363,193.227721539565,184.084382983304
159.146879199848,186.091402054747,174.092678308092,190.008315930701,162.515793661588,158.538277883483,202.935543878419,161.438153461258,165.256311464222,186.769178092576,154.373844636897,176.122158946751,147.405650379578,163.164081051442,144.437575262444,173.929246446275,160.226254957982,166.504439099532,167.484298418773,169.568240129844,161.690496439916,188.032677897988,161.373593568364,159.921219768055,177.815977235514,150.452149093746,164.663156170205,180.847527178089,156.632141455004,170.748478056349,173.964583311582,157.565558805095,165.976286529135,184.473753423105,163.940138124141,169.541902083813,170.206691674536,149.955317366011,186.100281310059,181.372651182775,164.174989491543,142.981958766546,175.974420970801,164.290895236403,171.72307066541,168.857084701346,180.225085391648,160.364638345147,162.588432448583,164.332130925676,159.146879199848,186.091402054747,174.092678308092,190.008315930701,162.515793661588,158.538277883483,202.935543878419,161.438153461258,165.256311464222,186.769178092576,154.373844636897,176.122158946751,147.405650379578,163.164081051442,144.437575262444,173.929246446275,160.226254957982,166.504439099532,167.484298418773,169.568240129844,161.690496439916,188.032677897988,161.373593568364,159.921219768055,177.815977235514,150.452149093746,164.663156170205,180.847527178089,156.632141455004,170.748478056349,173.964583311582,157.565558805095,165.976286529135,184.473753423105,163.940138124141,169.541902083813,170.206691674536,149.955317366011,186.100281310059,181.372651182775,164.174989491543,142.981958766546,175.974420970801,164.290895236403,171.72307066541,168.857084701346,180.225085391648,160.364638345147,162.588432448583,164.332130925676
185.461495912495,211.253503143433,193.152682080588,162.515793661588,251.505092677603,160.391140294943,206.118963781431,178.306509297073,182.804773591181,203.317291878078,176.55558433772,185.139563302286,188.44919301296,188.401615730782,180.368677468657,190.715002305264,176.760149355328,203.586455254888,190.5512546877,189.810276977046,199.599858090647,213.96005000726,184.443725829294,176.835849378659,182.135837387674,191.662342397249,179.715243325034,213.220131168534,143.859623625829,191.818698769625,178.303121448656,186.857886148197,204.243857716696,209.949515786299,180.08408370926,205.900926046091,191.626662467283,185.7502269148,196.735419415571,199.903837652758,198.702244157867,172.265274291463,194.204401016386,187.26649949289,197.29469723513,189.664586056909,210.361821334647,176.432099681803,182.792456100159,181.875617225167,185.461495912495,211.253503143433,193.152682080588,162.515793661588,251.505092677603,160.391140294943,206.118963781431,178.306509297073,182.804773591181,203.317291878078,176.55558433772,185.139563302286,188.44919301296,188.401615730782,180.368677468657,190.715002305264,176.760149355328,203.586455254888,190.5512546877,189.810276977046,199.599858090647,213.96005000726,184.443725829294,176.835849378659,182.135837387674,191.662342397249,179.715243325034,213.220131168534,143.859623625829,191.818698769625,178.303121448656,186.857886148197,204.243857716696,209.949515786299,180.08408370926,205.900926046091,191.626662467283,185.7502269148,196.735419415571,199.903837652758,198.702244157867,172.265274291463,194.204401016386,187.26649949289,197.29469723513,189.664586056909,210.361821334647,176.432099681803,182.792456100159,181.875617225167
186.76125866581,187.036984719994,193.097540845108,158.538277883483,160.391140294943,216.31948474453,209.705202606818,178.90019314731,167.778974241231,191.825499924753,178.629348033404,183.404049584408,166.180749590253,175.308003104431,173.79566542389,184.57932949686,183.421430826545,179.077126791379,178.397036449155,181.509957476334,180.181020207225,201.965071531311,179.770323289692,178.241720257221,173.323808516867,179.858042144684,191.684191713472,196.41072786058,170.914312886028,189.731490165504,162.483765950522,183.125937369665,181.057993584035,202.109971166229,174.244567060089,183.729923021298,198.181924377944,165.436530095091,192.122286626316,191.408150611229,179.864058413631,168.705669076226,205.105562557078,184.444115580143,195.434337589566,186.293354659816,197.601930397105,199.274201427793,183.059162828313,170.147133315406,186.76125866581,187.036984719994,193.097540845108,158.538277883483,160.391140294943,216.31948474453,209.705202606818,178.90019314731,167.778974241231,191.825499924753,178.629348033404,183.404049584408,166.180749590253,175.308003104431,173.79566542389,184.57932949686,183.421430826545,179.077126791379,178.397036449155,181.509957476334,180.181020207225,201.965071531311,179.770323289692,178.241720257221,173.323808516867,179.858042144684,191.684191713472,196.41072786058,170.914312886028,189.731490165504,162.483765950522,183.125937369665,181.057993584035,202.109971166229,174.244567060089,183.729923021298,198.181924377944,165.436530095091,192.122286626316,191.408150611229,179.864058413631,168.705669076226,205.105562557078,184.444115580143,195.434337589566,186.293354659816,197.601930397105,199.274201427793,183.059162828313,170.147133315406
211.664052135335,226.436632788684,218.729868003235,202.935543878419,206.118963781431,209.705202606818,288.591371047345,203.291654650604,202.149945743336,237.464951425178,205.073487428433,224.492994723043,182.214559623334,207.74644480701,182.801135631088,215.788046049592,206.595448197356,209.665082530578,215.346122134783,216.511346579817,216.615394229231,230.597945374409,207.227268209668,200.414816656994,210.355602207776,207.21084615633,211.877327942781,219.9896398356,205.029950928866,206.81794410698,189.8703767358,200.753719449795,212.982939020821,229.977572815989,213.558135705081,219.889234926329,228.714234134861,192.758794607785,231.390011105799,222.268935524624,214.683692239391,176.110009073545,217.566796205612,214.810798484223,218.860605044022,214.114355283534,235.816823957048,213.682864608951,215.708616296869,205.689183010146,211.664052135335,226.436632788684,218.729868003235,202.935543878419,206.118963781431,209.705202606818,288.591371047345,203.291654650604,202.149945743336,237.464951425178,205.073487428433,224.492994723043,182.214559623334,207.74644480701,182.801135631088,215.788046049592,206.595448197356,209.665082530578,215.346122134783,216.511346579817,216.615394229231,230.597945374409,207.227268209668,200.414816656994,210.355602207776,207.21084615633,211.877327942781,219.9896398356,205.029950928866,206.81794410698,189.8703767358,200.753719449795,212.982939020821,229.977572815989,213.558135705081,219.889234926329,228.714234134861,192.758794607785,231.390011105799,222.268935524624,214.683692239391,176.110009073545,217.566796205612,214.810798484223,218.860605044022,214.114355283534,235.816823957048,213.682864608951,215.708616296869,205.689183010146
170.175646926809,183.930670023396,182.45784149647,161.438153461258,178.306509297073,178.90019314731,203.291654650604,227.431148398072,169.556189664632,194.491187567946,185.449165087342,176.073287230852,171.107399221088,181.392137772455,167.58933733742,185.967647060138,181.033262026066,180.027812930883,187.87819385128,187.108679516377,189.712347873031,200.533901230185,183.141902443048,163.926950823088,165.801012726531,175.803143147113,183.089983398988,180.365207424779,166.270721377599,175.757683932663,165.88896722316,172.317113168064,191.925915426924,204.591865010311,172.667603075619,201.711741489404,195.903288869165,181.039369016355,191.630456240673,197.517092937437,187.580597059773,165.81709946382,196.134641545156,180.182025402499,196.673612850451,173.349579442647,195.461573353864,193.950199121689,169.615845297231,174.356971846615,170.175646926809,183.930670023396,182.45784149647,161.438153461258,178.306509297073,178.90019314731,203.291654650604,227.431148398072,169.556189664632,194.491187567946,185.449165087342,176.073287230852,171.107399221088,181.392137772455,167.58933733742,185.967647060138,181.033262026066,180.027812930883,187.87819385128,187.108679516377,189.712347873031,200.533901230185,183.141902443048,163.926950823088,165.801012726531,175.803143147113,183.089983398988,180.365207424779,166.270721377599,175.757683932663,165.88896722316,172.317113168064,191.925915426924,204.591865010311,172.667603075619,201.711741489404,195.903288869165,181.039369016355,191.630456240673,197.517092937437,187.580597059773,165.81709946382,196.134641545156,180.182025402499,196.673612850451,173.349579442647,195.461573353864,193.950199121689,169.615845297231,174.356971846615
170.390563759526,191.417651397681,182.690095279004,165.256311464222,182.804773591181,167.778974241231,202.149945743336,169.556189664632,229.518466617368,197.838265682295,164.291531861807,182.519013300286,170.820332623416,170.409845761588,166.63261739476,185.931867488032,170.519453816803,176.619779439168,191.938160245896,176.342535156367,182.414818831623,202.054777183575,179.197779132961,163.776405358938,162.944203316751,161.200173226793,179.394483719703,196.805266799306,159.025571748743,176.186367317655,178.673486686694,180.416383205881,190.875707701578,183.278865977898,166.392743312122,197.457147850668,175.89626985644,156.308163864484,185.709560902819,197.804105944651,179.205207511582,160.435754032445,214.136608642455,190.597792862449,182.799074916772,190.318761410291,197.147668610968,176.741756807924,171.597413551309,177.372591398003,170.390563759526,191.417651397681,182.690095279004,165.256311464222,182.804773591181,167.778974241231,202.149945743336,169.556189664632,229.518466617368,197.838265682295,164.291531861807,182.519013300286,170.820332623416,170.409845761588,166.63261739476,185.931867488032,170.519453816803,176.619779439168,191.938160245896,176.342535156367,182.414818831623,202.054777183575,179.197779132961,163.776405358938,162.944203316751,161.200173226793,179.394483719703,196.805266799306,159.025571748743,176.186367317655,178.673486686694,180.416383205881,190.875707701578,183.278865977898,166.392743312122,197.457147850668,175.89626985644,156.308163864484,185.709560902819,197.804105944651,179.205207511582,160.435754032445,214.136608642455,190.597792862449,182.799074916772,190.318761410291,197.147668610968,176.741756807924,171.597413551309,177.372591398003
194.699201955384,218.889693687616,212.044024402594,186.769178092576,203.317291878078,191.825499924753,237.464951425178,194.491187567946,197.838265682295,268.256692164326,183.972925179912,225.499217817906,202.562290585721,196.978024321034,199.0903801825,201.507470777059,204.448078258578,199.973761626573,221.289896024965,214.763593376552,219.540102898244,238.670604211975,210.488032384714,192.701275272754,211.158700860946,192.755183445963,203.728050002785,218.503946923064,187.673650588938,206.070027742248,191.082765960607,210.903368768042,212.683766051269,224.954760536847,201.993331158597,217.516220491509,212.856126158411,191.249069513815,213.029752511685,224.483906003858,213.54829817755,180.890968367822,229.29192441813,204.588378444743,218.124014462689,207.506071467673,240.370285731965,206.702577873621,197.946406419485,197.846966789869,194.699201955384,218.889693687616,212.044024402594,186.769178092576,203.317291878078,191.825499924753,237.464951425178,194.491187567946,197.838265682295,268.256692164326,183.972925179912,225.499217817906,202.562290585721,196.978024321034,199.0903801825,201.507470777059,204.448078258578,199.973761626573,221.289896024965,214.763593376552,219.540102898244,238.670604211975,210.488032384714,192.701275272754,211.158700860946,192.755183445963,203.728050002785,218.503946923064,187.673650588938,206.070027742248,191.082765960607,210.903368768042,212.683766051269,224.954760536847,201.993331158597,217.516220491509,212.856126158411,191.249069513815,213.029752511685,224.483906003858,213.54829817755,180.890968367822,229.29192441813,204.588378444743,218.124014462689,207.506071467673,240.370285731965,206.702577873621,197.946406419485,197.846966789869
187.523017726652,178.321422660446,180.601683672796,154.373844636897,176.55558433772,178.629348033404,205.073487428433,185.449165087342,164.291531861807,183.972925179912,220.157952323414,172.999373089745,173.873876000185,176.389323808322,174.610710520915,189.722360420615,189.69087180641,180.993997329641,179.58327758356,195.047643799924,183.529364363595,193.976140042285,173.980704843107,176.016275848016,165.756274524156,182.100891933691,184.646883749349,197.404327231577,163.071384367853,178.95986178338,185.397141890462,170.60352279546,183.885234831601,198.176184366003,169.358521315557,196.57692541222,198.48405689023,182.999967561604,197.581373761833,191.285756525305,187.144521888096,167.095614744231,188.490004177051,166.615100822956,188.422542281491,193.895926394865,194.010820410502,204.396666558655,175.469126937149,178.302501892604,187.523017726652,178.321422660446,180.601683672796,154.373844636897,176.55558433772,178.629348033404,205.073487428433,185.449165087342,164.291531861807,183.972925179912,220.157952323414,172.999373089745,173.873876000185,176.389323808322,174.610710520915,189.722360420615,189.69087180641,180.993997329641,179.58327758356,195.047643799924,183.529364363595,193.976140042285,173.980704843107,176.016275848016,165.756274524156,182.100891933691,184.646883749349,197.404327231577,163.071384367853,178.95986178338,185.397141890462,170.60352279546,183.885234831601,198.176184366003,169.358521315557,196.57692541222,198.48405689023,182.999967561604,197.581373761833,191.285756525305,187.144521888096,167.095614744231,188.490004177051,166.615100822956,188.422542281491,193.895926394865,194.010820410502,204.396666558655,175.469126937149,178.302501892604
193.634814981871,212.805943443278,196.458727587175,176.122158946751,185.139563302286,183.404049584408,224.492994723043,176.073287230852,182.519013300286,225.499217817906,172.999373089745,240.216360790978,194.556774261804,176.655857174089,175.675817876407,194.502360306086,178.830134396998,193.139959259015,197.94563572593,192.050927139008,195.818589471762,225.4858267475,191.674514574229,156.235438902696,200.639021130309,182.909337170895,197.352845648605,207.9163253891,178.833697951847,193.487824087135,190.627606881083,198.882594693732,198.670761007901,205.604718463249,193.211176671747,195.855529269917,208.572310631552,184.763832741347,200.567753957266,191.246172857689,194.148214714978,173.185656964915,208.660149635628,201.120570161294,198.774409103639,188.881357897946,209.524063532864,194.679981429961,190.265268208657,186.179019628439,193.634814981871,212.805943443278,196.458727587175,176.122158946751,185.139563302286,183.404049584408,224.492994723043,176.073287230852,182.519013300286,225.499217817906,172.999373089745,240.216360790978,194.556774261804,176.655857174089,175.675817876407,194.502360306086,178.830134396998,193.139959259015,197.94563572593,192.050927139008,195.818589471762,225.4858267475,191.674514574229,156.235438902696,200.639021130309,182.909337170895,197.352845648605,207.9163253891,178.833697951847,193.487824087135,190.627606881083,198.882594693732,198.670761007901,205.604718463249,193.211176671747,195.855529269917,208.572310631552,184.763832741347,200.567753957266,191.246172857689,194.148214714978,173.185656964915,208.660149635628,201.120570161294,198.774409103639,188.881357897946,209.524063532864,194.679981429961,190.265268208657,186.179019628439
181.679393624853,192.42384839651,181.066383076523,147.405650379578,188.44919301296,166.180749590253,182.214559623334,171.107399221088,170.820332623416,202.562290585721,173.873876000185,194.556774261804,238.213541117046,167.014925170845,179.392185502632,175.57716935099,180.416674576243,184.452873658158,189.718522619401,178.33970680462,193.320547703449,201.320264934012,186.633574846649,160.220924645508,178.635224263592,181.781899669022,163.761108904048,203.535256308258,153.320025936858,193.611861077333,166.685726928506,190.13923255677,201.3663282055,192.614314945284,162.46056521486,198.368266409699,199.47620758077,186.894956459828,197.696447053353,184.920680889404,176.219859925842,171.127065605373,215.656284877239,182.530187474362,202.82824715381,186.347008733373,199.121262636623,178.705310625952,166.092314614361,173.134961520989,181.679393624853,192.42384839651,181.066383076523,147.405650379578,188.44919301296,166.180749590253,182.214559623334,171.107399221088,170.820332623416,202.562290585721,173.873876000185,194.556774261804,238.213541117046,167.014925170845,179.392185502632,175.57716935099,180.416674576243,184.452873658158,189.718522619401,178.33970680462,193.320547703449,201.320264934012,186.633574846649,160.220924645508,178.635224263592,181.781899669022,163.761108904048,203.535256308258,153.320025936858,193.611861077333,166.685726928506,190.13923255677,201.3663282055,192.614314945284,162.46056521486,198.368266409699,199.47620758077,186.894956459828,197.696447053353,184.920680889404,176.219859925842,171.127065605373,215.656284877239,182.530187474362,202.82824715381,186.347008733373,199.121262636623,178.705310625952,166.092314614361,173.134961520989
176.298430601986,199.825435078541,191.684624283282,163.164081051442,188.401615730782,175.308003104431,207.74644480701,181.392137772455,170.409845761588,196.978024321034,176.389323808322,176.655857174089,167.014925170845,230.287874456131,171.338961714571,180.600058092229,179.968652455788,187.276794579747,185.313344484132,192.433736263983,174.923530464562,216.302147803623,182.477905625105,186.384438653341,182.410646274216,166.832468537704,180.407559077473,193.114548111012,167.009699250202,171.443513455491,162.598148783255,181.366756956619,188.149040220243,210.399510681793,174.172583311316,197.789789786393,203.960323947904,164.339082907449,201.158201027477,189.911193820031,200.577291552942,164.425384504094,202.999007598589,194.951661590913,196.100218597381,181.95393767988,196.531633505801,176.916211852985,170.57480574925,168.883789258806,176.298430601986,199.825435078541,191.684624283282,163.164081051442,188.401615730782,175.308003104431,207.74644480701,181.392137772455,170.409845761588,196.978024321034,176.389323808322,176.655857174089,167.014925170845,230.287874456131,171.338961714571,180.600058092229,179.968652455788,187.276794579747,185.313344484132,192.433736263983,174.923530464562,216.302147803623,182.477905625105,186.384438653341,182.410646274216,166.832468537704,180.407559077473,193.114548111012,167.009699250202,171.443513455491,162.598148783255,181.366756956619,188.149040220243,210.399510681793,174.172583311316,197.789789786393,203.960323947904,164.339082907449,201.158201027477,189.911193820031,200.577291552942,164.425384504094,202.999007598589,194.951661590913,196.100218597381,181.95393767988,196.531633505801,176.916211852985,170.57480574925,168.883789258806
172.459203894102,195.395423506941,181.420273178744,144.437575262444,180.368677468657,173.79566542389,182.801135631088,167.58933733742,166.63261739476,199.0903801825,174.610710520915,175.675817876407,179.392185502632,171.338961714571,211.53852660283,176.323850960692,179.161070880696,170.249086705677,174.14390984804,178.22913460457,188.977670398342,193.703894750727,182.627220337481,173.403861117836,167.002546033096,169.527189911342,173.506744038123,195.50043859786,145.026091943399,185.739022001195,164.747286273338,176.576659746044,193.902627692877,197.123202553553,162.738328541872,186.450443144803,188.683563868,160.502250006865,184.023313149071,185.946624312069,192.328050731011,167.964938231512,203.42041955322,186.938895627907,199.134307307611,170.93000650448,196.118568736891,186.354837775668,177.05742171251,167.286618433054,172.459203894102,195.395423506941,181.420273178744,144.437575262444,180.368677468657,173.79566542389,182.801135631088,167.58933733742,166.63261739476,199.0903801825,174.610710520915,175.675817876407,179.392185502632,171.338961714571,211.53852660283,176.323850960692,179.161070880696,170.249086705677,174.14390984804,178.22913460457,188.977670398342,193.703894750727,182.627220337481,173.403861117836,167.002546033096,169.527189911342,173.506744038123,195.50043859786,145.026091943399,185.739022001195,164.747286273338,176.576659746044,193.902627692877,197.123202553553,162.738328541872,186.450443144803,188.683563868,160.502250006865,184.023313149071,185.946624312069,192.328050731011,167.964938231512,203.42041955322,186.938895627907,199.134307307611,170.93000650448,196.118568736891,186.354837775668,177.05742171251,167.286618433054
194.623969560698,201.468947080451,203.090415035702,173.929246446275,190.715002305264,184.57932949686,215.788046049592,185.967647060138,185.931867488032,201.507470777059,189.722360420615,194.502360306086,175.57716935099,180.600058092229,176.323850960692,272.929022704731,192.841858296419,200.989113060334,178.842961999548,193.178313455237,187.138108059404,220.430538378962,193.493698179729,178.430649696708,183.418506129739,191.498715475069,207.470358510633,212.041871511147,172.001208602204,195.345185638175,195.683074913892,199.830341429862,209.968031483614,209.089430120854,193.4990883987,200.287347801032,211.743069654936,200.760124411273,207.964174365533,216.958031931142,209.99007708742,169.814001093725,212.995465901744,207.928629878487,196.410003310595,207.440747029832,209.597604282987,210.004922427816,212.333450586222,176.59758568837,194.623969560698,201.468947080451,203.090415035702,173.929246446275,190.715002305264,184.57932949686,215.788046049592,185.967647060138,185.931867488032,201.507470777059,189.722360420615,194.502360306086,175.57716935099,180.600058092229,176.323850960692,272.929022704731,192.841858296419,200.989113060334,178.842961999548,193.178313455237,187.138108059404,220.430538378962,193.493698179729,178.430649696708,183.418506129739,191.498715475069,207.470358510633,212.041871511147,172.001208602204,195.345185638175,195.683074913892,199.830341429862,209.968031483614,209.089430120854,193.4990883987,200.287347801032,211.743069654936,200.760124411273,207.964174365533,216.958031931142,209.99007708742,169.814001093725,212.995465901744,207.928629878487,196.410003310595,207.440747029832,209.597604282987,210.004922427816,212.333450586222,176.59758568837
189.103113728509,198.513261104506,191.388685592622,160.226254957982,176.760149355328,183.421430826545,206.595448197356,181.033262026066,170.519453816803,204.448078258578,189.69087180641,178.830134396998,180.416674576243,179.968652455788,179.161070880696,192.841858296419,223.46112005366,188.120875457548,190.403634307764,183.132211641391,186.122016629294,211.688320867284,183.154207437738,181.4289801339,173.150306886607,183.350555488455,184.225613666281,208.198972122143,162.169742157332,183.475166173431,176.248121712663,184.627606192511,182.660157244432,208.325210280793,175.468586756142,194.658027214784,192.992493423286,175.795096915193,192.290577508845,194.34839724581,179.688228055839,173.769172192,205.205640597122,180.800289034289,198.961877908608,193.538408792954,213.098955300461,206.119571778863,179.115349444654,187.64663610739,189.103113728509,198.513261104506,191.388685592622,160.226254957982,176.760149355328,183.421430826545,206.595448197356,181.033262026066,170.519453816803,204.448078258578,189.69087180641,178.830134396998,180.416674576243,179.968652455788,179.161070880696,192.841858296419,223.46112005366,188.120875457548,190.403634307764,183.132211641391,186.122016629294,211.688320867284,183.154207437738,181.4289801339,173.150306886607,183.350555488455,184.225613666281,208.198972122143,162.169742157332,183.475166173431,176.248121712663,184.627606192511,182.660157244432,208.325210280793,175.468586756142,194.658027214784,192.992493423286,175.795096915193,192.290577508845,194.34839724581,179.688228055839,173.769172192,205.205640597122,180.800289034289,198.961877908608,193.538408792954,213.098955300461,206.119571778863,179.115349444654,187.64663610739
193.038000821727,198.767018725158,197.08021847352,166.504439099532,203.586455254888,179.077126791379,209.665082530578,180.027812930883,176.619779439168,199.973761626573,180.993997329641,193.139959259015,184.452873658158,187.276794579747,170.249086705677,200.989113060334,188.120875457548,217.751413655301,188.959511766494,180.515916871291,187.102472427901,218.991362239591,184.627766350683,179.608982256353,182.768143665928,184.126693500112,182.565457856499,210.130396659186,160.241237939672,182.420498495004,176.398874897715,189.571551557406,190.545221440204,201.180635646706,182.404679457821,196.643750959417,197.999765977261,184.459554839619,202.161994096028,194.67400207821,185.88574610972,173.502864850707,200.737815751121,200.832974662014,196.702648188504,192.291844467574,205.86840921756,189.763864726992,190.684361402018,187.436800242476,193.038000821727,198.767018725158,197.08021847352,166.504439099532,203.586455254888,179.077126791379,209.665082530578,180.027812930883,176.619779439168,199.973761626573,180.993997329641,193.139959259015,184.452873658158,187.276794579747,170.249086705677,200.989113060334,188.120875457548,217.751413655301,188.959511766494,180.515916871291,187.102472427901,218.991362239591,184.627766350683,179.608982256353,182.768143665928,184.126693500112,182.565457856499,210.130396659186,160.241237939672,182.420498495004,176.398874897715,189.571551557406,190.545221440204,201.180635646706,182.404679457821,196.643750959417,197.999765977261,184.459554839619,202.161994096028,194.67400207821,185.88574610972,173.502864850707,200.737815751121,200.832974662014,196.702648188504,192.291844467574,205.86840921756,189.763864726992,190.684361402018,187.436800242476
187.489232137906,205.086888669339,187.76169207323,167.484298418773,190.5512546877,178.397036449155,215.346122134783,187.87819385128,191.938160245896,221.289896024965,179.58327758356,197.94563572593,189.718522619401,185.313344484132,174.14390984804,178.842961999548,190.403634307764,188.959511766494,241.951540764705,191.975616063564,204.056901513388,223.091641694949,185.584842386531,171.418628154889,179.2550722489,181.188490850684,187.112122100794,199.93408243305,176.523904709021,184.555703080893,181.351599804464,183.318799709632,195.150375038352,205.745880566976,184.27047775874,203.859815654683,202.564137724227,172.676144831253,203.392788758158,193.166107099814,193.858275897284,168.930513532669,212.859170311497,189.50658429392,207.272086702432,197.196959387496,207.151628374929,189.15496303175,179.100144044373,191.7302520176,187.489232137906,205.086888669339,187.76169207323,167.484298418773,190.5512546877,178.397036449155,215.346122134783,187.87819385128,191.938160245896,221.289896024965,179.58327758356,197.94563572593,189.718522619401,185.313344484132,174.14390984804,178.842961999548,190.403634307764,188.959511766494,241.951540764705,191.975616063564,204.056901513388,223.091641694949,185.584842386531,171.418628154889,179.2550722489,181.188490850684,187.112122100794,199.93408243305,176.523904709021,184.555703080893,181.351599804464,183.318799709632,195.150375038352,205.745880566976,184.27047775874,203.859815654683,202.564137724227,172.676144831253,203.392788758158,193.166107099814,193.858275897284,168.930513532669,212.859170311497,189.50658429392,207.272086702432,197.196959387496,207.151628374929,189.15496303175,179.100144044373,191.7302520176
187.18831244616,200.546400971895,191.671245210322,169.568240129844,189.810276977046,181.509957476334,216.511346579817,187.108679516377,176.342535156367,214.763593376552,195.047643799924,192.050927139008,178.33970680462,192.433736263983,178.22913460457,193.178313455237,183.132211641391,180.515916871291,191.975616063564,243.673377605033,194.306223616397,214.977045473504,193.290646580455,178.659318094776,195.930955030776,190.188782061365,197.814377560111,204.77388704883,180.512102757867,195.925718528699,186.841095213185,191.397489582322,211.763263324686,209.706367415384,169.616523243768,206.965465516253,198.431742685635,195.556447123862,206.07070664074,199.222707120346,212.871016865082,165.160577911643,195.688967701509,193.399298773673,199.971072327478,204.669686519832,213.22728795293,200.502089428691,173.495648049084,170.635965506947,187.18831244616,200.546400971895,191.671245210322,169.568240129844,189.810276977046,181.509957476334,216.511346579817,187.108679516377,176.342535156367,214.763593376552,195.047643799924,192.050927139008,178.33970680462,192.433736263983,178.22913460457,193.178313455237,183.132211641391,180.515916871291,191.975616063564,243.673377605033,194.306223616397,214.977045473504,193.290646580455,178.659318094776,195.930955030776,190.188782061365,197.814377560111,204.77388704883,180.512102757867,195.925718528699,186.841095213185,191.397489582322,211.763263324686,209.706367415384,169.616523243768,206.965465516253,198.431742685635,195.556447123862,206.07070664074,199.222707120346,212.871016865082,165.160577911643,195.688967701509,193.399298773673,199.971072327478,204.669686519832,213.22728795293,200.502089428691,173.495648049084,170.635965506947
188.780164711042,201.624629627102,189.931835346507,161.690496439916,199.599858090647,180.181020207225,216.615394229231,189.712347873031,182.414818831623,219.540102898244,183.529364363595,195.818589471762,193.320547703449,174.923530464562,188.977670398342,187.138108059404,186.122016629294,187.102472427901,204.056901513388,194.306223616397,237.407176533042,222.406683118452,197.063921768327,175.846635565247,182.371831479709,186.847010961678,184.198335159783,202.412446720328,172.811038286784,197.981995604703,177.003326111717,194.786737911841,211.664282125647,202.398262570775,174.799030957741,204.12598248587,204.028211278008,181.217630668623,200.511485817995,210.205022813322,206.831751585493,178.517714346209,213.992285597898,192.16545605654,203.239314704716,197.118412551379,228.014720023524,196.416255021858,184.380785669229,196.247109571436,188.780164711042,201.624629627102,189.931835346507,161.690496439916,199.599858090647,180.181020207225,216.615394229231,189.712347873031,182.414818831623,219.540102898244,183.529364363595,195.818589471762,193.320547703449,174.923530464562,188.977670398342,187.138108059404,186.122016629294,187.102472427901,204.056901513388,194.306223616397,237.407176533042,222.406683118452,197.063921768327,175.846635565247,182.371831479709,186.847010961678,184.198335159783,202.412446720328,172.811038286784,197.981995604703,177.003326111717,194.786737911841,211.664282125647,202.398262570775,174.799030957741,204.12598248587,204.028211278008,181.217630668623,200.511485817995,210.205022813322,206.831751585493,178.517714346209,213.992285597898,192.16545605654,203.239314704716,197.118412551379,228.014720023524,196.416255021858,184.380785669229,196.247109571436
216.856382566273,225.074830377102,217.168099572109,188.032677897988,213.96005000726,201.965071531311,230.597945374409,200.533901230185,202.054777183575,238.670604211975,193.976140042285,225.4858267475,201.320264934012,216.302147803623,193.703894750727,220.430538378962,211.688320867284,218.991362239591,223.091641694949,214.977045473504,222.406683118452,276.369274264258,213.315560882952,192.863410824153,213.522919141836,196.558290761685,213.589191585173,230.510535239441,189.808729269382,218.358380016283,207.499895950496,223.167650972632,225.558950820876,235.211596947788,203.707882917352,220.388421926674,226.884486279934,198.780168054821,220.029708287531,222.804392856123,227.995717154643,196.381544539871,235.506224198281,228.767211242072,220.565072849523,222.710100733908,237.450233071664,220.578763974454,204.108945521998,202.028852593415,216.856382566273,225.074830377102,217.168099572109,188.032677897988,213.96005000726,201.965071531311,230.597945374409,200.533901230185,202.054777183575,238.670604211975,193.976140042285,225.4858267475,201.320264934012,216.302147803623,193.703894750727,220.430538378962,211.688320867284,218.991362239591,223.091641694949,214.977045473504,222.406683118452,276.369274264258,213.315560882952,192.863410824153,213.522919141836,196.558290761685,213.589191585173,230.510535239441,189.808729269382,218.358380016283,207.499895950496,223.167650972632,225.558950820876,235.211596947788,203.707882917352,220.388421926674,226.884486279934,198.780168054821,220.029708287531,222.804392856123,227.995717154643,196.381544539871,235.506224198281,228.767211242072,220.565072849523,222.710100733908,237.450233071664,220.578763974454,204.108945521998,202.028852593415
180.368360463663,208.50451779926,184.917798076027,161.373593568364,184.443725829294,179.770323289692,207.227268209668,183.141902443048,179.197779132961,210.488032384714,173.980704843107,191.674514574229,186.633574846649,182.477905625105,182.627220337481,193.493698179729,183.154207437738,184.627766350683,185.584842386531,193.290646580455,197.063921768327,213.315560882952,231.596425573046,168.095157877721,183.681797792602,175.027166087268,182.215094562678,200.912776631808,175.115902614365,200.601074924706,174.568896777241,206.50726622447,202.025874174407,203.035560380865,175.263078428504,190.813949471665,202.175018922643,182.535172780035,203.595134690992,205.304516177443,197.132507683054,173.799254546184,214.699617713593,201.544134196722,202.536697837678,193.643771886819,207.767526869505,179.89291313558,188.514997511375,176.060341986066,180.368360463663,208.50451779926,184.917798076027,161.373593568364,184.443725829294,179.770323289692,207.227268209668,183.141902443048,179.197779132961,210.488032384714,173.980704843107,191.674514574229,186.633574846649,182.477905625105,182.627220337481,193.493698179729,183.154207437738,184.627766350683,185.584842386531,193.290646580455,197.063921768327,213.315560882952,231.596425573046,168.095157877721,183.681797792602,175.027166087268,182.215094562678,200.912776631808,175.115902614365,200.601074924706,174.568896777241,206.50726622447,202.025874174407,203.035560380865,175.263078428504,190.813949471665,202.175018922643,182.535172780035,203.595134690992,205.304516177443,197.132507683054,173.799254546184,214.699617713593,201.544134196722,202.536697837678,193.643771886819,207.767526869505,179.89291313558,188.514997511375,176.060341986066
