87.2956422792132,65.26466319401,52.2646089000667,55.8820536957631,72.989795636335,66.0384337098198,67.7490177316047,67.1166345749326,70.9566209778711,60.6252869261116,41.9310522882446,75.6688779772163,49.0911428285369,45.6562068467957,62.3154131892297,50.5854060587208,74.7476899794644,58.9155536020556,65.187230982729,60.4707083053829,56.022941701827,52.8402401770149,64.9395053597048,59.640829175522,62.1424730477402,87.2956422792132,65.26466319401,52.2646089000667,55.8820536957631,72.989795636335,66.0384337098198,67.7490177316047,67.1166345749326,70.9566209778711,60.6252869261116,41.9310522882446,75.6688779772163,49.0911428285369,45.6562068467957,62.3154131892297,50.5854060587208,74.7476899794644,58.9155536020556,65.187230982729,60.4707083053829,56.022941701827,52.8402401770149,64.9395053597048,59.640829175522,62.1424730477402
65.2646631434117,100.109585545782,60.5608516899979,96.6512097080168,95.1084979084411,82.9430171061486,71.2962906980331,86.871687180504,75.3995183500579,69.8398172578283,65.8834198275173,87.6436126774384,74.0831487733654,60.228578564585,74.4180781425937,63.4656258957263,102.58918981474,70.1271699315597,75.9795750792273,63.0528609664397,80.1219095401735,63.6083040827092,64.2072203924861,82.4476942158694,76.3176320007223,65.2646631434117,100.109585545782,60.5608516899979,96.6512097080168,95.1084979084411,82.9430171061486,71.2962906980331,86.871687180504,75.3995183500579,69.8398172578283,65.8834198275173,87.6436126774384,74.0831487733654,60.228578564585,74.4180781425937,63.4656258957263,102.58918981474,70.1271699315597,75.9795750792273,63.0528609664397,80.1219095401735,63.6083040827092,64.2072203924861,82.4476942158694,76.3176320007223
52.2646088494684,60.5608516899979,62.4283552807824,72.2953478184369,69.3455014864476,71.4334382801264,62.1370358768357,68.8908523664045,73.0468592474146,57.9341884376266,43.4233996439046,69.6481238100189,56.3029219404927,54.1270520576853,58.9957903233308,55.0503642012926,80.7612220062726,58.2798432576734,66.1740484981391,54.8642588283319,57.8246733611602,56.086020521573,56.2470297526937,71.7328737952269,64.4965757699439,52.2646088494684,60.5608516899979,62.4283552807824,72.2953478184369,69.3455014864476,71.4334382801264,62.1370358768357,68.8908523664045,73.0468592474146,57.9341884376266,43.4233996439046,69.6481238100189,56.3029219404927,54.1270520576853,58.9957903233308,55.0503642012926,80.7612220062726,58.2798432576734,66.1740484981391,54.8642588283319,57.8246733611602,56.086020521573,56.2470297526937,71.7328737952269,64.4965757699439
55.8820536451649,96.6512097080168,72.2953478184369,122.253276537439,102.860076130405,90.1835476358639,73.6784042827703,98.407947848158,86.3192089901356,80.6750705835277,71.4883221641653,99.3275499665941,87.6397440400227,70.1401507277981,82.1462029475836,80.3912574810349,111.3106907465,80.5713938696377,92.7904254621728,67.9734642693195,91.9261352749509,78.2899320077199,70.7834603055702,96.9268293623905,90.6557117966534,55.8820536451649,96.6512097080168,72.2953478184369,122.253276537439,102.860076130405,90.1835476358639,73.6784042827703,98.407947848158,86.3192089901356,80.6750705835277,71.4883221641653,99.3275499665941,87.6397440400227,70.1401507277981,82.1462029475836,80.3912574810349,111.3106907465,80.5713938696377,92.7904254621728,67.9734642693195,91.9261352749509,78.2899320077199,70.7834603055702,96.9268293623905,90.6557117966534
72.9897955857367,95.1084979084411,69.3455014864476,102.860076130405,119.254599094957,91.384702026952,87.8138312011729,95.5226664990072,91.0900983904622,85.3318008896994,75.1460659535047,96.9622803231866,87.0761963046809,66.6392923402569,90.7134454378208,66.9526148725474,111.266009034225,81.8049584424594,92.6498692703702,73.9874066745372,78.0971779821815,73.9170658237987,79.5279261056602,100.995253865986,88.5539434344624,72.9897955857367,95.1084979084411,69.3455014864476,102.860076130405,119.254599094957,91.384702026952,87.8138312011729,95.5226664990072,91.0900983904622,85.3318008896994,75.1460659535047,96.9622803231866,87.0761963046809,66.6392923402569,90.7134454378208,66.9526148725474,111.266009034225,81.8049584424594,92.6498692703702,73.9874066745372,78.0971779821815,73.9170658237987,79.5279261056602,100.995253865986,88.5539434344624
66.0384336592216,82.9430171061486,71.4334382801264,90.1835476358639,91.384702026952,139.774602884385,86.4709306605189,103.043817889065,101.339995720853,84.347137943539,65.9572246495636,95.5013045828526,86.5375891962456,73.7349725312921,87.5799736076772,76.0858931681827,124.375404721225,92.2608527608597,85.7697044683637,84.0090305194614,76.7259995012593,63.7030479364763,79.7920412071847,102.801551832647,87.0271707065139,66.0384336592216,82.9430171061486,71.4334382801264,90.1835476358639,91.384702026952,139.774602884385,86.4709306605189,103.043817889065,101.339995720853,84.347137943539,65.9572246495636,95.5013045828526,86.5375891962456,73.7349725312921,87.5799736076772,76.0858931681827,124.375404721225,92.2608527608597,85.7697044683637,84.0090305194614,76.7259995012593,63.7030479364763,79.7920412071847,102.801551832647,87.0271707065139
67.7490176810065,71.2962906980331,62.1370358768357,73.6784042827703,87.8138312011729,86.4709306605189,95.6706761489724,82.3470813158176,92.3618823145718,82.6723314435663,59.8936731359715,87.547488078464,61.7703921668327,62.8080748157174,75.4654321916213,58.0345610868778,94.0120162247969,76.9448977112449,74.592470880651,63.4891809117095,65.3497153592764,63.7033865303767,64.4372929880859,84.7302109098502,68.5767162136829,67.7490176810065,71.2962906980331,62.1370358768357,73.6784042827703,87.8138312011729,86.4709306605189,95.6706761489724,82.3470813158176,92.3618823145718,82.6723314435663,59.8936731359715,87.547488078464,61.7703921668327,62.8080748157174,75.4654321916213,58.0345610868778,94.0120162247969,76.9448977112449,74.592470880651,63.4891809117095,65.3497153592764,63.7033865303767,64.4372929880859,84.7302109098502,68.5767162136829
67.1166345243344,86.871687180504,68.8908523664045,98.407947848158,95.5226664990072,103.043817889065,82.3470813158176,106.79851848865,95.9052472684424,77.0892491169162,65.1809527476472,97.5946900381945,80.550833036007,70.0878856387134,83.8507090410912,73.2356743866998,106.826281817087,79.7950780650164,89.0622634880382,74.1968853664459,82.6285185723525,66.4608481145982,76.3757078095334,92.1969817352927,77.9815268697514,67.1166345243344,86.871687180504,68.8908523664045,98.407947848158,95.5226664990072,103.043817889065,82.3470813158176,106.79851848865,95.9052472684424,77.0892491169162,65.1809527476472,97.5946900381945,80.550833036007,70.0878856387134,83.8507090410912,73.2356743866998,106.826281817087,79.7950780650164,89.0622634880382,74.1968853664459,82.6285185723525,66.4608481145982,76.3757078095334,92.1969817352927,77.9815268697514
70.9566209272729,75.3995183500579,73.0468592474146,86.3192089901356,91.0900983904622,101.339995720853,92.3618823145718,95.9052472684424,119.23163735857,84.8274973951658,69.0510592693071,100.52682921397,75.3560138143233,73.2625948522776,75.188307416945,65.2373560406247,96.4198814822029,82.0600622538797,92.4554928115107,81.3904991089105,81.6802368366678,75.6999266735667,73.1620620121411,95.9825234780351,78.3411281965358,70.9566209272729,75.3995183500579,73.0468592474146,86.3192089901356,91.0900983904622,101.339995720853,92.3618823145718,95.9052472684424,119.23163735857,84.8274973951658,69.0510592693071,100.52682921397,75.3560138143233,73.2625948522776,75.188307416945,65.2373560406247,96.4198814822029,82.0600622538797,92.4554928115107,81.3904991089105,81.6802368366678,75.6999266735667,73.1620620121411,95.9825234780351,78.3411281965358
60.6252868755133,69.8398172578283,57.9341884376266,80.6750705835277,85.3318008896994,84.347137943539,82.6723314435663,77.0892491169162,84.8274973951658,103.516418082151,61.5763771935461,89.925298870972,68.3776065197769,58.1916004336096,74.5297381322871,62.4411871012964,95.2616962899135,77.0659947437616,82.8855567199452,64.9287561473844,72.2612822169423,69.5012899886095,59.8447672690582,87.4469465677195,77.6460199108992,60.6252868755133,69.8398172578283,57.9341884376266,80.6750705835277,85.3318008896994,84.347137943539,82.6723314435663,77.0892491169162,84.8274973951658,103.516418082151,61.5763771935461,89.925298870972,68.3776065197769,58.1916004336096,74.5297381322871,62.4411871012964,95.2616962899135,77.0659947437616,82.8855567199452,64.9287561473844,72.2612822169423,69.5012899886095,59.8447672690582,87.4469465677195,77.6460199108992
41.9310522376464,65.8834198275173,43.4233996439046,71.4883221641653,75.1460659535047,65.9572246495636,59.8936731359715,65.1809527476472,69.0510592693071,61.5763771935461,74.0032929227459,70.1964084929991,64.2870734915158,57.20263392533,52.7992466403779,44.4760769236166,80.9468667962572,60.0720469173739,66.0704052339835,48.4922799470115,57.1278309900411,58.1307830742679,47.42989379522,66.7949300573424,64.774433403442,41.9310522376464,65.8834198275173,43.4233996439046,71.4883221641653,75.1460659535047,65.9572246495636,59.8936731359715,65.1809527476472,69.0510592693071,61.5763771935461,74.0032929227459,70.1964084929991,64.2870734915158,57.20263392533,52.7992466403779,44.4760769236166,80.9468667962572,60.0720469173739,66.0704052339835,48.4922799470115,57.1278309900411,58.1307830742679,47.42989379522,66.7949300573424,64.774433403442
75.6688779266181,87.6436126774384,69.6481238100189,99.3275499665941,96.9622803231866,95.5013045828526,87.547488078464,97.5946900381945,100.52682921397,89.925298870972,70.1964084929991,125.054419628238,76.5820748186437,78.5739570309842,90.8981818355034,77.4385154989688,100.875453509771,77.6525093825959,98.0440709346028,72.2761740429985,80.6595490608456,80.7065821612679,78.5874140909884,90.0284554891438,84.2752046353798,75.6688779266181,87.6436126774384,69.6481238100189,99.3275499665941,96.9622803231866,95.5013045828526,87.547488078464,97.5946900381945,100.52682921397,89.925298870972,70.1964084929991,125.054419628238,76.5820748186437,78.5739570309842,90.8981818355034,77.4385154989688,100.875453509771,77.6525093825959,98.0440709346028,72.2761740429985,80.6595490608456,80.7065821612679,78.5874140909884,90.0284554891438,84.2752046353798
49.0911427779386,74.0831487733654,56.3029219404927,87.6397440400227,87.0761963046809,86.5375891962456,61.7703921668327,80.550833036007,75.3560138143233,68.3776065197769,64.2870734915158,76.5820748186437,87.8989444491816,61.1979767072376,70.4644418337208,59.7938966896849,97.3255464992085,69.8634743116042,75.1610733499473,58.8279508639368,69.1877505058008,64.698882448717,62.6653350140197,78.3901724763551,80.1050336239743,49.0911427779386,74.0831487733654,56.3029219404927,87.6397440400227,87.0761963046809,86.5375891962456,61.7703921668327,80.550833036007,75.3560138143233,68.3776065197769,64.2870734915158,76.5820748186437,87.8989444491816,61.1979767072376,70.4644418337208,59.7938966896849,97.3255464992085,69.8634743116042,75.1610733499473,58.8279508639368,69.1877505058008,64.698882448717,62.6653350140197,78.3901724763551,80.1050336239743
45.6562067961974,60.228578564585,54.1270520576853,70.1401507277981,66.6392923402569,73.7349725312921,62.8080748157174,70.0878856387134,73.2625948522776,58.1916004336096,57.20263392533,78.5739570309842,61.1979767072376,80.0845583076681,59.101013120339,55.1067354116514,76.3987326401501,55.3434065152589,77.9169461112859,49.1685357667148,53.2178212369449,52.5076145998741,53.4934450230912,62.2695109451366,64.74379014718,45.6562067961974,60.228578564585,54.1270520576853,70.1401507277981,66.6392923402569,73.7349725312921,62.8080748157174,70.0878856387134,73.2625948522776,58.1916004336096,57.20263392533,78.5739570309842,61.1979767072376,80.0845583076681,59.101013120339,55.1067354116514,76.3987326401501,55.3434065152589,77.9169461112859,49.1685357667148,53.2178212369449,52.5076145998741,53.4934450230912,62.2695109451366,64.74379014718
62.3154131386314,74.4180781425937,58.9957903233308,82.1462029475836,90.7134454378208,87.5799736076772,75.4654321916213,83.8507090410912,75.188307416945,74.5297381322871,52.7992466403779,90.8981818355034,70.4644418337208,59.101013120339,89.7049074674599,63.8058463830906,99.8043674030909,69.0821039392631,76.6034226669574,63.7665262456726,58.8730091875696,61.0643587326394,68.5210541202464,77.9488477559518,73.6640570693127,62.3154131386314,74.4180781425937,58.9957903233308,82.1462029475836,90.7134454378208,87.5799736076772,75.4654321916213,83.8507090410912,75.188307416945,74.5297381322871,52.7992466403779,90.8981818355034,70.4644418337208,59.101013120339,89.7049074674599,63.8058463830906,99.8043674030909,69.0821039392631,76.6034226669574,63.7665262456726,58.8730091875696,61.0643587326394,68.5210541202464,77.9488477559518,73.6640570693127
50.5854060081226,63.4656258957263,55.0503642012926,80.3912574810349,66.9526148725474,76.0858931681827,58.0345610868778,73.2356743866998,65.2373560406247,62.4411871012964,44.4760769236166,77.4385154989688,59.7938966896849,55.1067354116514,63.8058463830906,69.4922345433902,84.0934021532629,60.7687412870581,69.156210930195,48.5169530477826,62.615925922811,54.2637695076773,53.5286573756967,70.0012609683663,67.3369965677198,50.5854060081226,63.4656258957263,55.0503642012926,80.3912574810349,66.9526148725474,76.0858931681827,58.0345610868778,73.2356743866998,65.2373560406247,62.4411871012964,44.4760769236166,77.4385154989688,59.7938966896849,55.1067354116514,63.8058463830906,69.4922345433902,84.0934021532629,60.7687412870581,69.156210930195,48.5169530477826,62.615925922811,54.2637695076773,53.5286573756967,70.0012609683663,67.3369965677198
74.7476899288661,102.58918981474,80.7612220062726,111.3106907465,111.266009034225,124.375404721225,94.0120162247969,106.826281817087,96.4198814822029,95.2616962899135,80.9468667962572,100.875453509771,97.3255464992085,76.3987326401501,99.8043674030909,84.0934021532629,153.209021158621,98.3449447238568,93.1139246645207,88.4223968733942,84.2284782251417,86.4649790344798,83.5841264334142,112.366072262866,107.032878231756,74.7476899288661,102.58918981474,80.7612220062726,111.3106907465,111.266009034225,124.375404721225,94.0120162247969,106.826281817087,96.4198814822029,95.2616962899135,80.9468667962572,100.875453509771,97.3255464992085,76.3987326401501,99.8043674030909,84.0934021532629,153.209021158621,98.3449447238568,93.1139246645207,88.4223968733942,84.2284782251417,86.4649790344798,83.5841264334142,112.366072262866,107.032878231756
58.9155535514573,70.1271699315597,58.2798432576734,80.5713938696377,81.8049584424594,92.2608527608597,76.9448977112449,79.7950780650164,82.0600622538797,77.0659947437616,60.0720469173739,77.6525093825959,69.8634743116042,55.3434065152589,69.0821039392631,60.7687412870581,98.3449447238568,84.3936904477784,74.4272002123286,63.5735335265578,66.1992646635208,61.5005609272542,62.1727273275843,83.9326507569921,73.598513546282,58.9155535514573,70.1271699315597,58.2798432576734,80.5713938696377,81.8049584424594,92.2608527608597,76.9448977112449,79.7950780650164,82.0600622538797,77.0659947437616,60.0720469173739,77.6525093825959,69.8634743116042,55.3434065152589,69.0821039392631,60.7687412870581,98.3449447238568,84.3936904477784,74.4272002123286,63.5735335265578,66.1992646635208,61.5005609272542,62.1727273275843,83.9326507569921,73.598513546282
65.1872309321308,75.9795750792273,66.1740484981391,92.7904254621728,92.6498692703702,85.7697044683637,74.592470880651,89.0622634880382,92.4554928115107,82.8855567199452,66.0704052339835,98.0440709346028,75.1610733499473,77.9169461112859,76.6034226669574,69.156210930195,93.1139246645207,74.4272002123286,107.958845112863,74.3234171448545,71.1717722748973,70.3162733630173,73.3933532616796,91.6812555820411,87.743919989473,65.1872309321308,75.9795750792273,66.1740484981391,92.7904254621728,92.6498692703702,85.7697044683637,74.592470880651,89.0622634880382,92.4554928115107,82.8855567199452,66.0704052339835,98.0440709346028,75.1610733499473,77.9169461112859,76.6034226669574,69.156210930195,93.1139246645207,74.4272002123286,107.958845112863,74.3234171448545,71.1717722748973,70.3162733630173,73.3933532616796,91.6812555820411,87.743919989473
60.4707082547847,63.0528609664397,54.8642588283319,67.9734642693195,73.9874066745372,84.0090305194614,63.4891809117095,74.1968853664459,81.3904991089105,64.9287561473844,48.4922799470115,72.2761740429985,58.8279508639368,49.1685357667148,63.7665262456726,48.5169530477826,88.4223968733942,63.5735335265578,74.3234171448545,83.9199325301926,60.8102415782416,59.7816026286431,66.515358185413,78.1373301866884,68.7256313183897,60.4707082547847,63.0528609664397,54.8642588283319,67.9734642693195,73.9874066745372,84.0090305194614,63.4891809117095,74.1968853664459,81.3904991089105,64.9287561473844,48.4922799470115,72.2761740429985,58.8279508639368,49.1685357667148,63.7665262456726,48.5169530477826,88.4223968733942,63.5735335265578,74.3234171448545,83.9199325301926,60.8102415782416,59.7816026286431,66.515358185413,78.1373301866884,68.7256313183897
56.0229416512287,80.1219095401735,57.8246733611602,91.9261352749509,78.0971779821815,76.7259995012593,65.3497153592764,82.6285185723525,81.6802368366678,72.2612822169423,57.1278309900411,80.6595490608456,69.1877505058008,53.2178212369449,58.8730091875696,62.615925922811,84.2284782251417,66.1992646635208,71.1717722748973,60.8102415782416,91.2305097238472,64.6012111129485,54.7046957573828,75.9306041483085,64.2887409548683,56.0229416512287,80.1219095401735,57.8246733611602,91.9261352749509,78.0971779821815,76.7259995012593,65.3497153592764,82.6285185723525,81.6802368366678,72.2612822169423,57.1278309900411,80.6595490608456,69.1877505058008,53.2178212369449,58.8730091875696,62.615925922811,84.2284782251417,66.1992646635208,71.1717722748973,60.8102415782416,91.2305097238472,64.6012111129485,54.7046957573828,75.9306041483085,64.2887409548683
52.8402401264167,63.6083040827092,56.086020521573,78.2899320077199,73.9170658237987,63.7030479364763,63.7033865303767,66.4608481145982,75.6999266735667,69.5012899886095,58.1307830742679,80.7065821612679,64.698882448717,52.5076145998741,61.0643587326394,54.2637695076773,86.4649790344798,61.5005609272542,70.3162733630173,59.7816026286431,64.6012111129485,74.2516844298812,56.7099377284437,72.3892715853547,73.939812097118,52.8402401264167,63.6083040827092,56.086020521573,78.2899320077199,73.9170658237987,63.7030479364763,63.7033865303767,66.4608481145982,75.6999266735667,69.5012899886095,58.1307830742679,80.7065821612679,64.698882448717,52.5076145998741,61.0643587326394,54.2637695076773,86.4649790344798,61.5005609272542,70.3162733630173,59.7816026286431,64.6012111129485,74.2516844298812,56.7099377284437,72.3892715853547,73.939812097118
64.9395053091066,64.2072203924861,56.2470297526937,70.7834603055702,79.5279261056602,79.7920412071847,64.4372929880859,76.3757078095334,73.1620620121411,59.8447672690582,47.42989379522,78.5874140909884,62.6653350140197,53.4934450230912,68.5210541202464,53.5286573756967,83.5841264334142,62.1727273275843,73.3933532616796,66.515358185413,54.7046957573828,56.7099377284437,73.134650067546,73.2494979151721,70.6596410848768,64.9395053091066,64.2072203924861,56.2470297526937,70.7834603055702,79.5279261056602,79.7920412071847,64.4372929880859,76.3757078095334,73.1620620121411,59.8447672690582,47.42989379522,78.5874140909884,62.6653350140197,53.4934450230912,68.5210541202464,53.5286573756967,83.5841264334142,62.1727273275843,73.3933532616796,66.515358185413,54.7046957573828,56.7099377284437,73.134650067546,73.2494979151721,70.6596410848768
59.6408291249238,82.4476942158694,71.7328737952269,96.9268293623905,100.995253865986,102.801551832647,84.7302109098502,92.1969817352927,95.9825234780351,87.4469465677195,66.7949300573424,90.0284554891438,78.3901724763551,62.2695109451366,77.9488477559518,70.0012609683663,112.366072262866,83.9326507569921,91.6812555820411,78.1373301866884,75.9306041483085,72.3892715853547,73.2494979151721,113.41828355971,90.272744333932,59.6408291249238,82.4476942158694,71.7328737952269,96.9268293623905,100.995253865986,102.801551832647,84.7302109098502,92.1969817352927,95.9825234780351,87.4469465677195,66.7949300573424,90.0284554891438,78.3901724763551,62.2695109451366,77.9488477559518,70.0012609683663,112.366072262866,83.9326507569921,91.6812555820411,78.1373301866884,75.9306041483085,72.3892715853547,73.2494979151721,113.41828355971,90.272744333932
62.1424729971419,76.3176320007223,64.4965757699439,90.6557117966534,88.5539434344624,87.0271707065139,68.5767162136829,77.9815268697514,78.3411281965358,77.6460199108992,64.774433403442,84.2752046353798,80.1050336239743,64.74379014718,73.6640570693127,67.3369965677198,107.032878231756,73.598513546282,87.743919989473,68.7256313183897,64.2887409548683,73.939812097118,70.6596410848768,90.272744333932,103.333772094395,62.1424729971419,76.3176320007223,64.4965757699439,90.6557117966534,88.5539434344624,87.0271707065139,68.5767162136829,77.9815268697514,78.3411281965358,77.6460199108992,64.774433403442,84.2752046353798,80.1050336239743,64.74379014718,73.6640570693127,67.3369965677198,107.032878231756,73.598513546282,87.743919989473,68.7256313183897,64.2887409548683,73.939812097118,70.6596410848768,90.272744333932,103.333772094395
87.2956422792132,65.26466319401,52.2646089000667,55.8820536957631,72.989795636335,66.0384337098198,67.7490177316047,67.1166345749326,70.9566209778711,60.6252869261116,41.9310522882446,75.6688779772163,49.0911428285369,45.6562068467957,62.3154131892297,50.5854060587208,74.7476899794644,58.9155536020556,65.187230982729,60.4707083053829,56.022941701827,52.8402401770149,64.9395053597048,59.640829175522,62.1424730477402,87.2956422792132,65.26466319401,52.2646089000667,55.8820536957631,72.989795636335,66.0384337098198,67.7490177316047,67.1166345749326,70.9566209778711,60.6252869261116,41.9310522882446,75.6688779772163,49.0911428285369,45.6562068467957,62.3154131892297,50.5854060587208,74.7476899794644,58.9155536020556,65.187230982729,60.4707083053829,56.022941701827,52.8402401770149,64.9395053597048,59.640829175522,62.1424730477402
65.2646631434117,100.109585545782,60.5608516899979,96.6512097080168,95.1084979084411,82.9430171061486,71.2962906980331,86.871687180504,75.3995183500579,69.8398172578283,65.8834198275173,87.6436126774384,74.0831487733654,60.228578564585,74.4180781425937,63.4656258957263,102.58918981474,70.1271699315597,75.9795750792273,63.0528609664397,80.1219095401735,63.6083040827092,64.2072203924861,82.4476942158694,76.3176320007223,65.2646631434117,100.109585545782,60.5608516899979,96.6512097080168,95.1084979084411,82.9430171061486,71.2962906980331,86.871687180504,75.3995183500579,69.8398172578283,65.8834198275173,87.6436126774384,74.0831487733654,60.228578564585,74.4180781425937,63.4656258957263,102.58918981474,70.1271699315597,75.9795750792273,63.0528609664397,80.1219095401735,63.6083040827092,64.2072203924861,82.4476942158694,76.3176320007223
52.2646088494684,60.5608516899979,62.4283552807824,72.2953478184369,69.3455014864476,71.4334382801264,62.1370358768357,68.8908523664045,73.0468592474146,57.9341884376266,43.4233996439046,69.6481238100189,56.3029219404927,54.1270520576853,58.9957903233308,55.0503642012926,80.7612220062726,58.2798432576734,66.1740484981391,54.8642588283319,57.8246733611602,56.086020521573,56.2470297526937,71.7328737952269,64.4965757699439,52.2646088494684,60.5608516899979,62.4283552807824,72.2953478184369,69.3455014864476,71.4334382801264,62.1370358768357,68.8908523664045,73.0468592474146,57.9341884376266,43.4233996439046,69.6481238100189,56.3029219404927,54.1270520576853,58.9957903233308,55.0503642012926,80.7612220062726,58.2798432576734,66.1740484981391,54.8642588283319,57.8246733611602,56.086020521573,56.2470297526937,71.7328737952269,64.4965757699439
55.8820536451649,96.6512097080168,72.2953478184369,122.253276537439,102.860076130405,90.1835476358639,73.6784042827703,98.407947848158,86.3192089901356,80.6750705835277,71.4883221641653,99.3275499665941,87.6397440400227,70.1401507277981,82.1462029475836,80.3912574810349,111.3106907465,80.5713938696377,92.7904254621728,67.9734642693195,91.9261352749509,78.2899320077199,70.7834603055702,96.9268293623905,90.6557117966534,55.8820536451649,96.6512097080168,72.2953478184369,122.253276537439,102.860076130405,90.1835476358639,73.6784042827703,98.407947848158,86.3192089901356,80.6750705835277,71.4883221641653,99.3275499665941,87.6397440400227,70.1401507277981,82.1462029475836,80.3912574810349,111.3106907465,80.5713938696377,92.7904254621728,67.9734642693195,91.9261352749509,78.2899320077199,70.7834603055702,96.9268293623905,90.6557117966534
72.9897955857367,95.1084979084411,69.3455014864476,102.860076130405,119.254599094957,91.384702026952,87.8138312011729,95.5226664990072,91.0900983904622,85.3318008896994,75.1460659535047,96.9622803231866,87.0761963046809,66.6392923402569,90.7134454378208,66.9526148725474,111.266009034225,81.8049584424594,92.6498692703702,73.9874066745372,78.0971779821815,73.9170658237987,79.5279261056602,100.995253865986,88.5539434344624,72.9897955857367,95.1084979084411,69.3455014864476,102.860076130405,119.254599094957,91.384702026952,87.8138312011729,95.5226664990072,91.0900983904622,85.3318008896994,75.1460659535047,96.9622803231866,87.0761963046809,66.6392923402569,90.7134454378208,66.9526148725474,111.266009034225,81.8049584424594,92.6498692703702,73.9874066745372,78.0971779821815,73.9170658237987,79.5279261056602,100.995253865986,88.5539434344624
66.0384336592216,82.9430171061486,71.4334382801264,90.1835476358639,91.384702026952,139.774602884385,86.4709306605189,103.043817889065,101.339995720853,84.347137943539,65.9572246495636,95.5013045828526,86.5375891962456,73.7349725312921,87.5799736076772,76.0858931681827,124.375404721225,92.2608527608597,85.7697044683637,84.0090305194614,76.7259995012593,63.7030479364763,79.7920412071847,102.801551832647,87.0271707065139,66.0384336592216,82.9430171061486,71.4334382801264,90.1835476358639,91.384702026952,139.774602884385,86.4709306605189,103.043817889065,101.339995720853,84.347137943539,65.9572246495636,95.5013045828526,86.5375891962456,73.7349725312921,87.5799736076772,76.0858931681827,124.375404721225,92.2608527608597,85.7697044683637,84.0090305194614,76.7259995012593,63.7030479364763,79.7920412071847,102.801551832647,87.0271707065139
67.7490176810065,71.2962906980331,62.1370358768357,73.6784042827703,87.8138312011729,86.4709306605189,95.6706761489724,82.3470813158176,92.3618823145718,82.6723314435663,59.8936731359715,87.547488078464,61.7703921668327,62.8080748157174,75.4654321916213,58.0345610868778,94.0120162247969,76.9448977112449,74.592470880651,63.4891809117095,65.3497153592764,63.7033865303767,64.4372929880859,84.7302109098502,68.5767162136829,67.7490176810065,71.2962906980331,62.1370358768357,73.6784042827703,87.8138312011729,86.4709306605189,95.6706761489724,82.3470813158176,92.3618823145718,82.6723314435663,59.8936731359715,87.547488078464,61.7703921668327,62.8080748157174,75.4654321916213,58.0345610868778,94.0120162247969,76.9448977112449,74.592470880651,63.4891809117095,65.3497153592764,63.7033865303767,64.4372929880859,84.7302109098502,68.5767162136829
67.1166345243344,86.871687180504,68.8908523664045,98.407947848158,95.5226664990072,103.043817889065,82.3470813158176,106.79851848865,95.9052472684424,77.0892491169162,65.1809527476472,97.5946900381945,80.550833036007,70.0878856387134,83.8507090410912,73.2356743866998,106.826281817087,79.7950780650164,89.0622634880382,74.1968853664459,82.6285185723525,66.4608481145982,76.3757078095334,92.1969817352927,77.9815268697514,67.1166345243344,86.871687180504,68.8908523664045,98.407947848158,95.5226664990072,103.043817889065,82.3470813158176,106.79851848865,95.9052472684424,77.0892491169162,65.1809527476472,97.5946900381945,80.550833036007,70.0878856387134,83.8507090410912,73.2356743866998,106.826281817087,79.7950780650164,89.0622634880382,74.1968853664459,82.6285185723525,66.4608481145982,76.3757078095334,92.1969817352927,77.9815268697514
70.9566209272729,75.3995183500579,73.0468592474146,86.3192089901356,91.0900983904622,101.339995720853,92.3618823145718,95.9052472684424,119.23163735857,84.8274973951658,69.0510592693071,100.52682921397,75.3560138143233,73.2625948522776,75.188307416945,65.2373560406247,96.4198814822029,82.0600622538797,92.4554928115107,81.3904991089105,81.6802368366678,75.6999266735667,73.1620620121411,95.9825234780351,78.3411281965358,70.9566209272729,75.3995183500579,73.0468592474146,86.3192089901356,91.0900983904622,101.339995720853,92.3618823145718,95.9052472684424,119.23163735857,84.8274973951658,69.0510592693071,100.52682921397,75.3560138143233,73.2625948522776,75.188307416945,65.2373560406247,96.4198814822029,82.0600622538797,92.4554928115107,81.3904991089105,81.6802368366678,75.6999266735667,73.1620620121411,95.9825234780351,78.3411281965358
60.6252868755133,69.8398172578283,57.9341884376266,80.6750705835277,85.3318008896994,84.347137943539,82.6723314435663,77.0892491169162,84.8274973951658,103.516418082151,61.5763771935461,89.925298870972,68.3776065197769,58.1916004336096,74.5297381322871,62.4411871012964,95.2616962899135,77.0659947437616,82.8855567199452,64.9287561473844,72.2612822169423,69.5012899886095,59.8447672690582,87.4469465677195,77.6460199108992,60.6252868755133,69.8398172578283,57.9341884376266,80.6750705835277,85.3318008896994,84.347137943539,82.6723314435663,77.0892491169162,84.8274973951658,103.516418082151,61.5763771935461,89.925298870972,68.3776065197769,58.1916004336096,74.5297381322871,62.4411871012964,95.2616962899135,77.0659947437616,82.8855567199452,64.9287561473844,72.2612822169423,69.5012899886095,59.8447672690582,87.4469465677195,77.6460199108992
41.9310522376464,65.8834198275173,43.4233996439046,71.4883221641653,75.1460659535047,65.9572246495636,59.8936731359715,65.1809527476472,69.0510592693071,61.5763771935461,74.0032929227459,70.1964084929991,64.2870734915158,57.20263392533,52.7992466403779,44.4760769236166,80.9468667962572,60.0720469173739,66.0704052339835,48.4922799470115,57.1278309900411,58.1307830742679,47.42989379522,66.7949300573424,64.774433403442,41.9310522376464,65.8834198275173,43.4233996439046,71.4883221641653,75.1460659535047,65.9572246495636,59.8936731359715,65.1809527476472,69.0510592693071,61.5763771935461,74.0032929227459,70.1964084929991,64.2870734915158,57.20263392533,52.7992466403779,44.4760769236166,80.9468667962572,60.0720469173739,66.0704052339835,48.4922799470115,57.1278309900411,58.1307830742679,47.42989379522,66.7949300573424,64.774433403442
75.6688779266181,87.6436126774384,69.6481238100189,99.3275499665941,96.9622803231866,95.5013045828526,87.547488078464,97.5946900381945,100.52682921397,89.925298870972,70.1964084929991,125.054419628238,76.5820748186437,78.5739570309842,90.8981818355034,77.4385154989688,100.875453509771,77.6525093825959,98.0440709346028,72.2761740429985,80.6595490608456,80.7065821612679,78.5874140909884,90.0284554891438,84.2752046353798,75.6688779266181,87.6436126774384,69.6481238100189,99.3275499665941,96.9622803231866,95.5013045828526,87.547488078464,97.5946900381945,100.52682921397,89.925298870972,70.1964084929991,125.054419628238,76.5820748186437,78.5739570309842,90.8981818355034,77.4385154989688,100.875453509771,77.6525093825959,98.0440709346028,72.2761740429985,80.6595490608456,80.7065821612679,78.5874140909884,90.0284554891438,84.2752046353798
49.0911427779386,74.0831487733654,56.3029219404927,87.6397440400227,87.0761963046809,86.5375891962456,61.7703921668327,80.550833036007,75.3560138143233,68.3776065197769,64.2870734915158,76.5820748186437,87.8989444491816,61.1979767072376,70.4644418337208,59.7938966896849,97.3255464992085,69.8634743116042,75.1610733499473,58.8279508639368,69.1877505058008,64.698882448717,62.6653350140197,78.3901724763551,80.1050336239743,49.0911427779386,74.0831487733654,56.3029219404927,87.6397440400227,87.0761963046809,86.5375891962456,61.7703921668327,80.550833036007,75.3560138143233,68.3776065197769,64.2870734915158,76.5820748186437,87.8989444491816,61.1979767072376,70.4644418337208,59.7938966896849,97.3255464992085,69.8634743116042,75.1610733499473,58.8279508639368,69.1877505058008,64.698882448717,62.6653350140197,78.3901724763551,80.1050336239743
45.6562067961974,60.228578564585,54.1270520576853,70.1401507277981,66.6392923402569,73.7349725312921,62.8080748157174,70.0878856387134,73.2625948522776,58.1916004336096,57.20263392533,78.5739570309842,61.1979767072376,80.0845583076681,59.101013120339,55.1067354116514,76.3987326401501,55.3434065152589,77.9169461112859,49.1685357667148,53.2178212369449,52.5076145998741,53.4934450230912,62.2695109451366,64.74379014718,45.6562067961974,60.228578564585,54.1270520576853,70.1401507277981,66.6392923402569,73.7349725312921,62.8080748157174,70.0878856387134,73.2625948522776,58.1916004336096,57.20263392533,78.5739570309842,61.1979767072376,80.0845583076681,59.101013120339,55.1067354116514,76.3987326401501,55.3434065152589,77.9169461112859,49.1685357667148,53.2178212369449,52.5076145998741,53.4934450230912,62.2695109451366,64.74379014718
62.3154131386314,74.4180781425937,58.9957903233308,82.1462029475836,90.7134454378208,87.5799736076772,75.4654321916213,83.8507090410912,75.188307416945,74.5297381322871,52.7992466403779,90.8981818355034,70.4644418337208,59.101013120339,89.7049074674599,63.8058463830906,99.8043674030909,69.0821039392631,76.6034226669574,63.7665262456726,58.8730091875696,61.0643587326394,68.5210541202464,77.9488477559518,73.6640570693127,62.3154131386314,74.4180781425937,58.9957903233308,82.1462029475836,90.7134454378208,87.5799736076772,75.4654321916213,83.8507090410912,75.188307416945,74.5297381322871,52.7992466403779,90.8981818355034,70.4644418337208,59.101013120339,89.7049074674599,63.8058463830906,99.8043674030909,69.0821039392631,76.6034226669574,63.7665262456726,58.8730091875696,61.0643587326394,68.5210541202464,77.9488477559518,73.6640570693127
50.5854060081226,63.4656258957263,55.0503642012926,80.3912574810349,66.9526148725474,76.0858931681827,58.0345610868778,73.2356743866998,65.2373560406247,62.4411871012964,44.4760769236166,77.4385154989688,59.7938966896849,55.1067354116514,63.8058463830906,69.4922345433902,84.0934021532629,60.7687412870581,69.156210930195,48.5169530477826,62.615925922811,54.2637695076773,53.5286573756967,70.0012609683663,67.3369965677198,50.5854060081226,63.4656258957263,55.0503642012926,80.3912574810349,66.9526148725474,76.0858931681827,58.0345610868778,73.2356743866998,65.2373560406247,62.4411871012964,44.4760769236166,77.4385154989688,59.7938966896849,55.1067354116514,63.8058463830906,69.4922345433902,84.0934021532629,60.7687412870581,69.156210930195,48.5169530477826,62.615925922811,54.2637695076773,53.5286573756967,70.0012609683663,67.3369965677198
74.7476899288661,102.58918981474,80.7612220062726,111.3106907465,111.266009034225,124.375404721225,94.0120162247969,106.826281817087,96.4198814822029,95.2616962899135,80.9468667962572,100.875453509771,97.3255464992085,76.3987326401501,99.8043674030909,84.0934021532629,153.209021158621,98.3449447238568,93.1139246645207,88.4223968733942,84.2284782251417,86.4649790344798,83.5841264334142,112.366072262866,107.032878231756,74.7476899288661,102.58918981474,80.7612220062726,111.3106907465,111.266009034225,124.375404721225,94.0120162247969,106.826281817087,96.4198814822029,95.2616962899135,80.9468667962572,100.875453509771,97.3255464992085,76.3987326401501,99.8043674030909,84.0934021532629,153.209021158621,98.3449447238568,93.1139246645207,88.4223968733942,84.2284782251417,86.4649790344798,83.5841264334142,112.366072262866,107.032878231756
58.9155535514573,70.1271699315597,58.2798432576734,80.5713938696377,81.8049584424594,92.2608527608597,76.9448977112449,79.7950780650164,82.0600622538797,77.0659947437616,60.0720469173739,77.6525093825959,69.8634743116042,55.3434065152589,69.0821039392631,60.7687412870581,98.3449447238568,84.3936904477784,74.4272002123286,63.5735335265578,66.1992646635208,61.5005609272542,62.1727273275843,83.9326507569921,73.598513546282,58.9155535514573,70.1271699315597,58.2798432576734,80.5713938696377,81.8049584424594,92.2608527608597,76.9448977112449,79.7950780650164,82.0600622538797,77.0659947437616,60.0720469173739,77.6525093825959,69.8634743116042,55.3434065152589,69.0821039392631,60.7687412870581,98.3449447238568,84.3936904477784,74.4272002123286,63.5735335265578,66.1992646635208,61.5005609272542,62.1727273275843,83.9326507569921,73.598513546282
65.1872309321308,75.9795750792273,66.1740484981391,92.7904254621728,92.6498692703702,85.7697044683637,74.592470880651,89.0622634880382,92.4554928115107,82.8855567199452,66.0704052339835,98.0440709346028,75.1610733499473,77.9169461112859,76.6034226669574,69.156210930195,93.1139246645207,74.4272002123286,107.958845112863,74.3234171448545,71.1717722748973,70.3162733630173,73.3933532616796,91.6812555820411,87.743919989473,65.1872309321308,75.9795750792273,66.1740484981391,92.7904254621728,92.6498692703702,85.7697044683637,74.592470880651,89.0622634880382,92.4554928115107,82.8855567199452,66.0704052339835,98.0440709346028,75.1610733499473,77.9169461112859,76.6034226669574,69.156210930195,93.1139246645207,74.4272002123286,107.958845112863,74.3234171448545,71.1717722748973,70.3162733630173,73.3933532616796,91.6812555820411,87.743919989473
60.4707082547847,63.0528609664397,54.8642588283319,67.9734642693195,73.9874066745372,84.0090305194614,63.4891809117095,74.1968853664459,81.3904991089105,64.9287561473844,48.4922799470115,72.2761740429985,58.8279508639368,49.1685357667148,63.7665262456726,48.5169530477826,88.4223968733942,63.5735335265578,74.3234171448545,83.9199325301926,60.8102415782416,59.7816026286431,66.515358185413,78.1373301866884,68.7256313183897,60.4707082547847,63.0528609664397,54.8642588283319,67.9734642693195,73.9874066745372,84.0090305194614,63.4891809117095,74.1968853664459,81.3904991089105,64.9287561473844,48.4922799470115,72.2761740429985,58.8279508639368,49.1685357667148,63.7665262456726,48.5169530477826,88.4223968733942,63.5735335265578,74.3234171448545,83.9199325301926,60.8102415782416,59.7816026286431,66.515358185413,78.1373301866884,68.7256313183897
56.0229416512287,80.1219095401735,57.8246733611602,91.9261352749509,78.0971779821815,76.7259995012593,65.3497153592764,82.6285185723525,81.6802368366678,72.2612822169423,57.1278309900411,80.6595490608456,69.1877505058008,53.2178212369449,58.8730091875696,62.615925922811,84.2284782251417,66.1992646635208,71.1717722748973,60.8102415782416,91.2305097238472,64.6012111129485,54.7046957573828,75.9306041483085,64.2887409548683,56.0229416512287,80.1219095401735,57.8246733611602,91.9261352749509,78.0971779821815,76.7259995012593,65.3497153592764,82.6285185723525,81.6802368366678,72.2612822169423,57.1278309900411,80.6595490608456,69.1877505058008,53.2178212369449,58.8730091875696,62.615925922811,84.2284782251417,66.1992646635208,71.1717722748973,60.8102415782416,91.2305097238472,64.6012111129485,54.7046957573828,75.9306041483085,64.2887409548683
52.8402401264167,63.6083040827092,56.086020521573,78.2899320077199,73.9170658237987,63.7030479364763,63.7033865303767,66.4608481145982,75.6999266735667,69.5012899886095,58.1307830742679,80.7065821612679,64.698882448717,52.5076145998741,61.0643587326394,54.2637695076773,86.4649790344798,61.5005609272542,70.3162733630173,59.7816026286431,64.6012111129485,74.2516844298812,56.7099377284437,72.3892715853547,73.939812097118,52.8402401264167,63.6083040827092,56.086020521573,78.2899320077199,73.9170658237987,63.7030479364763,63.7033865303767,66.4608481145982,75.6999266735667,69.5012899886095,58.1307830742679,80.7065821612679,64.698882448717,52.5076145998741,61.0643587326394,54.2637695076773,86.4649790344798,61.5005609272542,70.3162733630173,59.7816026286431,64.6012111129485,74.2516844298812,56.7099377284437,72.3892715853547,73.939812097118
