198.248799037904,186.320454916155,180.336087889533,184.099201438822,168.033119835877,175.119165758188,167.991816240645,160.58478539271,178.003702354085,143.169697851952,155.144674110925,142.939001105362,178.316886191888,171.057872969923,155.377853090376,175.422445939849,177.463350203506,176.038731016597,185.195259073868,156.89774043471,147.360622578256,199.517363735003,185.34218709757,164.389834394029,172.65576376893,176.595118862212,170.669916359017,182.424653804073,143.296195462893,145.976457753382,173.104140942003,184.847204959308,158.424813851359,161.578464609596,156.88776869029,163.071531807505,155.706877542838,183.124229422864,166.483685080346,182.457452760677,199.416066872651,193.233810705414,195.216444317896,186.377263944125,181.697147792446,168.29861721939,163.238248923797,192.503291490297,167.092326085097,146.910315191143,198.248799037904,186.320454916155,180.336087889533,184.099201438822,168.033119835877,175.119165758188,167.991816240645,160.58478539271,178.003702354085,143.169697851952,155.144674110925,142.939001105362,178.316886191888,171.057872969923,155.377853090376,175.422445939849,177.463350203506,176.038731016597,185.195259073868,156.89774043471,147.360622578256,199.517363735003,185.34218709757,164.389834394029,172.65576376893,176.595118862212,170.669916359017,182.424653804073,143.296195462893,145.976457753382,173.104140942003,184.847204959308,158.424813851359,161.578464609596,156.88776869029,163.071531807505,155.706877542838,183.124229422864,166.483685080346,182.457452760677,199.416066872651,193.233810705414,195.216444317896,186.377263944125,181.697147792446,168.29861721939,163.238248923797,192.503291490297,167.092326085097,146.910315191143
186.320454913767,281.686669816733,219.153560320193,220.26348747142,183.140807600817,220.517336322193,214.21045126508,201.93427811722,216.522392112595,192.857697984839,187.478352639648,185.747168805419,197.627749384144,210.735926716973,203.123654387913,212.342646611934,227.214397253868,208.793333791019,214.545995694298,186.985101586696,194.519598214008,248.069381410661,229.120182048422,218.986292855498,223.444918503034,211.344595899055,219.410776202208,212.505239940951,185.860639566002,194.331017865507,206.132174810569,221.32326288179,229.466227250617,209.892906775329,213.432985995166,193.547638177536,195.253086341529,211.499253931628,222.912210631993,233.347957463751,244.724079481665,217.386336771377,225.694765452464,236.894321229836,231.107908022823,211.233022889058,200.455417082325,227.95602200539,207.169507669735,190.131495954526,186.320454913767,281.686669816733,219.153560320193,220.26348747142,183.140807600817,220.517336322193,214.21045126508,201.93427811722,216.522392112595,192.857697984839,187.478352639648,185.747168805419,197.627749384144,210.735926716973,203.123654387913,212.342646611934,227.214397253868,208.793333791019,214.545995694298,186.985101586696,194.519598214008,248.069381410661,229.120182048422,218.986292855498,223.444918503034,211.344595899055,219.410776202208,212.505239940951,185.860639566002,194.331017865507,206.132174810569,221.32326288179,229.466227250617,209.892906775329,213.432985995166,193.547638177536,195.253086341529,211.499253931628,222.912210631993,233.347957463751,244.724079481665,217.386336771377,225.694765452464,236.894321229836,231.107908022823,211.233022889058,200.455417082325,227.95602200539,207.169507669735,190.131495954526
180.336087887145,219.153560320193,247.413746270323,202.477343364755,168.975347220614,193.949794767627,190.433946012836,194.958297236134,206.367605995868,182.494444929771,169.787535366455,156.629268479429,203.51240664083,176.978031062373,188.994750726325,190.522968662398,195.763416419786,201.453229875936,199.113344719485,169.019903443517,175.148797043881,215.773674682566,204.156437655058,183.812727518957,186.963574652865,202.736106452116,195.388943767223,198.324930650229,170.538350142516,166.448684479488,201.47872404449,187.468191842892,202.926293746116,178.062318621978,197.046548774131,186.620483170233,177.956816709125,200.317414012321,185.50164487215,192.102567556942,227.056716713816,201.872561696773,224.409748825136,218.755655768379,225.80982955867,194.390703280823,199.461759962757,210.708426684546,199.011172486469,181.476647282632,180.336087887145,219.153560320193,247.413746270323,202.477343364755,168.975347220614,193.949794767627,190.433946012836,194.958297236134,206.367605995868,182.494444929771,169.787535366455,156.629268479429,203.51240664083,176.978031062373,188.994750726325,190.522968662398,195.763416419786,201.453229875936,199.113344719485,169.019903443517,175.148797043881,215.773674682566,204.156437655058,183.812727518957,186.963574652865,202.736106452116,195.388943767223,198.324930650229,170.538350142516,166.448684479488,201.47872404449,187.468191842892,202.926293746116,178.062318621978,197.046548774131,186.620483170233,177.956816709125,200.317414012321,185.50164487215,192.102567556942,227.056716713816,201.872561696773,224.409748825136,218.755655768379,225.80982955867,194.390703280823,199.461759962757,210.708426684546,199.011172486469,181.476647282632
184.099201436434,220.26348747142,202.477343364755,267.174090898992,191.146286312203,211.083969530398,200.300844788357,195.341512621049,204.716067192045,171.743382558994,194.9107684995,171.394054754446,188.821464928078,189.536856482214,171.20235741392,192.880602327007,203.694799623792,205.646038994972,206.176752282636,178.323841515536,199.973694191048,232.423610835474,216.748470167188,197.313692879329,202.031376945668,195.212997424999,205.462785097906,205.895955765924,188.108988982342,182.319709628553,202.662437985354,219.241838018095,195.495193967654,183.835534349336,188.467536990563,173.487362952778,177.945041606748,209.479079040708,187.98350263672,218.891396623547,217.8627840213,194.693737088437,229.595345902459,232.176865023381,218.926543568788,189.596278902791,200.231493820903,211.618408500086,199.227380360862,165.221231507196,184.099201436434,220.26348747142,202.477343364755,267.174090898992,191.146286312203,211.083969530398,200.300844788357,195.341512621049,204.716067192045,171.743382558994,194.9107684995,171.394054754446,188.821464928078,189.536856482214,171.20235741392,192.880602327007,203.694799623792,205.646038994972,206.176752282636,178.323841515536,199.973694191048,232.423610835474,216.748470167188,197.313692879329,202.031376945668,195.212997424999,205.462785097906,205.895955765924,188.108988982342,182.319709628553,202.662437985354,219.241838018095,195.495193967654,183.835534349336,188.467536990563,173.487362952778,177.945041606748,209.479079040708,187.98350263672,218.891396623547,217.8627840213,194.693737088437,229.595345902459,232.176865023381,218.926543568788,189.596278902791,200.231493820903,211.618408500086,199.227380360862,165.221231507196
168.033119833489,183.140807600817,168.975347220614,191.146286312203,206.524901149625,180.44690706685,172.794168117079,173.954681661628,167.617088395115,157.455756748952,159.247430490993,135.31803175736,174.049132789947,174.04732338911,149.593152818092,161.821253730499,190.567923350193,179.611821759223,189.57420561275,157.620488343519,160.076777724423,202.566211563106,191.76686703043,179.647409864115,175.348154685913,175.009519373399,171.881397009473,179.634678784105,155.184677787124,168.532569522181,174.126317832672,189.954152124693,167.288621525083,169.779946956972,180.324075459211,152.362911733707,156.871125933379,181.91066130879,167.100165873391,180.636102452946,194.391478097452,184.415674465485,185.673889565632,193.611497421635,185.397440919991,180.652452121571,168.114792645222,189.68313697707,160.552807431492,153.830544432883,168.033119833489,183.140807600817,168.975347220614,191.146286312203,206.524901149625,180.44690706685,172.794168117079,173.954681661628,167.617088395115,157.455756748952,159.247430490993,135.31803175736,174.049132789947,174.04732338911,149.593152818092,161.821253730499,190.567923350193,179.611821759223,189.57420561275,157.620488343519,160.076777724423,202.566211563106,191.76686703043,179.647409864115,175.348154685913,175.009519373399,171.881397009473,179.634678784105,155.184677787124,168.532569522181,174.126317832672,189.954152124693,167.288621525083,169.779946956972,180.324075459211,152.362911733707,156.871125933379,181.91066130879,167.100165873391,180.636102452946,194.391478097452,184.415674465485,185.673889565632,193.611497421635,185.397440919991,180.652452121571,168.114792645222,189.68313697707,160.552807431492,153.830544432883
175.1191657558,220.517336322193,193.949794767627,211.083969530398,180.44690706685,246.944755937238,183.265416363797,182.979830937506,195.625746440974,188.123986003655,175.925320774356,164.851119972501,190.062154067169,191.291252672333,184.317604629203,196.926625611332,195.200981123824,197.743317766216,207.52884348284,176.021381476127,173.539114740225,224.601656194405,210.983718914195,205.23859808663,202.128959886678,186.184399824807,196.937168547555,208.32257207715,163.046070584819,183.8361896316,196.413994189479,208.484225562444,193.585104387715,186.082113476781,189.323690983181,164.20393436313,176.705622467929,203.420034511442,205.633692150767,205.378928875445,227.239012892659,198.889064116297,205.279073065857,222.931205046027,210.898386310432,181.899284845984,181.986851437585,216.724114330338,185.233925778897,166.216764184154,175.1191657558,220.517336322193,193.949794767627,211.083969530398,180.44690706685,246.944755937238,183.265416363797,182.979830937506,195.625746440974,188.123986003655,175.925320774356,164.851119972501,190.062154067169,191.291252672333,184.317604629203,196.926625611332,195.200981123824,197.743317766216,207.52884348284,176.021381476127,173.539114740225,224.601656194405,210.983718914195,205.23859808663,202.128959886678,186.184399824807,196.937168547555,208.32257207715,163.046070584819,183.8361896316,196.413994189479,208.484225562444,193.585104387715,186.082113476781,189.323690983181,164.20393436313,176.705622467929,203.420034511442,205.633692150767,205.378928875445,227.239012892659,198.889064116297,205.279073065857,222.931205046027,210.898386310432,181.899284845984,181.986851437585,216.724114330338,185.233925778897,166.216764184154
167.991816238257,214.21045126508,190.433946012836,200.300844788357,172.794168117079,183.265416363797,234.157130077391,180.395605826974,192.75410924898,174.225528021788,169.34015373959,153.934980201862,175.712868784304,170.686872822991,175.354634896098,183.646272426439,192.677573014271,190.050327710398,178.079336898817,156.928960069118,172.251654158969,217.023516761028,200.01702046997,202.63596035387,202.756555382269,186.959326256852,191.526321091544,188.226398422721,159.140370726501,153.84175756758,188.576447016552,197.641196389645,175.65899251815,162.30890130271,182.402462792624,167.363011517328,181.941935183833,182.779411652458,181.857782822482,196.455514847726,211.661269428789,189.711836229929,209.67269540631,207.886619826549,205.265510164527,193.331186775615,196.958163362075,191.851546173214,181.375278503836,161.116647663559,167.991816238257,214.21045126508,190.433946012836,200.300844788357,172.794168117079,183.265416363797,234.157130077391,180.395605826974,192.75410924898,174.225528021788,169.34015373959,153.934980201862,175.712868784304,170.686872822991,175.354634896098,183.646272426439,192.677573014271,190.050327710398,178.079336898817,156.928960069118,172.251654158969,217.023516761028,200.01702046997,202.63596035387,202.756555382269,186.959326256852,191.526321091544,188.226398422721,159.140370726501,153.84175756758,188.576447016552,197.641196389645,175.65899251815,162.30890130271,182.402462792624,167.363011517328,181.941935183833,182.779411652458,181.857782822482,196.455514847726,211.661269428789,189.711836229929,209.67269540631,207.886619826549,205.265510164527,193.331186775615,196.958163362075,191.851546173214,181.375278503836,161.116647663559
160.584785390322,201.93427811722,194.958297236134,195.341512621049,173.954681661628,182.979830937506,180.395605826974,245.052445468196,180.519514708145,178.425118076775,157.823211986935,158.525441745841,164.789417482736,178.511256183962,163.586643216754,185.132570280283,187.527019989893,178.322644659612,196.042625524995,157.879300275067,179.305432439881,212.144335534614,201.087643785341,192.337813697433,184.879447436792,194.790926045969,205.156394113488,186.593611528533,162.112919818462,167.436177309907,202.13396630303,196.687505573455,183.503324327103,187.349394760534,187.500107776557,179.083158102925,176.545783159329,185.754985794542,188.363402989696,206.235647298881,188.034939126844,190.902430470842,203.675828459277,203.988012631612,214.740806259318,193.882365499965,180.318056666189,199.748007034198,176.128178804105,168.213727441701,160.584785390322,201.93427811722,194.958297236134,195.341512621049,173.954681661628,182.979830937506,180.395605826974,245.052445468196,180.519514708145,178.425118076775,157.823211986935,158.525441745841,164.789417482736,178.511256183962,163.586643216754,185.132570280283,187.527019989893,178.322644659612,196.042625524995,157.879300275067,179.305432439881,212.144335534614,201.087643785341,192.337813697433,184.879447436792,194.790926045969,205.156394113488,186.593611528533,162.112919818462,167.436177309907,202.13396630303,196.687505573455,183.503324327103,187.349394760534,187.500107776557,179.083158102925,176.545783159329,185.754985794542,188.363402989696,206.235647298881,188.034939126844,190.902430470842,203.675828459277,203.988012631612,214.740806259318,193.882365499965,180.318056666189,199.748007034198,176.128178804105,168.213727441701
178.003702351697,216.522392112595,206.367605995868,204.716067192045,167.617088395115,195.625746440974,192.75410924898,180.519514708145,235.234147816204,175.262227030916,180.814486474875,155.771673099208,198.027361167315,181.576710742476,196.443421530569,191.250331934151,206.253245174718,203.760042233458,210.398563033135,176.303409354662,168.147060843802,217.506737468314,202.614030320001,192.196355955158,193.807735858727,198.91585561627,203.603095698597,200.119533715944,172.593368837595,164.762575686766,197.7613061769,190.195125775611,187.563740144098,174.775789824109,164.36924819656,166.273874992376,178.851035500987,200.102446156921,189.055082369615,193.309606383249,237.351809102202,194.415653336406,211.377143433787,210.026105311941,205.930140781873,189.093962679797,188.885090145286,207.744182569254,197.882479589984,162.875624130538,178.003702351697,216.522392112595,206.367605995868,204.716067192045,167.617088395115,195.625746440974,192.75410924898,180.519514708145,235.234147816204,175.262227030916,180.814486474875,155.771673099208,198.027361167315,181.576710742476,196.443421530569,191.250331934151,206.253245174718,203.760042233458,210.398563033135,176.303409354662,168.147060843802,217.506737468314,202.614030320001,192.196355955158,193.807735858727,198.91585561627,203.603095698597,200.119533715944,172.593368837595,164.762575686766,197.7613061769,190.195125775611,187.563740144098,174.775789824109,164.36924819656,166.273874992376,178.851035500987,200.102446156921,189.055082369615,193.309606383249,237.351809102202,194.415653336406,211.377143433787,210.026105311941,205.930140781873,189.093962679797,188.885090145286,207.744182569254,197.882479589984,162.875624130538
143.169697849564,192.857697984839,182.494444929771,171.743382558994,157.455756748952,188.123986003655,174.225528021788,178.425118076775,175.262227030916,214.559483964207,142.562205931357,149.810379980596,171.776141297018,176.441979617039,174.233018750415,185.28711960153,169.063137233186,184.15276214794,170.831283335112,152.166950976089,158.644222225819,201.845902724439,186.338340312247,194.64103056765,173.096118268071,183.973107456925,181.397837014269,172.903260865635,154.196342209117,168.683369356256,191.41515629708,184.993391475424,186.706643442643,166.930522095484,172.571817660032,148.397651827927,165.792625720953,188.463194791424,181.342790690593,203.719384037272,207.587078621917,176.459016790274,190.4613182163,190.693917463491,207.967628252007,167.649735171136,180.922783717094,189.78178428289,147.954397293679,155.082830279252,143.169697849564,192.857697984839,182.494444929771,171.743382558994,157.455756748952,188.123986003655,174.225528021788,178.425118076775,175.262227030916,214.559483964207,142.562205931357,149.810379980596,171.776141297018,176.441979617039,174.233018750415,185.28711960153,169.063137233186,184.15276214794,170.831283335112,152.166950976089,158.644222225819,201.845902724439,186.338340312247,194.64103056765,173.096118268071,183.973107456925,181.397837014269,172.903260865635,154.196342209117,168.683369356256,191.41515629708,184.993391475424,186.706643442643,166.930522095484,172.571817660032,148.397651827927,165.792625720953,188.463194791424,181.342790690593,203.719384037272,207.587078621917,176.459016790274,190.4613182163,190.693917463491,207.967628252007,167.649735171136,180.922783717094,189.78178428289,147.954397293679,155.082830279252
155.144674108537,187.478352639648,169.787535366455,194.9107684995,159.247430490993,175.925320774356,169.34015373959,157.823211986935,180.814486474875,142.562205931357,195.045240127241,138.510860663711,160.188524608798,156.908735490137,158.068478844863,160.753792469001,187.973524450328,179.620489537167,191.241810024154,153.116821519007,165.975421298899,184.999980224023,174.152304146862,169.32628443711,175.094212453581,159.026432343199,159.430909010679,184.816411996089,161.544540289991,147.27563828594,177.231187341887,192.392206119169,162.425961608207,152.504788825437,158.163719784702,157.363611109929,148.342014139599,172.267807973402,153.398780452644,166.29261150629,193.760280432053,163.880949587724,187.674314857651,182.523310286966,175.889292757845,163.517836947068,163.242455901203,176.362849092233,170.537387301901,152.553188649563,155.144674108537,187.478352639648,169.787535366455,194.9107684995,159.247430490993,175.925320774356,169.34015373959,157.823211986935,180.814486474875,142.562205931357,195.045240127241,138.510860663711,160.188524608798,156.908735490137,158.068478844863,160.753792469001,187.973524450328,179.620489537167,191.241810024154,153.116821519007,165.975421298899,184.999980224023,174.152304146862,169.32628443711,175.094212453581,159.026432343199,159.430909010679,184.816411996089,161.544540289991,147.27563828594,177.231187341887,192.392206119169,162.425961608207,152.504788825437,158.163719784702,157.363611109929,148.342014139599,172.267807973402,153.398780452644,166.29261150629,193.760280432053,163.880949587724,187.674314857651,182.523310286966,175.889292757845,163.517836947068,163.242455901203,176.362849092233,170.537387301901,152.553188649563
142.939001102974,185.747168805419,156.629268479429,171.394054754446,135.31803175736,164.851119972501,153.934980201862,158.525441745841,155.771673099208,149.810379980596,138.510860663711,170.655702036194,143.6760412621,153.450211484491,149.567505373153,160.77527940384,152.525066814401,146.535306695768,155.022769851504,138.452267833888,147.883020162983,170.951354822364,162.534246694418,169.8970444096,163.193320313856,154.425230278702,164.678962808172,149.459165063393,137.101646441104,136.063184420372,160.174554088625,174.677597068985,164.184181286843,156.905903228261,157.751163962813,157.684156902296,144.996256541013,156.129351944994,155.164546335112,177.205079241105,182.401468642916,157.713366886058,168.015405862672,178.603650862606,179.984113780755,150.746906385831,148.315160160469,170.859346178577,148.690805268253,132.37614813112,142.939001102974,185.747168805419,156.629268479429,171.394054754446,135.31803175736,164.851119972501,153.934980201862,158.525441745841,155.771673099208,149.810379980596,138.510860663711,170.655702036194,143.6760412621,153.450211484491,149.567505373153,160.77527940384,152.525066814401,146.535306695768,155.022769851504,138.452267833888,147.883020162983,170.951354822364,162.534246694418,169.8970444096,163.193320313856,154.425230278702,164.678962808172,149.459165063393,137.101646441104,136.063184420372,160.174554088625,174.677597068985,164.184181286843,156.905903228261,157.751163962813,157.684156902296,144.996256541013,156.129351944994,155.164546335112,177.205079241105,182.401468642916,157.713366886058,168.015405862672,178.603650862606,179.984113780755,150.746906385831,148.315160160469,170.859346178577,148.690805268253,132.37614813112
178.3168861895,197.627749384144,203.51240664083,188.821464928078,174.049132789947,190.062154067169,175.712868784304,164.789417482736,198.027361167315,171.776141297018,160.188524608798,143.6760412621,232.366683075105,185.17209006738,171.015444544677,181.053903044569,192.06392264632,193.957498450778,198.764363326537,156.692008528887,162.21311503191,201.434416135612,191.429317170328,171.307674549997,183.03122817314,185.374223758192,184.365826114882,197.371008265816,168.562395679836,158.258161890399,183.327434925696,182.169246137211,188.104281327818,168.493350816361,172.335750313836,167.272743924894,170.999612262204,191.899900456769,173.229357530528,178.993239415301,212.533589696636,191.984425688828,203.05588880941,210.646062828043,200.811408073339,190.258322178796,183.291592044086,206.93087792075,174.837004439618,161.614419757131,178.3168861895,197.627749384144,203.51240664083,188.821464928078,174.049132789947,190.062154067169,175.712868784304,164.789417482736,198.027361167315,171.776141297018,160.188524608798,143.6760412621,232.366683075105,185.17209006738,171.015444544677,181.053903044569,192.06392264632,193.957498450778,198.764363326537,156.692008528887,162.21311503191,201.434416135612,191.429317170328,171.307674549997,183.03122817314,185.374223758192,184.365826114882,197.371008265816,168.562395679836,158.258161890399,183.327434925696,182.169246137211,188.104281327818,168.493350816361,172.335750313836,167.272743924894,170.999612262204,191.899900456769,173.229357530528,178.993239415301,212.533589696636,191.984425688828,203.05588880941,210.646062828043,200.811408073339,190.258322178796,183.291592044086,206.93087792075,174.837004439618,161.614419757131
171.057872967535,210.735926716973,176.978031062373,189.536856482214,174.04732338911,191.291252672333,170.686872822991,178.511256183962,181.576710742476,176.441979617039,156.908735490137,153.450211484491,185.17209006738,229.445230136726,169.660061755548,178.789484113853,178.438585353994,184.233878096531,196.463246823516,167.839863319401,159.472993138546,200.109603302156,197.560330701888,186.200407394912,185.63526173162,180.406343363259,187.828564503186,193.265252516163,154.484791852196,158.159014167061,186.232184636476,187.563382292506,195.861332663306,183.21261596889,168.652395263213,156.670349259361,177.502577116058,194.596284342265,176.874775605889,194.455114659491,201.264131239324,200.875889466924,185.518711241535,202.588331787739,200.724718980507,196.934085657522,175.141530129221,204.451877820806,167.508961378927,165.958794901888,171.057872967535,210.735926716973,176.978031062373,189.536856482214,174.04732338911,191.291252672333,170.686872822991,178.511256183962,181.576710742476,176.441979617039,156.908735490137,153.450211484491,185.17209006738,229.445230136726,169.660061755548,178.789484113853,178.438585353994,184.233878096531,196.463246823516,167.839863319401,159.472993138546,200.109603302156,197.560330701888,186.200407394912,185.63526173162,180.406343363259,187.828564503186,193.265252516163,154.484791852196,158.159014167061,186.232184636476,187.563382292506,195.861332663306,183.21261596889,168.652395263213,156.670349259361,177.502577116058,194.596284342265,176.874775605889,194.455114659491,201.264131239324,200.875889466924,185.518711241535,202.588331787739,200.724718980507,196.934085657522,175.141530129221,204.451877820806,167.508961378927,165.958794901888
155.377853087988,203.123654387913,188.994750726325,171.20235741392,149.593152818092,184.317604629203,175.354634896098,163.586643216754,196.443421530569,174.233018750415,158.068478844863,149.567505373153,171.015444544677,169.660061755548,211.345174733076,174.419260005615,176.85551208603,179.424116564285,185.461273378695,153.820131933396,150.764812082432,190.244365989478,172.957565984049,182.611143811582,174.988261978622,167.119046214733,178.205879204316,183.072047307474,149.379583503862,146.589293203621,192.091878937221,181.199453117874,179.498885607552,156.483541717227,166.625157745921,160.280425385792,160.055421828922,187.25458557086,177.506466556133,183.592424613311,214.948882350149,183.052418909993,192.19556893797,187.842765175339,194.280011184717,176.820274408053,171.200642201916,195.293104874393,171.566527279172,155.936898087132,155.377853087988,203.123654387913,188.994750726325,171.20235741392,149.593152818092,184.317604629203,175.354634896098,163.586643216754,196.443421530569,174.233018750415,158.068478844863,149.567505373153,171.015444544677,169.660061755548,211.345174733076,174.419260005615,176.85551208603,179.424116564285,185.461273378695,153.820131933396,150.764812082432,190.244365989478,172.957565984049,182.611143811582,174.988261978622,167.119046214733,178.205879204316,183.072047307474,149.379583503862,146.589293203621,192.091878937221,181.199453117874,179.498885607552,156.483541717227,166.625157745921,160.280425385792,160.055421828922,187.25458557086,177.506466556133,183.592424613311,214.948882350149,183.052418909993,192.19556893797,187.842765175339,194.280011184717,176.820274408053,171.200642201916,195.293104874393,171.566527279172,155.936898087132
175.422445937461,212.342646611934,190.522968662398,192.880602327007,161.821253730499,196.926625611332,183.646272426439,185.132570280283,191.250331934151,185.28711960153,160.753792469001,160.77527940384,181.053903044569,178.789484113853,174.419260005615,240.944028716227,183.11643440807,189.881858047517,203.006187600767,156.885134503098,177.478264433684,215.649820069779,196.615418152253,203.824756899648,196.847914235597,192.721150003241,192.274926721017,188.925217805479,173.23016415072,170.668970069907,198.807414769651,203.100325879746,184.337524191674,180.892340349221,178.514125455976,164.880833362418,195.828040803321,196.647082934842,198.797566636681,207.171785229437,206.147480225709,185.777714405174,221.2514903916,210.612329598849,213.145790334029,185.304686314479,178.285812978285,205.079444539603,154.578516888077,174.13532065299,175.422445937461,212.342646611934,190.522968662398,192.880602327007,161.821253730499,196.926625611332,183.646272426439,185.132570280283,191.250331934151,185.28711960153,160.753792469001,160.77527940384,181.053903044569,178.789484113853,174.419260005615,240.944028716227,183.11643440807,189.881858047517,203.006187600767,156.885134503098,177.478264433684,215.649820069779,196.615418152253,203.824756899648,196.847914235597,192.721150003241,192.274926721017,188.925217805479,173.23016415072,170.668970069907,198.807414769651,203.100325879746,184.337524191674,180.892340349221,178.514125455976,164.880833362418,195.828040803321,196.647082934842,198.797566636681,207.171785229437,206.147480225709,185.777714405174,221.2514903916,210.612329598849,213.145790334029,185.304686314479,178.285812978285,205.079444539603,154.578516888077,174.13532065299
177.463350201118,227.214397253868,195.763416419786,203.694799623792,190.567923350193,195.200981123824,192.677573014271,187.527019989893,206.253245174718,169.063137233186,187.973524450328,152.525066814401,192.06392264632,178.438585353994,176.85551208603,183.11643440807,270.606384583108,198.16243719732,221.703157773248,173.920291235856,174.287490789823,221.800270406836,204.158446978351,186.070792480751,198.975999610831,203.864140222904,195.765335222678,201.288061856052,181.039919906946,167.119922589831,190.817435848038,211.647469737804,191.41730660552,175.887079994689,200.886032737554,174.442229873608,166.431959515269,193.846328222456,197.401627558843,197.335469821267,204.254484223124,196.395876367501,222.336396085451,209.554921144837,190.959271746426,191.186446786758,188.302405870974,210.032700207984,193.458565319891,158.993013657471,177.463350201118,227.214397253868,195.763416419786,203.694799623792,190.567923350193,195.200981123824,192.677573014271,187.527019989893,206.253245174718,169.063137233186,187.973524450328,152.525066814401,192.06392264632,178.438585353994,176.85551208603,183.11643440807,270.606384583108,198.16243719732,221.703157773248,173.920291235856,174.287490789823,221.800270406836,204.158446978351,186.070792480751,198.975999610831,203.864140222904,195.765335222678,201.288061856052,181.039919906946,167.119922589831,190.817435848038,211.647469737804,191.41730660552,175.887079994689,200.886032737554,174.442229873608,166.431959515269,193.846328222456,197.401627558843,197.335469821267,204.254484223124,196.395876367501,222.336396085451,209.554921144837,190.959271746426,191.186446786758,188.302405870974,210.032700207984,193.458565319891,158.993013657471
176.038731014209,208.793333791019,201.453229875936,205.646038994972,179.611821759223,197.743317766216,190.050327710398,178.322644659612,203.760042233458,184.15276214794,179.620489537167,146.535306695768,193.957498450778,184.233878096531,179.424116564285,189.881858047517,198.16243719732,228.709318060974,207.053735279485,167.70488736482,177.445338755125,219.928966504527,208.25961496333,186.474504040469,203.016587347164,187.961460752817,190.630920860754,201.332900725971,166.111226102993,183.824918439112,206.1828741681,199.252319038272,184.034072755978,170.959856251786,184.498755069045,164.258448095552,178.562300973005,201.879265404294,194.194959762022,194.721852512735,221.719264407318,198.992315010054,220.953261212239,211.79176897837,217.402360690729,184.969268880727,192.29437099841,212.837008852428,178.695707252569,170.791622231088,176.038731014209,208.793333791019,201.453229875936,205.646038994972,179.611821759223,197.743317766216,190.050327710398,178.322644659612,203.760042233458,184.15276214794,179.620489537167,146.535306695768,193.957498450778,184.233878096531,179.424116564285,189.881858047517,198.16243719732,228.709318060974,207.053735279485,167.70488736482,177.445338755125,219.928966504527,208.25961496333,186.474504040469,203.016587347164,187.961460752817,190.630920860754,201.332900725971,166.111226102993,183.824918439112,206.1828741681,199.252319038272,184.034072755978,170.959856251786,184.498755069045,164.258448095552,178.562300973005,201.879265404294,194.194959762022,194.721852512735,221.719264407318,198.992315010054,220.953261212239,211.79176897837,217.402360690729,184.969268880727,192.29437099841,212.837008852428,178.695707252569,170.791622231088
185.19525907148,214.545995694298,199.113344719485,206.176752282636,189.57420561275,207.52884348284,178.079336898817,196.042625524995,210.398563033135,170.831283335112,191.241810024154,155.022769851504,198.764363326537,196.463246823516,185.461273378695,203.006187600767,221.703157773248,207.053735279485,268.933945317479,178.840761802855,184.96699901889,214.225652259061,210.498325464252,193.566557394923,195.511886323845,198.324643062415,192.723168587166,208.413774507903,170.285365441139,181.677179505641,210.51671954532,210.672330648215,196.267802567886,179.66200861542,182.768733204657,183.152285876025,184.971429733025,207.795681219094,202.825777918274,189.453744569951,224.558476383704,195.31101931711,217.625257790324,219.173463864248,213.016275762728,205.010692626373,186.505700844208,223.97123740415,195.807694557802,172.870967231283,185.19525907148,214.545995694298,199.113344719485,206.176752282636,189.57420561275,207.52884348284,178.079336898817,196.042625524995,210.398563033135,170.831283335112,191.241810024154,155.022769851504,198.764363326537,196.463246823516,185.461273378695,203.006187600767,221.703157773248,207.053735279485,268.933945317479,178.840761802855,184.96699901889,214.225652259061,210.498325464252,193.566557394923,195.511886323845,198.324643062415,192.723168587166,208.413774507903,170.285365441139,181.677179505641,210.51671954532,210.672330648215,196.267802567886,179.66200861542,182.768733204657,183.152285876025,184.971429733025,207.795681219094,202.825777918274,189.453744569951,224.558476383704,195.31101931711,217.625257790324,219.173463864248,213.016275762728,205.010692626373,186.505700844208,223.97123740415,195.807694557802,172.870967231283
156.897740432322,186.985101586696,169.019903443517,178.323841515536,157.620488343519,176.021381476127,156.928960069118,157.879300275067,176.303409354662,152.166950976089,153.116821519007,138.452267833888,156.692008528887,167.839863319401,153.820131933396,156.885134503098,173.920291235856,167.70488736482,178.840761802855,179.344142742266,147.819625280726,196.270791185244,187.384058750041,180.169802615577,153.182317095301,166.214400698752,168.432638109563,178.374529507621,146.290974124121,146.461322483678,164.706973249133,173.695462134669,166.631453360403,156.157495728021,141.597134755833,142.428278783852,141.739461392823,169.349597347543,167.83630075024,172.990138830802,199.847735474385,170.643276979895,172.775073842061,178.740751203842,183.251852480854,168.588685149223,159.714799541141,175.610217595192,167.743268325039,135.19718874797,156.897740432322,186.985101586696,169.019903443517,178.323841515536,157.620488343519,176.021381476127,156.928960069118,157.879300275067,176.303409354662,152.166950976089,153.116821519007,138.452267833888,156.692008528887,167.839863319401,153.820131933396,156.885134503098,173.920291235856,167.70488736482,178.840761802855,179.344142742266,147.819625280726,196.270791185244,187.384058750041,180.169802615577,153.182317095301,166.214400698752,168.432638109563,178.374529507621,146.290974124121,146.461322483678,164.706973249133,173.695462134669,166.631453360403,156.157495728021,141.597134755833,142.428278783852,141.739461392823,169.349597347543,167.83630075024,172.990138830802,199.847735474385,170.643276979895,172.775073842061,178.740751203842,183.251852480854,168.588685149223,159.714799541141,175.610217595192,167.743268325039,135.19718874797
147.360622575868,194.519598214008,175.148797043881,199.973694191048,160.076777724423,173.539114740225,172.251654158969,179.305432439881,168.147060843802,158.644222225819,165.975421298899,147.883020162983,162.21311503191,159.472993138546,150.764812082432,177.478264433684,174.287490789823,177.445338755125,184.96699901889,147.819625280726,208.08605464087,203.963262945482,189.223203891684,178.260046902741,177.029494776817,168.277941946996,174.927036753098,184.20986200337,167.337092413131,160.289983114727,185.146690060356,188.629212773211,173.139600486523,171.119232007489,180.742015546494,171.904383683784,170.246861501814,175.576188513962,165.679243036725,183.742253672772,179.777686905822,160.161253766417,189.536879255586,199.807825566446,199.869860074425,179.128166348152,172.00968334641,183.599534293789,171.356003375861,155.480977653897,147.360622575868,194.519598214008,175.148797043881,199.973694191048,160.076777724423,173.539114740225,172.251654158969,179.305432439881,168.147060843802,158.644222225819,165.975421298899,147.883020162983,162.21311503191,159.472993138546,150.764812082432,177.478264433684,174.287490789823,177.445338755125,184.96699901889,147.819625280726,208.08605464087,203.963262945482,189.223203891684,178.260046902741,177.029494776817,168.277941946996,174.927036753098,184.20986200337,167.337092413131,160.289983114727,185.146690060356,188.629212773211,173.139600486523,171.119232007489,180.742015546494,171.904383683784,170.246861501814,175.576188513962,165.679243036725,183.742253672772,179.777686905822,160.161253766417,189.536879255586,199.807825566446,199.869860074425,179.128166348152,172.00968334641,183.599534293789,171.356003375861,155.480977653897
199.517363732615,248.069381410661,215.773674682566,232.423610835474,202.566211563106,224.601656194405,217.023516761028,212.144335534614,217.506737468314,201.845902724439,184.999980224023,170.951354822364,201.434416135612,200.109603302156,190.244365989478,215.649820069779,221.800270406836,219.928966504527,214.225652259061,196.270791185244,203.963262945482,288.977948315158,247.776401721264,234.530916389963,219.630601698504,226.230754765196,221.359066289134,220.051325387806,193.409619519313,202.600442779791,211.823522311704,221.462423397789,211.114509865797,210.569986299807,202.22048345641,187.882382293142,202.28591521897,220.064755021493,217.473919719187,230.455374465434,240.456413747048,229.84427987141,233.553958730365,232.647871143754,242.34931067856,212.793886344111,211.635995463349,234.523358236596,208.155521960807,185.303310218488,199.517363732615,248.069381410661,215.773674682566,232.423610835474,202.566211563106,224.601656194405,217.023516761028,212.144335534614,217.506737468314,201.845902724439,184.999980224023,170.951354822364,201.434416135612,200.109603302156,190.244365989478,215.649820069779,221.800270406836,219.928966504527,214.225652259061,196.270791185244,203.963262945482,288.977948315158,247.776401721264,234.530916389963,219.630601698504,226.230754765196,221.359066289134,220.051325387806,193.409619519313,202.600442779791,211.823522311704,221.462423397789,211.114509865797,210.569986299807,202.22048345641,187.882382293142,202.28591521897,220.064755021493,217.473919719187,230.455374465434,240.456413747048,229.84427987141,233.553958730365,232.647871143754,242.34931067856,212.793886344111,211.635995463349,234.523358236596,208.155521960807,185.303310218488
185.342187095182,229.120182048422,204.156437655058,216.748470167188,191.76686703043,210.983718914195,200.01702046997,201.087643785341,202.614030320001,186.338340312247,174.152304146862,162.534246694418,191.429317170328,197.560330701888,172.957565984049,196.615418152253,204.158446978351,208.25961496333,210.498325464252,187.384058750041,189.223203891684,247.776401721264,247.586393692322,207.25640866452,198.917556072176,213.627082409475,214.29366508311,202.568697915979,173.51292512666,189.755068422665,197.00937662786,206.743423274218,209.657809968585,197.295291565805,190.576116692883,180.443915421912,186.373760084661,202.576513030703,199.825082035658,211.750576479254,229.351462137187,208.629567656285,218.43303078621,225.902295133527,226.597130374901,200.646819372675,199.557407994674,219.036853106836,199.521813345766,174.570342638023,185.342187095182,229.120182048422,204.156437655058,216.748470167188,191.76686703043,210.983718914195,200.01702046997,201.087643785341,202.614030320001,186.338340312247,174.152304146862,162.534246694418,191.429317170328,197.560330701888,172.957565984049,196.615418152253,204.158446978351,208.25961496333,210.498325464252,187.384058750041,189.223203891684,247.776401721264,247.586393692322,207.25640866452,198.917556072176,213.627082409475,214.29366508311,202.568697915979,173.51292512666,189.755068422665,197.00937662786,206.743423274218,209.657809968585,197.295291565805,190.576116692883,180.443915421912,186.373760084661,202.576513030703,199.825082035658,211.750576479254,229.351462137187,208.629567656285,218.43303078621,225.902295133527,226.597130374901,200.646819372675,199.557407994674,219.036853106836,199.521813345766,174.570342638023
