223.645700427488,171.94500407308,158.734194309253,184.807961687978,135.965832807367,175.510561492438,181.105034772485,147.68739277676,177.275012068473,163.658369406766,182.517486378633,164.539706209947,160.764447282905,192.132351236824,158.213577761843,154.431479045497,186.819766114672,161.570565513645,184.868014318182,165.596495393744,191.75734271077,201.619415666012,159.40429012776,150.615584184927,184.117998770664,191.203458522566,171.894386658135,189.028915268144,161.076055092093,165.174482253293,167.690836303359,193.409129648449,182.102011427797,161.92652480148,173.570499077214,176.260661865653,171.570263178832,173.292260749198,160.364256704693,171.707042415688,182.584726620953,171.315933253959,145.258031751077,157.34513961061,152.930996663743,165.879469315043,164.243075716608,167.941103239552,168.205946236477,150.926544228701,223.645700427488,171.94500407308,158.734194309253,184.807961687978,135.965832807367,175.510561492438,181.105034772485,147.68739277676,177.275012068473,163.658369406766,182.517486378633,164.539706209947,160.764447282905,192.132351236824,158.213577761843,154.431479045497,186.819766114672,161.570565513645,184.868014318182,165.596495393744,191.75734271077,201.619415666012,159.40429012776,150.615584184927,184.117998770664,191.203458522566,171.894386658135,189.028915268144,161.076055092093,165.174482253293,167.690836303359,193.409129648449,182.102011427797,161.92652480148,173.570499077214,176.260661865653,171.570263178832,173.292260749198,160.364256704693,171.707042415688,182.584726620953,171.315933253959,145.258031751077,157.34513961061,152.930996663743,165.879469315043,164.243075716608,167.941103239552,168.205946236477,150.926544228701
171.944998192382,239.537139932206,193.497571569995,218.270635972871,185.082778441958,209.191782193104,215.011041472615,176.818110736834,202.006507187619,172.793682298794,211.060030283277,211.989584870949,191.288402577621,199.524029230272,177.059923996177,180.270399418381,221.251289774153,186.307953632278,235.648103052224,192.911194378162,219.250365914313,205.128394138929,182.312372450984,177.459896263912,206.014957237432,212.990510545241,188.099008543313,215.162760239404,220.578234333105,175.774096151169,207.777392745495,214.215804140517,204.940916438048,213.280030062802,187.580027689875,192.068578664742,201.045279076506,190.410798327944,201.631812676865,212.629134514806,202.598592161638,204.029965723417,187.349985463102,184.208583015425,182.148866356854,198.471652920083,192.742107121437,204.573639001212,193.58952999454,175.438872737969,171.944998192382,239.537139932206,193.497571569995,218.270635972871,185.082778441958,209.191782193104,215.011041472615,176.818110736834,202.006507187619,172.793682298794,211.060030283277,211.989584870949,191.288402577621,199.524029230272,177.059923996177,180.270399418381,221.251289774153,186.307953632278,235.648103052224,192.911194378162,219.250365914313,205.128394138929,182.312372450984,177.459896263912,206.014957237432,212.990510545241,188.099008543313,215.162760239404,220.578234333105,175.774096151169,207.777392745495,214.215804140517,204.940916438048,213.280030062802,187.580027689875,192.068578664742,201.045279076506,190.410798327944,201.631812676865,212.629134514806,202.598592161638,204.029965723417,187.349985463102,184.208583015425,182.148866356854,198.471652920083,192.742107121437,204.573639001212,193.58952999454,175.438872737969
158.734188428555,193.497571569995,230.669412601004,218.032862208774,169.374321647766,202.530493737345,198.443636573076,188.198462706212,185.876726422276,180.684965927422,202.286140822121,201.684985528663,199.086657711371,179.094815923742,171.907314984002,173.934534357298,208.76624604558,182.232512758432,217.953864463628,198.775561968599,205.224510940784,196.919932528586,164.935904774329,172.884343334903,199.800328600182,207.018281675994,180.944816752224,192.135035582872,212.230215650507,170.463364330855,208.310136175489,206.664134017339,197.935976444868,199.314012640537,187.8030794134,184.822231582838,182.340024007637,192.083174748018,207.597485643995,209.094934824149,204.927187112876,205.480010955002,181.25562109136,160.209742563744,174.890727611339,193.203658114865,190.849449617649,189.380374040352,193.599094201364,167.438524769996,158.734188428555,193.497571569995,230.669412601004,218.032862208774,169.374321647766,202.530493737345,198.443636573076,188.198462706212,185.876726422276,180.684965927422,202.286140822121,201.684985528663,199.086657711371,179.094815923742,171.907314984002,173.934534357298,208.76624604558,182.232512758432,217.953864463628,198.775561968599,205.224510940784,196.919932528586,164.935904774329,172.884343334903,199.800328600182,207.018281675994,180.944816752224,192.135035582872,212.230215650507,170.463364330855,208.310136175489,206.664134017339,197.935976444868,199.314012640537,187.8030794134,184.822231582838,182.340024007637,192.083174748018,207.597485643995,209.094934824149,204.927187112876,205.480010955002,181.25562109136,160.209742563744,174.890727611339,193.203658114865,190.849449617649,189.380374040352,193.599094201364,167.438524769996
184.80795580728,218.270635972871,218.032862208774,301.414477687026,194.30681462781,237.750424789763,244.099481216869,196.319846707306,214.330535721686,207.707585997118,240.760419986629,237.330543585344,228.129268820711,226.539427897442,198.552161875976,212.821004739202,246.95827344947,208.79475598463,265.659269189327,222.751962113413,239.554048935618,252.453596828029,203.817716571937,205.093313110958,240.91786091835,212.688726103936,208.670664501458,240.350736711569,230.768832104987,197.608570370097,234.75940392922,235.124722762732,242.520851381242,230.991115011517,214.527136279738,222.446181124878,199.174871644941,221.228409214567,233.875566603044,235.660435526351,232.552721037095,224.590346467719,207.73592651353,202.216275832288,198.774739526876,219.331701049301,204.143016929257,224.393507786047,238.332391211961,201.920226024631,184.80795580728,218.270635972871,218.032862208774,301.414477687026,194.30681462781,237.750424789763,244.099481216869,196.319846707306,214.330535721686,207.707585997118,240.760419986629,237.330543585344,228.129268820711,226.539427897442,198.552161875976,212.821004739202,246.95827344947,208.79475598463,265.659269189327,222.751962113413,239.554048935618,252.453596828029,203.817716571937,205.093313110958,240.91786091835,212.688726103936,208.670664501458,240.350736711569,230.768832104987,197.608570370097,234.75940392922,235.124722762732,242.520851381242,230.991115011517,214.527136279738,222.446181124878,199.174871644941,221.228409214567,233.875566603044,235.660435526351,232.552721037095,224.590346467719,207.73592651353,202.216275832288,198.774739526876,219.331701049301,204.143016929257,224.393507786047,238.332391211961,201.920226024631
135.965826926669,185.082778441958,169.374321647766,194.30681462781,190.988560456826,178.485644409499,184.569289227826,158.167382522796,168.125216308125,162.436807902336,179.638095322301,178.804220900021,166.921423306584,170.39654145564,151.389077065056,159.667533706151,189.918120261687,153.542923505701,201.93790800727,168.386283206369,187.503971529446,189.940430869728,148.021771049306,148.582076529149,180.591846692171,185.19381450273,151.481213294501,181.082283985489,197.249041221903,151.849072752713,184.819618864507,190.253084059812,179.94041794322,178.603028961614,161.566073962466,166.53303550686,154.002874501411,162.347094445414,178.052344275998,180.631923580512,185.41028742979,175.337532307659,156.739792782858,159.180672300681,154.241018720344,165.271582540107,165.707377855547,178.095648766779,169.89965798615,151.385440670082,135.965826926669,185.082778441958,169.374321647766,194.30681462781,190.988560456826,178.485644409499,184.569289227826,158.167382522796,168.125216308125,162.436807902336,179.638095322301,178.804220900021,166.921423306584,170.39654145564,151.389077065056,159.667533706151,189.918120261687,153.542923505701,201.93790800727,168.386283206369,187.503971529446,189.940430869728,148.021771049306,148.582076529149,180.591846692171,185.19381450273,151.481213294501,181.082283985489,197.249041221903,151.849072752713,184.819618864507,190.253084059812,179.94041794322,178.603028961614,161.566073962466,166.53303550686,154.002874501411,162.347094445414,178.052344275998,180.631923580512,185.41028742979,175.337532307659,156.739792782858,159.180672300681,154.241018720344,165.271582540107,165.707377855547,178.095648766779,169.89965798615,151.385440670082
175.51055561174,209.191782193104,202.530493737345,237.750424789763,178.485644409499,276.523157407877,224.637129400556,204.557501196543,200.689740030446,198.828252480375,244.038256182469,216.460912806926,208.792857098627,204.746202765778,170.377679085124,193.76095658245,237.601687706523,199.348359703515,248.797063813653,232.764173020729,237.031447975001,229.940919528395,199.649837691145,186.799547954671,224.992716261103,216.553417876313,195.640403011181,224.853758560913,231.670702711412,176.896027587415,220.28847606104,209.775849136256,225.547099747919,224.033382349194,195.600187784289,192.416914276326,200.325328097304,211.228227337307,224.776420291777,210.983527888699,225.84682583192,213.103113448004,194.668763771284,188.737057580889,175.308985135788,219.657485398015,185.853482896091,220.729454433406,230.464399374777,184.10186783825,175.51055561174,209.191782193104,202.530493737345,237.750424789763,178.485644409499,276.523157407877,224.637129400556,204.557501196543,200.689740030446,198.828252480375,244.038256182469,216.460912806926,208.792857098627,204.746202765778,170.377679085124,193.76095658245,237.601687706523,199.348359703515,248.797063813653,232.764173020729,237.031447975001,229.940919528395,199.649837691145,186.799547954671,224.992716261103,216.553417876313,195.640403011181,224.853758560913,231.670702711412,176.896027587415,220.28847606104,209.775849136256,225.547099747919,224.033382349194,195.600187784289,192.416914276326,200.325328097304,211.228227337307,224.776420291777,210.983527888699,225.84682583192,213.103113448004,194.668763771284,188.737057580889,175.308985135788,219.657485398015,185.853482896091,220.729454433406,230.464399374777,184.10186783825
181.105028891787,215.011041472615,198.443636573076,244.099481216869,184.569289227826,224.637129400556,280.122968493575,187.235981186056,201.909060800068,189.463366813451,233.125802806097,214.004054587332,206.417840679219,211.636665190235,181.648342121561,195.833119741549,243.795779397645,195.38429816878,237.331511687993,215.800689427111,235.955882462544,234.913216668615,172.576094840925,184.170476702352,212.295823797415,211.883452889879,204.577721903428,246.820112343467,234.086991872148,191.494661198183,234.831969550695,224.440306634969,232.130793010093,212.924364430876,210.517181031946,196.111140645495,195.327699954046,193.559526907596,220.245741394575,209.82706334531,204.72181007787,220.33788756841,192.747707855054,187.409309597095,186.23115443726,210.224897809795,195.826571858492,218.637383958354,215.026785529425,199.94401907925,181.105028891787,215.011041472615,198.443636573076,244.099481216869,184.569289227826,224.637129400556,280.122968493575,187.235981186056,201.909060800068,189.463366813451,233.125802806097,214.004054587332,206.417840679219,211.636665190235,181.648342121561,195.833119741549,243.795779397645,195.38429816878,237.331511687993,215.800689427111,235.955882462544,234.913216668615,172.576094840925,184.170476702352,212.295823797415,211.883452889879,204.577721903428,246.820112343467,234.086991872148,191.494661198183,234.831969550695,224.440306634969,232.130793010093,212.924364430876,210.517181031946,196.111140645495,195.327699954046,193.559526907596,220.245741394575,209.82706334531,204.72181007787,220.33788756841,192.747707855054,187.409309597095,186.23115443726,210.224897809795,195.826571858492,218.637383958354,215.026785529425,199.94401907925
147.687386896061,176.818110736834,188.198462706212,196.319846707306,158.167382522796,204.557501196543,187.235981186056,233.863973056444,181.139968940567,185.723283122969,199.558090444991,183.484773469999,187.366499318877,186.138849486176,150.286887444704,173.399195258827,200.59961970628,182.523377337038,216.425105776071,193.593441606921,197.426847432451,194.183664111657,169.499846186452,169.341962837021,206.112898739518,214.290406450665,172.207059513225,186.424643843428,190.697197027702,161.950233885919,195.129962469184,195.165389798569,192.680743584686,186.780826822174,192.778959579109,176.44489360276,175.136246544846,189.7098001549,199.895480150964,193.409311098711,200.577432606844,195.192491173092,172.323870881404,170.447493548364,159.369342738282,187.501477572553,174.619793875585,189.804860809102,195.753820718214,167.846010395921,147.687386896061,176.818110736834,188.198462706212,196.319846707306,158.167382522796,204.557501196543,187.235981186056,233.863973056444,181.139968940567,185.723283122969,199.558090444991,183.484773469999,187.366499318877,186.138849486176,150.286887444704,173.399195258827,200.59961970628,182.523377337038,216.425105776071,193.593441606921,197.426847432451,194.183664111657,169.499846186452,169.341962837021,206.112898739518,214.290406450665,172.207059513225,186.424643843428,190.697197027702,161.950233885919,195.129962469184,195.165389798569,192.680743584686,186.780826822174,192.778959579109,176.44489360276,175.136246544846,189.7098001549,199.895480150964,193.409311098711,200.577432606844,195.192491173092,172.323870881404,170.447493548364,159.369342738282,187.501477572553,174.619793875585,189.804860809102,195.753820718214,167.846010395921
177.275006187775,202.006507187619,185.876726422276,214.330535721686,168.125216308125,200.689740030446,201.909060800068,181.139968940567,224.220901977846,183.575277490089,203.436764055333,191.667271650937,186.300003063535,201.758415575531,179.892804234158,169.024044827243,215.636288683289,185.685780108707,213.182440273964,193.696135658141,217.19214670494,202.629442741854,181.275301840294,165.202531388365,213.155033652858,196.540667863771,173.706885416143,199.827565718054,192.814871972162,171.104999277157,208.238644368503,214.495300657099,207.694831969344,197.411909366521,190.788230762608,189.421372530566,178.96505213084,192.129588016358,193.39595392191,211.083351329017,212.628980435909,196.103732233924,183.206905120351,181.727440128228,170.926439841776,199.863300186402,179.659332527758,183.628215105088,189.586365336068,173.424120404744,177.275006187775,202.006507187619,185.876726422276,214.330535721686,168.125216308125,200.689740030446,201.909060800068,181.139968940567,224.220901977846,183.575277490089,203.436764055333,191.667271650937,186.300003063535,201.758415575531,179.892804234158,169.024044827243,215.636288683289,185.685780108707,213.182440273964,193.696135658141,217.19214670494,202.629442741854,181.275301840294,165.202531388365,213.155033652858,196.540667863771,173.706885416143,199.827565718054,192.814871972162,171.104999277157,208.238644368503,214.495300657099,207.694831969344,197.411909366521,190.788230762608,189.421372530566,178.96505213084,192.129588016358,193.39595392191,211.083351329017,212.628980435909,196.103732233924,183.206905120351,181.727440128228,170.926439841776,199.863300186402,179.659332527758,183.628215105088,189.586365336068,173.424120404744
163.658363526067,172.793682298794,180.684965927422,207.707585997118,162.436807902336,198.828252480375,189.463366813451,185.723283122969,183.575277490089,220.338073136326,188.692223312945,183.758615544325,181.722290702,194.042707725899,163.914571641235,165.061868928053,186.277859754932,180.029230833777,212.277957431203,184.661290739481,196.851217537563,195.812003859541,162.727786179753,172.070586385549,196.398051063653,199.806247476513,179.895673688385,188.69531787624,196.836455490375,165.24611715007,175.668383275227,200.151025141231,188.32700952447,178.715450636171,176.423752273346,182.819604449122,176.778229975407,175.071115227933,187.564754702871,193.299613605552,197.373250654737,188.27556797674,167.387355110764,165.621479669289,159.665870104741,175.695242923815,173.889293124482,197.624266307438,183.989005747337,161.48984291525,163.658363526067,172.793682298794,180.684965927422,207.707585997118,162.436807902336,198.828252480375,189.463366813451,185.723283122969,183.575277490089,220.338073136326,188.692223312945,183.758615544325,181.722290702,194.042707725899,163.914571641235,165.061868928053,186.277859754932,180.029230833777,212.277957431203,184.661290739481,196.851217537563,195.812003859541,162.727786179753,172.070586385549,196.398051063653,199.806247476513,179.895673688385,188.69531787624,196.836455490375,165.24611715007,175.668383275227,200.151025141231,188.32700952447,178.715450636171,176.423752273346,182.819604449122,176.778229975407,175.071115227933,187.564754702871,193.299613605552,197.373250654737,188.27556797674,167.387355110764,165.621479669289,159.665870104741,175.695242923815,173.889293124482,197.624266307438,183.989005747337,161.48984291525
182.517480497935,211.060030283277,202.286140822121,240.760419986629,179.638095322301,244.038256182469,233.125802806097,199.558090444991,203.436764055333,188.692223312945,269.040705472408,221.845796736048,207.838883860255,209.218024397916,169.595522431027,198.376065133407,237.122491070547,196.643442811485,235.985674101956,223.747873910671,238.618328076826,241.785913913028,194.484705252266,190.762997314916,230.59763244262,211.296825981114,210.080418827077,229.467938663712,231.573607884583,178.450975708972,228.643915904211,230.616364528816,224.931097917217,216.831096923517,209.435656075274,201.412620947716,197.57250864366,224.580994526224,215.687748902147,204.281222294959,223.568501564915,204.819209488021,205.496217686704,195.727636679786,176.123602738364,217.341258371732,199.539158156625,214.592649801719,221.508807204809,206.029711138754,182.517480497935,211.060030283277,202.286140822121,240.760419986629,179.638095322301,244.038256182469,233.125802806097,199.558090444991,203.436764055333,188.692223312945,269.040705472408,221.845796736048,207.838883860255,209.218024397916,169.595522431027,198.376065133407,237.122491070547,196.643442811485,235.985674101956,223.747873910671,238.618328076826,241.785913913028,194.484705252266,190.762997314916,230.59763244262,211.296825981114,210.080418827077,229.467938663712,231.573607884583,178.450975708972,228.643915904211,230.616364528816,224.931097917217,216.831096923517,209.435656075274,201.412620947716,197.57250864366,224.580994526224,215.687748902147,204.281222294959,223.568501564915,204.819209488021,205.496217686704,195.727636679786,176.123602738364,217.341258371732,199.539158156625,214.592649801719,221.508807204809,206.029711138754
164.539700329249,211.989584870949,201.684985528663,237.330543585344,178.804220900021,216.460912806926,214.004054587332,183.484773469999,191.667271650937,183.758615544325,221.845796736048,259.629715703831,202.766974222693,199.380119284694,175.518715013468,191.730685160676,206.396583980569,186.275071133636,228.416484888312,198.600549978246,228.407421505608,217.742710155246,177.322216739471,173.00137310055,207.229115418172,209.183231989978,204.675988921639,212.377870467117,223.800696669217,174.782089933803,211.634048324533,229.33592944139,202.914988619743,206.768069022833,193.000651811046,200.14493092403,187.998530287605,199.984529230346,203.238738450516,210.719712072586,211.759444923516,205.664752470157,195.481040569615,179.447623778537,181.45764118353,209.164017077855,189.464565562828,197.570463744403,196.708129464595,185.833828558772,164.539700329249,211.989584870949,201.684985528663,237.330543585344,178.804220900021,216.460912806926,214.004054587332,183.484773469999,191.667271650937,183.758615544325,221.845796736048,259.629715703831,202.766974222693,199.380119284694,175.518715013468,191.730685160676,206.396583980569,186.275071133636,228.416484888312,198.600549978246,228.407421505608,217.742710155246,177.322216739471,173.00137310055,207.229115418172,209.183231989978,204.675988921639,212.377870467117,223.800696669217,174.782089933803,211.634048324533,229.33592944139,202.914988619743,206.768069022833,193.000651811046,200.14493092403,187.998530287605,199.984529230346,203.238738450516,210.719712072586,211.759444923516,205.664752470157,195.481040569615,179.447623778537,181.45764118353,209.164017077855,189.464565562828,197.570463744403,196.708129464595,185.833828558772
160.764441402207,191.288402577621,199.086657711371,228.129268820711,166.921423306584,208.792857098627,206.417840679219,187.366499318877,186.300003063535,181.722290702,207.838883860255,202.766974222693,224.438004266101,192.070709308531,168.162310652011,177.242166868878,208.859847236343,184.333579754121,227.651058814259,198.41020625184,211.357442916334,212.707762275793,164.856058230588,174.059763609427,213.084281569849,200.586514281078,190.231379597003,209.955951771758,208.689851223409,168.174041880836,207.274919730283,202.319125055083,197.835846118032,188.736267041739,193.289237175764,190.728050758946,181.029994156521,179.233646080914,202.586785610151,207.00522408946,206.023722043758,200.466358583588,178.938196632965,169.199255210022,169.860698094717,189.670371818133,177.811900758911,191.76511580357,198.325551138303,176.520351084966,160.764441402207,191.288402577621,199.086657711371,228.129268820711,166.921423306584,208.792857098627,206.417840679219,187.366499318877,186.300003063535,181.722290702,207.838883860255,202.766974222693,224.438004266101,192.070709308531,168.162310652011,177.242166868878,208.859847236343,184.333579754121,227.651058814259,198.41020625184,211.357442916334,212.707762275793,164.856058230588,174.059763609427,213.084281569849,200.586514281078,190.231379597003,209.955951771758,208.689851223409,168.174041880836,207.274919730283,202.319125055083,197.835846118032,188.736267041739,193.289237175764,190.728050758946,181.029994156521,179.233646080914,202.586785610151,207.00522408946,206.023722043758,200.466358583588,178.938196632965,169.199255210022,169.860698094717,189.670371818133,177.811900758911,191.76511580357,198.325551138303,176.520351084966
192.132345356126,199.524029230272,179.094815923742,226.539427897442,170.39654145564,204.746202765778,211.636665190235,186.138849486176,201.758415575531,194.042707725899,209.218024397916,199.380119284694,192.070709308531,252.443982314727,179.047261867209,187.349343992493,204.781760633584,188.421265897537,215.837053190171,197.511617684282,216.725994552981,231.345162754483,185.084349053038,186.564245704592,219.162852937442,212.511353538557,185.946830605009,209.268616502709,194.822299499532,189.351793374291,196.157961281146,230.568512676567,218.362943334247,201.360869832276,205.584592333573,204.1609562737,186.46062401456,184.018319766012,199.961844468362,210.516027579605,209.104548464742,195.52521558296,180.798513325836,186.852866622196,183.210948415998,198.576090392302,187.062094728106,216.179727959542,196.063322380424,181.145280242877,192.132345356126,199.524029230272,179.094815923742,226.539427897442,170.39654145564,204.746202765778,211.636665190235,186.138849486176,201.758415575531,194.042707725899,209.218024397916,199.380119284694,192.070709308531,252.443982314727,179.047261867209,187.349343992493,204.781760633584,188.421265897537,215.837053190171,197.511617684282,216.725994552981,231.345162754483,185.084349053038,186.564245704592,219.162852937442,212.511353538557,185.946830605009,209.268616502709,194.822299499532,189.351793374291,196.157961281146,230.568512676567,218.362943334247,201.360869832276,205.584592333573,204.1609562737,186.46062401456,184.018319766012,199.961844468362,210.516027579605,209.104548464742,195.52521558296,180.798513325836,186.852866622196,183.210948415998,198.576090392302,187.062094728106,216.179727959542,196.063322380424,181.145280242877
158.213571881145,177.059923996177,171.907314984002,198.552161875976,151.389077065056,170.377679085124,181.648342121561,150.286887444704,179.892804234158,163.914571641235,169.595522431027,175.518715013468,168.162310652011,179.047261867209,184.605899155213,162.328609044031,178.678010124762,162.546827687568,204.80710546413,172.659799707347,189.3406174192,189.315157868208,154.294875908137,152.578813239332,190.935717042275,183.562718281625,169.163158363037,180.176209884247,175.650464018148,157.473206259449,186.680606608267,187.807125318662,178.781725992584,174.29876732551,162.055732819039,174.733771992863,167.267534246384,159.412975514126,165.230839970094,192.616056024233,186.106339266038,175.064421379912,154.389772020725,156.153327814434,152.531849283506,173.487802019285,166.75020651366,171.28666624812,176.564176231937,149.554284246636,158.213571881145,177.059923996177,171.907314984002,198.552161875976,151.389077065056,170.377679085124,181.648342121561,150.286887444704,179.892804234158,163.914571641235,169.595522431027,175.518715013468,168.162310652011,179.047261867209,184.605899155213,162.328609044031,178.678010124762,162.546827687568,204.80710546413,172.659799707347,189.3406174192,189.315157868208,154.294875908137,152.578813239332,190.935717042275,183.562718281625,169.163158363037,180.176209884247,175.650464018148,157.473206259449,186.680606608267,187.807125318662,178.781725992584,174.29876732551,162.055732819039,174.733771992863,167.267534246384,159.412975514126,165.230839970094,192.616056024233,186.106339266038,175.064421379912,154.389772020725,156.153327814434,152.531849283506,173.487802019285,166.75020651366,171.28666624812,176.564176231937,149.554284246636
154.431473164798,180.270399418381,173.934534357298,212.821004739202,159.667533706151,193.76095658245,195.833119741549,173.399195258827,169.024044827243,165.061868928053,198.376065133407,191.730685160676,177.242166868878,187.349343992493,162.328609044031,207.820322491066,204.661327345321,171.824435268609,219.911860777645,184.475000947455,203.281673816184,204.018036295476,173.757359016542,168.382778021511,203.505518066891,195.797206084883,174.073123913956,186.494519848372,188.109858825815,168.722950548003,199.347151205441,199.412869911244,189.295229918589,194.228388742901,188.317990455334,181.055980216541,172.123412229079,184.143835340642,183.919905870095,186.350526566688,192.715261652892,181.901356370087,174.024987852218,176.114025344063,165.093817499499,193.849143853896,164.99561662955,184.528160202236,191.325156565422,160.038899386683,154.431473164798,180.270399418381,173.934534357298,212.821004739202,159.667533706151,193.76095658245,195.833119741549,173.399195258827,169.024044827243,165.061868928053,198.376065133407,191.730685160676,177.242166868878,187.349343992493,162.328609044031,207.820322491066,204.661327345321,171.824435268609,219.911860777645,184.475000947455,203.281673816184,204.018036295476,173.757359016542,168.382778021511,203.505518066891,195.797206084883,174.073123913956,186.494519848372,188.109858825815,168.722950548003,199.347151205441,199.412869911244,189.295229918589,194.228388742901,188.317990455334,181.055980216541,172.123412229079,184.143835340642,183.919905870095,186.350526566688,192.715261652892,181.901356370087,174.024987852218,176.114025344063,165.093817499499,193.849143853896,164.99561662955,184.528160202236,191.325156565422,160.038899386683
186.819760233974,221.251289774153,208.76624604558,246.95827344947,189.918120261687,237.601687706523,243.795779397645,200.59961970628,215.636288683289,186.277859754932,237.122491070547,206.396583980569,208.859847236343,204.781760633584,178.678010124762,204.661327345321,289.829875128898,202.71228348353,246.398407808621,216.70009844341,231.997999797011,239.367920955207,203.839768305229,189.14272448193,228.599184192503,217.857479393379,190.481797413911,228.189695353389,230.943052976965,184.634324169299,228.621661144995,221.474855252649,237.713773847818,228.182649342918,212.821876282788,195.941306495826,203.881899174517,225.035531276094,233.42897537679,213.269003675598,224.109053522789,230.971674996136,200.448184974414,202.362051320926,189.608871059057,215.783142431107,197.532457895844,211.156359205543,215.157815757396,198.693062077666,186.819760233974,221.251289774153,208.76624604558,246.95827344947,189.918120261687,237.601687706523,243.795779397645,200.59961970628,215.636288683289,186.277859754932,237.122491070547,206.396583980569,208.859847236343,204.781760633584,178.678010124762,204.661327345321,289.829875128898,202.71228348353,246.398407808621,216.70009844341,231.997999797011,239.367920955207,203.839768305229,189.14272448193,228.599184192503,217.857479393379,190.481797413911,228.189695353389,230.943052976965,184.634324169299,228.621661144995,221.474855252649,237.713773847818,228.182649342918,212.821876282788,195.941306495826,203.881899174517,225.035531276094,233.42897537679,213.269003675598,224.109053522789,230.971674996136,200.448184974414,202.362051320926,189.608871059057,215.783142431107,197.532457895844,211.156359205543,215.157815757396,198.693062077666
161.570559632947,186.307953632278,182.232512758432,208.79475598463,153.542923505701,199.348359703515,195.38429816878,182.523377337038,185.685780108707,180.029230833777,196.643442811485,186.275071133636,184.333579754121,188.421265897537,162.546827687568,171.824435268609,202.71228348353,200.402256053461,207.586898255499,192.383137087159,200.343237998882,195.388906471706,172.874700409079,169.182529564958,187.918173572936,192.792336391004,173.123666569488,191.766964140012,183.450668067913,173.028637029415,188.24332936985,198.78420339018,190.85550630022,193.872919626551,179.964214642101,174.219354931161,182.048228845169,184.804442495373,181.29493131452,193.298251303613,190.951724124001,188.786193962325,175.720590228703,173.39215690367,168.378996825515,188.841953204811,176.845594953472,192.960527775285,182.31220854242,161.262540146468,161.570559632947,186.307953632278,182.232512758432,208.79475598463,153.542923505701,199.348359703515,195.38429816878,182.523377337038,185.685780108707,180.029230833777,196.643442811485,186.275071133636,184.333579754121,188.421265897537,162.546827687568,171.824435268609,202.71228348353,200.402256053461,207.586898255499,192.383137087159,200.343237998882,195.388906471706,172.874700409079,169.182529564958,187.918173572936,192.792336391004,173.123666569488,191.766964140012,183.450668067913,173.028637029415,188.24332936985,198.78420339018,190.85550630022,193.872919626551,179.964214642101,174.219354931161,182.048228845169,184.804442495373,181.29493131452,193.298251303613,190.951724124001,188.786193962325,175.720590228703,173.39215690367,168.378996825515,188.841953204811,176.845594953472,192.960527775285,182.31220854242,161.262540146468
184.868008437484,235.648103052224,217.953864463628,265.659269189327,201.93790800727,248.797063813653,237.331511687993,216.425105776071,213.182440273964,212.277957431203,235.985674101956,228.416484888312,227.651058814259,215.837053190171,204.80710546413,219.911860777645,246.398407808621,207.586898255499,320.110033825964,240.101673861491,262.530149207903,251.127685312695,214.31943634643,218.693866523039,254.959470796869,246.757512492759,217.843119232688,252.027945123441,243.631828269861,201.999647832255,238.382883981582,226.602021461914,230.304521364057,240.161401062021,210.800970396834,228.776794738768,218.378211202827,221.304396584955,233.758069132025,240.971611714569,247.740945436554,232.858059265543,211.386818064571,213.481074739438,207.055457514817,228.901485645044,211.133201134753,233.381529212138,251.196797711585,208.214848888309,184.868008437484,235.648103052224,217.953864463628,265.659269189327,201.93790800727,248.797063813653,237.331511687993,216.425105776071,213.182440273964,212.277957431203,235.985674101956,228.416484888312,227.651058814259,215.837053190171,204.80710546413,219.911860777645,246.398407808621,207.586898255499,320.110033825964,240.101673861491,262.530149207903,251.127685312695,214.31943634643,218.693866523039,254.959470796869,246.757512492759,217.843119232688,252.027945123441,243.631828269861,201.999647832255,238.382883981582,226.602021461914,230.304521364057,240.161401062021,210.800970396834,228.776794738768,218.378211202827,221.304396584955,233.758069132025,240.971611714569,247.740945436554,232.858059265543,211.386818064571,213.481074739438,207.055457514817,228.901485645044,211.133201134753,233.381529212138,251.196797711585,208.214848888309
165.596489513045,192.911194378162,198.775561968599,222.751962113413,168.386283206369,232.764173020729,215.800689427111,193.593441606921,193.696135658141,184.661290739481,223.747873910671,198.600549978246,198.41020625184,197.511617684282,172.659799707347,184.475000947455,216.70009844341,192.383137087159,240.101673861491,252.54882822996,227.102855441572,226.268264324029,180.135804397486,183.175583651611,217.547557529377,209.777838854485,191.119698750912,208.7740591475,205.294258060292,177.611945409066,215.725963161639,209.36106815437,207.492481935956,214.002997978336,199.355403497321,185.750529479587,182.393205865123,204.976437920198,208.564038315175,211.686409657332,220.507727409615,210.304471070572,182.066187473383,183.257175839483,166.502352359806,206.749373896249,189.383381261428,201.973617671607,215.563677863578,192.460604916526,165.596489513045,192.911194378162,198.775561968599,222.751962113413,168.386283206369,232.764173020729,215.800689427111,193.593441606921,193.696135658141,184.661290739481,223.747873910671,198.600549978246,198.41020625184,197.511617684282,172.659799707347,184.475000947455,216.70009844341,192.383137087159,240.101673861491,252.54882822996,227.102855441572,226.268264324029,180.135804397486,183.175583651611,217.547557529377,209.777838854485,191.119698750912,208.7740591475,205.294258060292,177.611945409066,215.725963161639,209.36106815437,207.492481935956,214.002997978336,199.355403497321,185.750529479587,182.393205865123,204.976437920198,208.564038315175,211.686409657332,220.507727409615,210.304471070572,182.066187473383,183.257175839483,166.502352359806,206.749373896249,189.383381261428,201.973617671607,215.563677863578,192.460604916526
191.757336830072,219.250365914313,205.224510940784,239.554048935618,187.503971529446,237.031447975001,235.955882462544,197.426847432451,217.19214670494,196.851217537563,238.618328076826,228.407421505608,211.357442916334,216.725994552981,189.3406174192,203.281673816184,231.997999797011,200.343237998882,262.530149207903,227.102855441572,277.952272005625,240.960117294224,199.227466931115,188.5690468706,226.712375660771,226.289585436995,201.811130124727,243.774632594759,229.773496637725,194.886969055413,239.118318584061,229.896449437859,225.296141505316,226.653199787134,214.829465557785,209.495185331037,202.575354764169,209.206396946239,218.484600114428,213.707767492557,242.292404859529,213.298695343979,205.188727239539,202.849244106901,194.343192209963,225.612379874352,202.928068233943,221.537231535578,224.60218546294,203.58810840941,191.757336830072,219.250365914313,205.224510940784,239.554048935618,187.503971529446,237.031447975001,235.955882462544,197.426847432451,217.19214670494,196.851217537563,238.618328076826,228.407421505608,211.357442916334,216.725994552981,189.3406174192,203.281673816184,231.997999797011,200.343237998882,262.530149207903,227.102855441572,277.952272005625,240.960117294224,199.227466931115,188.5690468706,226.712375660771,226.289585436995,201.811130124727,243.774632594759,229.773496637725,194.886969055413,239.118318584061,229.896449437859,225.296141505316,226.653199787134,214.829465557785,209.495185331037,202.575354764169,209.206396946239,218.484600114428,213.707767492557,242.292404859529,213.298695343979,205.188727239539,202.849244106901,194.343192209963,225.612379874352,202.928068233943,221.537231535578,224.60218546294,203.58810840941
201.619409785314,205.128394138929,196.919932528586,252.453596828029,189.940430869728,229.940919528395,234.913216668615,194.183664111657,202.629442741854,195.812003859541,241.785913913028,217.742710155246,212.707762275793,231.345162754483,189.315157868208,204.018036295476,239.367920955207,195.388906471706,251.127685312695,226.268264324029,240.960117294224,291.75746890046,198.460078659715,197.365332599052,236.038745237707,221.009653199531,209.369316442441,246.113597652455,225.889493689286,195.65219536391,215.150907626917,236.226242967134,237.51252927196,213.944796697966,219.238549519762,216.906721396087,195.665456213104,213.777068190412,227.164949209326,213.505320939759,234.041506131584,218.939158536598,190.088665139502,210.564059435201,182.651752292102,213.375371811249,201.534025407676,217.43336022606,219.948760900321,220.47150272753,201.619409785314,205.128394138929,196.919932528586,252.453596828029,189.940430869728,229.940919528395,234.913216668615,194.183664111657,202.629442741854,195.812003859541,241.785913913028,217.742710155246,212.707762275793,231.345162754483,189.315157868208,204.018036295476,239.367920955207,195.388906471706,251.127685312695,226.268264324029,240.960117294224,291.75746890046,198.460078659715,197.365332599052,236.038745237707,221.009653199531,209.369316442441,246.113597652455,225.889493689286,195.65219536391,215.150907626917,236.226242967134,237.51252927196,213.944796697966,219.238549519762,216.906721396087,195.665456213104,213.777068190412,227.164949209326,213.505320939759,234.041506131584,218.939158536598,190.088665139502,210.564059435201,182.651752292102,213.375371811249,201.534025407676,217.43336022606,219.948760900321,220.47150272753
159.404284247062,182.312372450984,164.935904774329,203.817716571937,148.021771049306,199.649837691145,172.576094840925,169.499846186452,181.275301840294,162.727786179753,194.484705252266,177.322216739471,164.856058230588,185.084349053038,154.294875908137,173.757359016542,203.839768305229,172.874700409079,214.31943634643,180.135804397486,199.227466931115,198.460078659715,206.323781404644,172.684910368702,197.311062099537,185.18141935397,159.211448568209,186.61719276321,173.59724409452,157.860933761235,179.686075966618,189.286797097779,196.439700274817,196.329143961083,172.672392747887,167.20496442477,171.548284784208,184.36577568726,181.001646946469,188.312530356176,195.589032700529,181.407172126037,171.840280323298,176.779716080869,155.698342626843,185.51074981148,168.10553168328,177.937029582428,182.38676407475,158.046335939464,159.404284247062,182.312372450984,164.935904774329,203.817716571937,148.021771049306,199.649837691145,172.576094840925,169.499846186452,181.275301840294,162.727786179753,194.484705252266,177.322216739471,164.856058230588,185.084349053038,154.294875908137,173.757359016542,203.839768305229,172.874700409079,214.31943634643,180.135804397486,199.227466931115,198.460078659715,206.323781404644,172.684910368702,197.311062099537,185.18141935397,159.211448568209,186.61719276321,173.59724409452,157.860933761235,179.686075966618,189.286797097779,196.439700274817,196.329143961083,172.672392747887,167.20496442477,171.548284784208,184.36577568726,181.001646946469,188.312530356176,195.589032700529,181.407172126037,171.840280323298,176.779716080869,155.698342626843,185.51074981148,168.10553168328,177.937029582428,182.38676407475,158.046335939464
