87.4862387221255,67.1485307701828,85.2190132976239,74.5188738777784,79.6782667284482,82.6383039615785,67.8538878375972,63.5668507802618,69.2239619516516,74.1749245354474,79.0756121710011,77.8553716100882,75.037280680823,76.2687293659852,66.4014065463884,78.0502465114035,80.3689620703139,71.5788765072446,67.9725909880493,76.7165166031786,93.0161256429101,66.0203532375805,49.5828174064838,65.4483869183408,58.391277056787,87.4862387221255,67.1485307701828,85.2190132976239,74.5188738777784,79.6782667284482,82.6383039615785,67.8538878375972,63.5668507802618,69.2239619516516,74.1749245354474,79.0756121710011,77.8553716100882,75.037280680823,76.2687293659852,66.4014065463884,78.0502465114035,80.3689620703139,71.5788765072446,67.9725909880493,76.7165166031786,93.0161256429101,66.0203532375805,49.5828174064838,65.4483869183408,58.391277056787
67.1484330141958,88.1448088360623,80.1167772671423,67.417096524638,71.79518078911,82.9780144579954,69.2084405706006,61.9184225493575,64.7547744789726,66.8169862386834,71.3544376480791,76.5680085629819,79.8777682958986,78.4187501197053,69.8772015228256,87.0168121019767,79.0552224462819,65.4128587430988,64.7009805450302,78.8610444451995,88.2220357239293,60.6171261859247,44.8551558765096,77.5094923471043,59.4247739389562,67.1484330141958,88.1448088360623,80.1167772671423,67.417096524638,71.79518078911,82.9780144579954,69.2084405706006,61.9184225493575,64.7547744789726,66.8169862386834,71.3544376480791,76.5680085629819,79.8777682958986,78.4187501197053,69.8772015228256,87.0168121019767,79.0552224462819,65.4128587430988,64.7009805450302,78.8610444451995,88.2220357239293,60.6171261859247,44.8551558765096,77.5094923471043,59.4247739389562
85.218915541637,80.1167772671423,118.022233497731,81.8864007221936,102.751475303416,91.3332211684852,72.2364279184288,77.2787645303971,84.8688799288063,90.3824842561412,88.9424521456424,83.0018699063516,90.6522642900063,90.2635747912777,83.8925720807721,115.050128668305,97.973053779474,85.1556828204464,83.7532041131356,86.6329057696142,95.6666857182067,76.6275120459839,61.151319863054,71.9262384673037,82.1832044658788,85.218915541637,80.1167772671423,118.022233497731,81.8864007221936,102.751475303416,91.3332211684852,72.2364279184288,77.2787645303971,84.8688799288063,90.3824842561412,88.9424521456424,83.0018699063516,90.6522642900063,90.2635747912777,83.8925720807721,115.050128668305,97.973053779474,85.1556828204464,83.7532041131356,86.6329057696142,95.6666857182067,76.6275120459839,61.151319863054,71.9262384673037,82.1832044658788
74.5187761217914,67.417096524638,81.8864007221936,85.9543064320859,85.2990226960128,80.4812910639269,62.4584407213628,67.3896471727012,74.6509969225169,65.5994311977256,81.5765082884715,66.4464456760451,79.2295357477315,86.6206753223969,64.8415055508218,85.7600806707503,80.8904682655098,66.6903996014792,74.9650996254805,80.4347462928019,88.8817953577634,62.2886986830964,49.5482514778984,70.9802612761492,58.6979926461205,74.5187761217914,67.417096524638,81.8864007221936,85.9543064320859,85.2990226960128,80.4812910639269,62.4584407213628,67.3896471727012,74.6509969225169,65.5994311977256,81.5765082884715,66.4464456760451,79.2295357477315,86.6206753223969,64.8415055508218,85.7600806707503,80.8904682655098,66.6903996014792,74.9650996254805,80.4347462928019,88.8817953577634,62.2886986830964,49.5482514778984,70.9802612761492,58.6979926461205
79.6781689724612,71.79518078911,102.751475303416,85.2990226960128,117.906161200824,88.5205899735567,68.4993679702663,77.5628907056258,83.9338494355256,77.9476043297794,85.8377799653203,70.4559970854255,89.2136196214214,86.7768672690603,77.4771206447432,108.983451448788,91.0328010460147,78.5049060765732,87.2360252223825,82.6560731511552,89.4781572032749,68.727454575195,52.2228105330656,68.5494919213733,74.2796775154553,79.6781689724612,71.79518078911,102.751475303416,85.2990226960128,117.906161200824,88.5205899735567,68.4993679702663,77.5628907056258,83.9338494355256,77.9476043297794,85.8377799653203,70.4559970854255,89.2136196214214,86.7768672690603,77.4771206447432,108.983451448788,91.0328010460147,78.5049060765732,87.2360252223825,82.6560731511552,89.4781572032749,68.727454575195,52.2228105330656,68.5494919213733,74.2796775154553
82.6382062055916,82.9780144579954,91.3332211684852,80.4812910639269,88.5205899735567,112.349945297985,85.4205596544053,76.6400218364568,81.2918252911147,77.0713843440639,100.996194598983,87.7782229339831,92.9874575675713,92.9685807590512,82.3723041097737,101.567987925312,85.1203817700833,84.0503309775355,86.8883595134239,90.9964110655534,104.945410637159,74.8073307561861,59.9920043377758,76.9124743010226,71.8010494452745,82.6382062055916,82.9780144579954,91.3332211684852,80.4812910639269,88.5205899735567,112.349945297985,85.4205596544053,76.6400218364568,81.2918252911147,77.0713843440639,100.996194598983,87.7782229339831,92.9874575675713,92.9685807590512,82.3723041097737,101.567987925312,85.1203817700833,84.0503309775355,86.8883595134239,90.9964110655534,104.945410637159,74.8073307561861,59.9920043377758,76.9124743010226,71.8010494452745
67.8537900816102,69.2084405706006,72.2364279184288,62.4584407213628,68.4993679702663,85.4205596544053,85.772238405983,62.0378411442731,65.8067529417683,73.8510678802895,82.1391342449242,74.3411480185576,75.7766158380198,81.8148508938807,68.8548699702739,86.8581413184021,72.2138262061816,63.6269616852642,70.0609490217072,74.6879320102684,88.7103617084474,62.0296452639177,52.2166690514069,71.9437205042008,62.0250357334971,67.8537900816102,69.2084405706006,72.2364279184288,62.4584407213628,68.4993679702663,85.4205596544053,85.772238405983,62.0378411442731,65.8067529417683,73.8510678802895,82.1391342449242,74.3411480185576,75.7766158380198,81.8148508938807,68.8548699702739,86.8581413184021,72.2138262061816,63.6269616852642,70.0609490217072,74.6879320102684,88.7103617084474,62.0296452639177,52.2166690514069,71.9437205042008,62.0250357334971
63.5667530242749,61.9184225493575,77.2787645303971,67.3896471727012,77.5628907056258,76.6400218364568,62.0378411442731,77.2200027114569,66.1013010172581,66.5319240369036,71.1285159999921,65.496535381718,72.6334741371844,72.5565498519883,64.9348113585371,85.3053965093627,72.0887539017676,54.469912247872,73.9371712660221,65.5479282027536,84.8228424973854,59.4022307419702,47.3097743825474,63.5745336037781,62.607619850273,63.5667530242749,61.9184225493575,77.2787645303971,67.3896471727012,77.5628907056258,76.6400218364568,62.0378411442731,77.2200027114569,66.1013010172581,66.5319240369036,71.1285159999921,65.496535381718,72.6334741371844,72.5565498519883,64.9348113585371,85.3053965093627,72.0887539017676,54.469912247872,73.9371712660221,65.5479282027536,84.8228424973854,59.4022307419702,47.3097743825474,63.5745336037781,62.607619850273
69.2238641956646,64.7547744789726,84.8688799288063,74.6509969225169,83.9338494355256,81.2918252911147,65.8067529417683,66.1013010172581,90.7819064647957,74.5691698433338,87.3964465112157,74.8084638802976,83.1386795413598,89.6367070864097,72.8719568365382,94.3098731093752,84.5482271486273,69.4028555636267,82.5100194208843,78.5768230188699,91.076705898131,60.110577276902,57.7873175740101,72.3086470614363,65.5730290041982,69.2238641956646,64.7547744789726,84.8688799288063,74.6509969225169,83.9338494355256,81.2918252911147,65.8067529417683,66.1013010172581,90.7819064647957,74.5691698433338,87.3964465112157,74.8084638802976,83.1386795413598,89.6367070864097,72.8719568365382,94.3098731093752,84.5482271486273,69.4028555636267,82.5100194208843,78.5768230188699,91.076705898131,60.110577276902,57.7873175740101,72.3086470614363,65.5730290041982
74.1748267794604,66.8169862386834,90.3824842561412,65.5994311977256,77.9476043297794,77.0713843440639,73.8510678802895,66.5319240369036,74.5691698433338,89.8695132225793,75.6587265891379,78.4440451043955,76.5775339256991,76.5823479714014,71.1195666011183,92.7500436695244,82.5924029729979,68.6425626092541,71.6549118116673,74.9394383694413,89.4025477967903,58.4031817183196,56.4378681087394,65.2485308099061,67.9267818028272,74.1748267794604,66.8169862386834,90.3824842561412,65.5994311977256,77.9476043297794,77.0713843440639,73.8510678802895,66.5319240369036,74.5691698433338,89.8695132225793,75.6587265891379,78.4440451043955,76.5775339256991,76.5823479714014,71.1195666011183,92.7500436695244,82.5924029729979,68.6425626092541,71.6549118116673,74.9394383694413,89.4025477967903,58.4031817183196,56.4378681087394,65.2485308099061,67.9267818028272
79.0755144150142,71.3544376480791,88.9424521456424,81.5765082884715,85.8377799653203,100.996194598983,82.1391342449242,71.1285159999921,87.3964465112157,75.6587265891379,113.065929270165,84.036061132224,95.1296550454878,101.291676602325,76.1294415667634,100.656925475069,86.7814154571984,81.9507000908225,90.1648342613634,88.6619826091231,103.538816667319,74.7320301571072,64.5262347411253,81.4108076757905,76.4326193605408,79.0755144150142,71.3544376480791,88.9424521456424,81.5765082884715,85.8377799653203,100.996194598983,82.1391342449242,71.1285159999921,87.3964465112157,75.6587265891379,113.065929270165,84.036061132224,95.1296550454878,101.291676602325,76.1294415667634,100.656925475069,86.7814154571984,81.9507000908225,90.1648342613634,88.6619826091231,103.538816667319,74.7320301571072,64.5262347411253,81.4108076757905,76.4326193605408
77.8552738541012,76.5680085629819,83.0018699063516,66.4464456760451,70.4559970854255,87.7782229339831,74.3411480185576,65.496535381718,74.8084638802976,78.4440451043955,84.036061132224,97.3799712469217,80.4054655881518,87.0845258795141,75.8879162371936,84.9310182330174,81.1576230382917,72.4622880546192,68.8496868116041,82.2651024837296,98.2242424618382,63.9682587629883,57.9526275842284,77.1631794603664,65.4979715127689,77.8552738541012,76.5680085629819,83.0018699063516,66.4464456760451,70.4559970854255,87.7782229339831,74.3411480185576,65.496535381718,74.8084638802976,78.4440451043955,84.036061132224,97.3799712469217,80.4054655881518,87.0845258795141,75.8879162371936,84.9310182330174,81.1576230382917,72.4622880546192,68.8496868116041,82.2651024837296,98.2242424618382,63.9682587629883,57.9526275842284,77.1631794603664,65.4979715127689
75.0371829248361,79.8777682958986,90.6522642900063,79.2295357477315,89.2136196214214,92.9874575675713,75.7766158380198,72.6334741371844,83.1386795413598,76.5775339256991,95.1296550454878,80.4054655881518,102.886907207935,93.3809690245723,69.8246940549469,98.6469283020476,83.9202618060243,80.597899740037,88.7458245447287,85.218573363009,101.61901063344,68.3518357340024,59.5011046833451,82.6052901992753,68.1521912393012,75.0371829248361,79.8777682958986,90.6522642900063,79.2295357477315,89.2136196214214,92.9874575675713,75.7766158380198,72.6334741371844,83.1386795413598,76.5775339256991,95.1296550454878,80.4054655881518,102.886907207935,93.3809690245723,69.8246940549469,98.6469283020476,83.9202618060243,80.597899740037,88.7458245447287,85.218573363009,101.61901063344,68.3518357340024,59.5011046833451,82.6052901992753,68.1521912393012
76.2686316099983,78.4187501197053,90.2635747912777,86.6206753223969,86.7768672690603,92.9685807590512,81.8148508938807,72.5565498519883,89.6367070864097,76.5823479714014,101.291676602325,87.0845258795141,93.3809690245723,128.651938994392,86.1809936659803,108.01496938267,86.432246605514,80.9889022530911,83.9381935209813,94.1398449328783,106.035472923218,72.5815555937483,61.3200565120043,91.971621371193,72.9203662577252,76.2686316099983,78.4187501197053,90.2635747912777,86.6206753223969,86.7768672690603,92.9685807590512,81.8148508938807,72.5565498519883,89.6367070864097,76.5823479714014,101.291676602325,87.0845258795141,93.3809690245723,128.651938994392,86.1809936659803,108.01496938267,86.432246605514,80.9889022530911,83.9381935209813,94.1398449328783,106.035472923218,72.5815555937483,61.3200565120043,91.971621371193,72.9203662577252
66.4013087904015,69.8772015228256,83.8925720807721,64.8415055508218,77.4771206447432,82.3723041097737,68.8548699702739,64.9348113585371,72.8719568365382,71.1195666011183,76.1294415667634,75.8879162371936,69.8246940549469,86.1809936659803,92.2865173352159,100.823384018874,83.0323533506195,69.1266457755625,70.5954579886059,78.2713003158126,82.9481669185384,64.7426082663442,52.5790676649459,63.0365629133366,68.9149885998912,66.4013087904015,69.8772015228256,83.8925720807721,64.8415055508218,77.4771206447432,82.3723041097737,68.8548699702739,64.9348113585371,72.8719568365382,71.1195666011183,76.1294415667634,75.8879162371936,69.8246940549469,86.1809936659803,92.2865173352159,100.823384018874,83.0323533506195,69.1266457755625,70.5954579886059,78.2713003158126,82.9481669185384,64.7426082663442,52.5790676649459,63.0365629133366,68.9149885998912
78.0501487554166,87.0168121019767,115.050128668305,85.7600806707503,108.983451448788,101.567987925312,86.8581413184021,85.3053965093627,94.3098731093752,92.7500436695244,100.656925475069,84.9310182330174,98.6469283020476,108.01496938267,100.823384018874,143.63849189714,100.86864498273,87.7105996828966,98.0620662499116,95.6990144516715,99.8099882308181,84.0888568953373,71.8292757036467,85.1144929541009,93.6154517190344,78.0501487554166,87.0168121019767,115.050128668305,85.7600806707503,108.983451448788,101.567987925312,86.8581413184021,85.3053965093627,94.3098731093752,92.7500436695244,100.656925475069,84.9310182330174,98.6469283020476,108.01496938267,100.823384018874,143.63849189714,100.86864498273,87.7105996828966,98.0620662499116,95.6990144516715,99.8099882308181,84.0888568953373,71.8292757036467,85.1144929541009,93.6154517190344
80.3688643143269,79.0552224462819,97.973053779474,80.8904682655098,91.0328010460147,85.1203817700833,72.2138262061816,72.0887539017676,84.5482271486273,82.5924029729979,86.7814154571984,81.1576230382917,83.9202618060243,86.432246605514,83.0323533506195,100.86864498273,110.185549782069,72.7344225881841,77.1276308828047,86.8678633134194,98.8750074443485,68.5717488583086,59.2228799993012,76.3012270426885,65.3178723036339,80.3688643143269,79.0552224462819,97.973053779474,80.8904682655098,91.0328010460147,85.1203817700833,72.2138262061816,72.0887539017676,84.5482271486273,82.5924029729979,86.7814154571984,81.1576230382917,83.9202618060243,86.432246605514,83.0323533506195,100.86864498273,110.185549782069,72.7344225881841,77.1276308828047,86.8678633134194,98.8750074443485,68.5717488583086,59.2228799993012,76.3012270426885,65.3178723036339
71.5787787512576,65.4128587430988,85.1556828204464,66.6903996014792,78.5049060765732,84.0503309775355,63.6269616852642,54.469912247872,69.4028555636267,68.6425626092541,81.9507000908225,72.4622880546192,80.597899740037,80.9889022530911,69.1266457755625,87.7105996828966,72.7344225881841,100.339453406447,68.8154988730315,81.8730036495006,90.8746282776453,74.7640936329129,58.0971683345782,54.677611550128,62.4092100771367,71.5787787512576,65.4128587430988,85.1556828204464,66.6903996014792,78.5049060765732,84.0503309775355,63.6269616852642,54.469912247872,69.4028555636267,68.6425626092541,81.9507000908225,72.4622880546192,80.597899740037,80.9889022530911,69.1266457755625,87.7105996828966,72.7344225881841,100.339453406447,68.8154988730315,81.8730036495006,90.8746282776453,74.7640936329129,58.0971683345782,54.677611550128,62.4092100771367
67.9724932320623,64.7009805450302,83.7532041131356,74.9650996254805,87.2360252223825,86.8883595134239,70.0609490217072,73.9371712660221,82.5100194208843,71.6549118116673,90.1648342613634,68.8496868116041,88.7458245447287,83.9381935209813,70.5954579886059,98.0620662499116,77.1276308828047,68.8154988730315,93.1866672841977,76.6547010046331,88.8989484047892,63.873688598455,54.5367264688167,71.9841089531652,72.8435977088599,67.9724932320623,64.7009805450302,83.7532041131356,74.9650996254805,87.2360252223825,86.8883595134239,70.0609490217072,73.9371712660221,82.5100194208843,71.6549118116673,90.1648342613634,68.8496868116041,88.7458245447287,83.9381935209813,70.5954579886059,98.0620662499116,77.1276308828047,68.8154988730315,93.1866672841977,76.6547010046331,88.8989484047892,63.873688598455,54.5367264688167,71.9841089531652,72.8435977088599
76.7164188471917,78.8610444451995,86.6329057696142,80.4347462928019,82.6560731511552,90.9964110655534,74.6879320102684,65.5479282027536,78.5768230188699,74.9394383694413,88.6619826091231,82.2651024837296,85.218573363009,94.1398449328783,78.2713003158126,95.6990144516715,86.8678633134194,81.8730036495006,76.6547010046331,95.4866979386394,97.6924674135345,66.8639108334746,58.0631337359038,79.2676669947403,62.5634698154508,76.7164188471917,78.8610444451995,86.6329057696142,80.4347462928019,82.6560731511552,90.9964110655534,74.6879320102684,65.5479282027536,78.5768230188699,74.9394383694413,88.6619826091231,82.2651024837296,85.218573363009,94.1398449328783,78.2713003158126,95.6990144516715,86.8678633134194,81.8730036495006,76.6547010046331,95.4866979386394,97.6924674135345,66.8639108334746,58.0631337359038,79.2676669947403,62.5634698154508
93.0160278869231,88.2220357239293,95.6666857182067,88.8817953577634,89.4781572032749,104.945410637159,88.7103617084474,84.8228424973854,91.076705898131,89.4025477967903,103.538816667319,98.2242424618382,101.61901063344,106.035472923218,82.9481669185384,99.8099882308181,98.8750074443485,90.8746282776453,88.8989484047892,97.6924674135345,129.691582566698,83.4712870437712,65.9602083813095,93.2978137268938,69.1047898265931,93.0160278869231,88.2220357239293,95.6666857182067,88.8817953577634,89.4781572032749,104.945410637159,88.7103617084474,84.8228424973854,91.076705898131,89.4025477967903,103.538816667319,98.2242424618382,101.61901063344,106.035472923218,82.9481669185384,99.8099882308181,98.8750074443485,90.8746282776453,88.8989484047892,97.6924674135345,129.691582566698,83.4712870437712,65.9602083813095,93.2978137268938,69.1047898265931
66.0202554815936,60.6171261859247,76.6275120459839,62.2886986830964,68.727454575195,74.8073307561861,62.0296452639177,59.4022307419702,60.110577276902,58.4031817183196,74.7320301571072,63.9682587629883,68.3518357340024,72.5815555937483,64.7426082663442,84.0888568953373,68.5717488583086,74.7640936329129,63.873688598455,66.8639108334746,83.4712870437712,82.0671114101925,50.3048350100232,55.6105028762871,63.6981388853836,66.0202554815936,60.6171261859247,76.6275120459839,62.2886986830964,68.727454575195,74.8073307561861,62.0296452639177,59.4022307419702,60.110577276902,58.4031817183196,74.7320301571072,63.9682587629883,68.3518357340024,72.5815555937483,64.7426082663442,84.0888568953373,68.5717488583086,74.7640936329129,63.873688598455,66.8639108334746,83.4712870437712,82.0671114101925,50.3048350100232,55.6105028762871,63.6981388853836
49.5827196504969,44.8551558765096,61.151319863054,49.5482514778984,52.2228105330656,59.9920043377758,52.2166690514069,47.3097743825474,57.7873175740101,56.4378681087394,64.5262347411253,57.9526275842284,59.5011046833451,61.3200565120043,52.5790676649459,71.8292757036467,59.2228799993012,58.0971683345782,54.5367264688167,58.0631337359038,65.9602083813095,50.3048350100232,58.7546317843062,46.3296764641022,51.5057741650577,49.5827196504969,44.8551558765096,61.151319863054,49.5482514778984,52.2228105330656,59.9920043377758,52.2166690514069,47.3097743825474,57.7873175740101,56.4378681087394,64.5262347411253,57.9526275842284,59.5011046833451,61.3200565120043,52.5790676649459,71.8292757036467,59.2228799993012,58.0971683345782,54.5367264688167,58.0631337359038,65.9602083813095,50.3048350100232,58.7546317843062,46.3296764641022,51.5057741650577
65.4482891623539,77.5094923471043,71.9262384673037,70.9802612761492,68.5494919213733,76.9124743010226,71.9437205042008,63.5745336037781,72.3086470614363,65.2485308099061,81.4108076757905,77.1631794603664,82.6052901992753,91.971621371193,63.0365629133366,85.1144929541009,76.3012270426885,54.677611550128,71.9841089531652,79.2676669947403,93.2978137268938,55.6105028762871,46.3296764641022,93.641783311495,54.1242544449625,65.4482891623539,77.5094923471043,71.9262384673037,70.9802612761492,68.5494919213733,76.9124743010226,71.9437205042008,63.5745336037781,72.3086470614363,65.2485308099061,81.4108076757905,77.1631794603664,82.6052901992753,91.971621371193,63.0365629133366,85.1144929541009,76.3012270426885,54.677611550128,71.9841089531652,79.2676669947403,93.2978137268938,55.6105028762871,46.3296764641022,93.641783311495,54.1242544449625
58.3911793008,59.4247739389562,82.1832044658788,58.6979926461205,74.2796775154553,71.8010494452745,62.0250357334971,62.607619850273,65.5730290041982,67.9267818028272,76.4326193605408,65.4979715127689,68.1521912393012,72.9203662577252,68.9149885998912,93.6154517190344,65.3178723036339,62.4092100771367,72.8435977088599,62.5634698154508,69.1047898265931,63.6981388853836,51.5057741650577,54.1242544449625,89.9235504261799,58.3911793008,59.4247739389562,82.1832044658788,58.6979926461205,74.2796775154553,71.8010494452745,62.0250357334971,62.607619850273,65.5730290041982,67.9267818028272,76.4326193605408,65.4979715127689,68.1521912393012,72.9203662577252,68.9149885998912,93.6154517190344,65.3178723036339,62.4092100771367,72.8435977088599,62.5634698154508,69.1047898265931,63.6981388853836,51.5057741650577,54.1242544449625,89.9235504261799
87.4862387221255,67.1485307701828,85.2190132976239,74.5188738777784,79.6782667284482,82.6383039615785,67.8538878375972,63.5668507802618,69.2239619516516,74.1749245354474,79.0756121710011,77.8553716100882,75.037280680823,76.2687293659852,66.4014065463884,78.0502465114035,80.3689620703139,71.5788765072446,67.9725909880493,76.7165166031786,93.0161256429101,66.0203532375805,49.5828174064838,65.4483869183408,58.391277056787,87.4862387221255,67.1485307701828,85.2190132976239,74.5188738777784,79.6782667284482,82.6383039615785,67.8538878375972,63.5668507802618,69.2239619516516,74.1749245354474,79.0756121710011,77.8553716100882,75.037280680823,76.2687293659852,66.4014065463884,78.0502465114035,80.3689620703139,71.5788765072446,67.9725909880493,76.7165166031786,93.0161256429101,66.0203532375805,49.5828174064838,65.4483869183408,58.391277056787
67.1484330141958,88.1448088360623,80.1167772671423,67.417096524638,71.79518078911,82.9780144579954,69.2084405706006,61.9184225493575,64.7547744789726,66.8169862386834,71.3544376480791,76.5680085629819,79.8777682958986,78.4187501197053,69.8772015228256,87.0168121019767,79.0552224462819,65.4128587430988,64.7009805450302,78.8610444451995,88.2220357239293,60.6171261859247,44.8551558765096,77.5094923471043,59.4247739389562,67.1484330141958,88.1448088360623,80.1167772671423,67.417096524638,71.79518078911,82.9780144579954,69.2084405706006,61.9184225493575,64.7547744789726,66.8169862386834,71.3544376480791,76.5680085629819,79.8777682958986,78.4187501197053,69.8772015228256,87.0168121019767,79.0552224462819,65.4128587430988,64.7009805450302,78.8610444451995,88.2220357239293,60.6171261859247,44.8551558765096,77.5094923471043,59.4247739389562
85.218915541637,80.1167772671423,118.022233497731,81.8864007221936,102.751475303416,91.3332211684852,72.2364279184288,77.2787645303971,84.8688799288063,90.3824842561412,88.9424521456424,83.0018699063516,90.6522642900063,90.2635747912777,83.8925720807721,115.050128668305,97.973053779474,85.1556828204464,83.7532041131356,86.6329057696142,95.6666857182067,76.6275120459839,61.151319863054,71.9262384673037,82.1832044658788,85.218915541637,80.1167772671423,118.022233497731,81.8864007221936,102.751475303416,91.3332211684852,72.2364279184288,77.2787645303971,84.8688799288063,90.3824842561412,88.9424521456424,83.0018699063516,90.6522642900063,90.2635747912777,83.8925720807721,115.050128668305,97.973053779474,85.1556828204464,83.7532041131356,86.6329057696142,95.6666857182067,76.6275120459839,61.151319863054,71.9262384673037,82.1832044658788
74.5187761217914,67.417096524638,81.8864007221936,85.9543064320859,85.2990226960128,80.4812910639269,62.4584407213628,67.3896471727012,74.6509969225169,65.5994311977256,81.5765082884715,66.4464456760451,79.2295357477315,86.6206753223969,64.8415055508218,85.7600806707503,80.8904682655098,66.6903996014792,74.9650996254805,80.4347462928019,88.8817953577634,62.2886986830964,49.5482514778984,70.9802612761492,58.6979926461205,74.5187761217914,67.417096524638,81.8864007221936,85.9543064320859,85.2990226960128,80.4812910639269,62.4584407213628,67.3896471727012,74.6509969225169,65.5994311977256,81.5765082884715,66.4464456760451,79.2295357477315,86.6206753223969,64.8415055508218,85.7600806707503,80.8904682655098,66.6903996014792,74.9650996254805,80.4347462928019,88.8817953577634,62.2886986830964,49.5482514778984,70.9802612761492,58.6979926461205
79.6781689724612,71.79518078911,102.751475303416,85.2990226960128,117.906161200824,88.5205899735567,68.4993679702663,77.5628907056258,83.9338494355256,77.9476043297794,85.8377799653203,70.4559970854255,89.2136196214214,86.7768672690603,77.4771206447432,108.983451448788,91.0328010460147,78.5049060765732,87.2360252223825,82.6560731511552,89.4781572032749,68.727454575195,52.2228105330656,68.5494919213733,74.2796775154553,79.6781689724612,71.79518078911,102.751475303416,85.2990226960128,117.906161200824,88.5205899735567,68.4993679702663,77.5628907056258,83.9338494355256,77.9476043297794,85.8377799653203,70.4559970854255,89.2136196214214,86.7768672690603,77.4771206447432,108.983451448788,91.0328010460147,78.5049060765732,87.2360252223825,82.6560731511552,89.4781572032749,68.727454575195,52.2228105330656,68.5494919213733,74.2796775154553
82.6382062055916,82.9780144579954,91.3332211684852,80.4812910639269,88.5205899735567,112.349945297985,85.4205596544053,76.6400218364568,81.2918252911147,77.0713843440639,100.996194598983,87.7782229339831,92.9874575675713,92.9685807590512,82.3723041097737,101.567987925312,85.1203817700833,84.0503309775355,86.8883595134239,90.9964110655534,104.945410637159,74.8073307561861,59.9920043377758,76.9124743010226,71.8010494452745,82.6382062055916,82.9780144579954,91.3332211684852,80.4812910639269,88.5205899735567,112.349945297985,85.4205596544053,76.6400218364568,81.2918252911147,77.0713843440639,100.996194598983,87.7782229339831,92.9874575675713,92.9685807590512,82.3723041097737,101.567987925312,85.1203817700833,84.0503309775355,86.8883595134239,90.9964110655534,104.945410637159,74.8073307561861,59.9920043377758,76.9124743010226,71.8010494452745
67.8537900816102,69.2084405706006,72.2364279184288,62.4584407213628,68.4993679702663,85.4205596544053,85.772238405983,62.0378411442731,65.8067529417683,73.8510678802895,82.1391342449242,74.3411480185576,75.7766158380198,81.8148508938807,68.8548699702739,86.8581413184021,72.2138262061816,63.6269616852642,70.0609490217072,74.6879320102684,88.7103617084474,62.0296452639177,52.2166690514069,71.9437205042008,62.0250357334971,67.8537900816102,69.2084405706006,72.2364279184288,62.4584407213628,68.4993679702663,85.4205596544053,85.772238405983,62.0378411442731,65.8067529417683,73.8510678802895,82.1391342449242,74.3411480185576,75.7766158380198,81.8148508938807,68.8548699702739,86.8581413184021,72.2138262061816,63.6269616852642,70.0609490217072,74.6879320102684,88.7103617084474,62.0296452639177,52.2166690514069,71.9437205042008,62.0250357334971
63.5667530242749,61.9184225493575,77.2787645303971,67.3896471727012,77.5628907056258,76.6400218364568,62.0378411442731,77.2200027114569,66.1013010172581,66.5319240369036,71.1285159999921,65.496535381718,72.6334741371844,72.5565498519883,64.9348113585371,85.3053965093627,72.0887539017676,54.469912247872,73.9371712660221,65.5479282027536,84.8228424973854,59.4022307419702,47.3097743825474,63.5745336037781,62.607619850273,63.5667530242749,61.9184225493575,77.2787645303971,67.3896471727012,77.5628907056258,76.6400218364568,62.0378411442731,77.2200027114569,66.1013010172581,66.5319240369036,71.1285159999921,65.496535381718,72.6334741371844,72.5565498519883,64.9348113585371,85.3053965093627,72.0887539017676,54.469912247872,73.9371712660221,65.5479282027536,84.8228424973854,59.4022307419702,47.3097743825474,63.5745336037781,62.607619850273
69.2238641956646,64.7547744789726,84.8688799288063,74.6509969225169,83.9338494355256,81.2918252911147,65.8067529417683,66.1013010172581,90.7819064647957,74.5691698433338,87.3964465112157,74.8084638802976,83.1386795413598,89.6367070864097,72.8719568365382,94.3098731093752,84.5482271486273,69.4028555636267,82.5100194208843,78.5768230188699,91.076705898131,60.110577276902,57.7873175740101,72.3086470614363,65.5730290041982,69.2238641956646,64.7547744789726,84.8688799288063,74.6509969225169,83.9338494355256,81.2918252911147,65.8067529417683,66.1013010172581,90.7819064647957,74.5691698433338,87.3964465112157,74.8084638802976,83.1386795413598,89.6367070864097,72.8719568365382,94.3098731093752,84.5482271486273,69.4028555636267,82.5100194208843,78.5768230188699,91.076705898131,60.110577276902,57.7873175740101,72.3086470614363,65.5730290041982
74.1748267794604,66.8169862386834,90.3824842561412,65.5994311977256,77.9476043297794,77.0713843440639,73.8510678802895,66.5319240369036,74.5691698433338,89.8695132225793,75.6587265891379,78.4440451043955,76.5775339256991,76.5823479714014,71.1195666011183,92.7500436695244,82.5924029729979,68.6425626092541,71.6549118116673,74.9394383694413,89.4025477967903,58.4031817183196,56.4378681087394,65.2485308099061,67.9267818028272,74.1748267794604,66.8169862386834,90.3824842561412,65.5994311977256,77.9476043297794,77.0713843440639,73.8510678802895,66.5319240369036,74.5691698433338,89.8695132225793,75.6587265891379,78.4440451043955,76.5775339256991,76.5823479714014,71.1195666011183,92.7500436695244,82.5924029729979,68.6425626092541,71.6549118116673,74.9394383694413,89.4025477967903,58.4031817183196,56.4378681087394,65.2485308099061,67.9267818028272
79.0755144150142,71.3544376480791,88.9424521456424,81.5765082884715,85.8377799653203,100.996194598983,82.1391342449242,71.1285159999921,87.3964465112157,75.6587265891379,113.065929270165,84.036061132224,95.1296550454878,101.291676602325,76.1294415667634,100.656925475069,86.7814154571984,81.9507000908225,90.1648342613634,88.6619826091231,103.538816667319,74.7320301571072,64.5262347411253,81.4108076757905,76.4326193605408,79.0755144150142,71.3544376480791,88.9424521456424,81.5765082884715,85.8377799653203,100.996194598983,82.1391342449242,71.1285159999921,87.3964465112157,75.6587265891379,113.065929270165,84.036061132224,95.1296550454878,101.291676602325,76.1294415667634,100.656925475069,86.7814154571984,81.9507000908225,90.1648342613634,88.6619826091231,103.538816667319,74.7320301571072,64.5262347411253,81.4108076757905,76.4326193605408
77.8552738541012,76.5680085629819,83.0018699063516,66.4464456760451,70.4559970854255,87.7782229339831,74.3411480185576,65.496535381718,74.8084638802976,78.4440451043955,84.036061132224,97.3799712469217,80.4054655881518,87.0845258795141,75.8879162371936,84.9310182330174,81.1576230382917,72.4622880546192,68.8496868116041,82.2651024837296,98.2242424618382,63.9682587629883,57.9526275842284,77.1631794603664,65.4979715127689,77.8552738541012,76.5680085629819,83.0018699063516,66.4464456760451,70.4559970854255,87.7782229339831,74.3411480185576,65.496535381718,74.8084638802976,78.4440451043955,84.036061132224,97.3799712469217,80.4054655881518,87.0845258795141,75.8879162371936,84.9310182330174,81.1576230382917,72.4622880546192,68.8496868116041,82.2651024837296,98.2242424618382,63.9682587629883,57.9526275842284,77.1631794603664,65.4979715127689
75.0371829248361,79.8777682958986,90.6522642900063,79.2295357477315,89.2136196214214,92.9874575675713,75.7766158380198,72.6334741371844,83.1386795413598,76.5775339256991,95.1296550454878,80.4054655881518,102.886907207935,93.3809690245723,69.8246940549469,98.6469283020476,83.9202618060243,80.597899740037,88.7458245447287,85.218573363009,101.61901063344,68.3518357340024,59.5011046833451,82.6052901992753,68.1521912393012,75.0371829248361,79.8777682958986,90.6522642900063,79.2295357477315,89.2136196214214,92.9874575675713,75.7766158380198,72.6334741371844,83.1386795413598,76.5775339256991,95.1296550454878,80.4054655881518,102.886907207935,93.3809690245723,69.8246940549469,98.6469283020476,83.9202618060243,80.597899740037,88.7458245447287,85.218573363009,101.61901063344,68.3518357340024,59.5011046833451,82.6052901992753,68.1521912393012
76.2686316099983,78.4187501197053,90.2635747912777,86.6206753223969,86.7768672690603,92.9685807590512,81.8148508938807,72.5565498519883,89.6367070864097,76.5823479714014,101.291676602325,87.0845258795141,93.3809690245723,128.651938994392,86.1809936659803,108.01496938267,86.432246605514,80.9889022530911,83.9381935209813,94.1398449328783,106.035472923218,72.5815555937483,61.3200565120043,91.971621371193,72.9203662577252,76.2686316099983,78.4187501197053,90.2635747912777,86.6206753223969,86.7768672690603,92.9685807590512,81.8148508938807,72.5565498519883,89.6367070864097,76.5823479714014,101.291676602325,87.0845258795141,93.3809690245723,128.651938994392,86.1809936659803,108.01496938267,86.432246605514,80.9889022530911,83.9381935209813,94.1398449328783,106.035472923218,72.5815555937483,61.3200565120043,91.971621371193,72.9203662577252
66.4013087904015,69.8772015228256,83.8925720807721,64.8415055508218,77.4771206447432,82.3723041097737,68.8548699702739,64.9348113585371,72.8719568365382,71.1195666011183,76.1294415667634,75.8879162371936,69.8246940549469,86.1809936659803,92.2865173352159,100.823384018874,83.0323533506195,69.1266457755625,70.5954579886059,78.2713003158126,82.9481669185384,64.7426082663442,52.5790676649459,63.0365629133366,68.9149885998912,66.4013087904015,69.8772015228256,83.8925720807721,64.8415055508218,77.4771206447432,82.3723041097737,68.8548699702739,64.9348113585371,72.8719568365382,71.1195666011183,76.1294415667634,75.8879162371936,69.8246940549469,86.1809936659803,92.2865173352159,100.823384018874,83.0323533506195,69.1266457755625,70.5954579886059,78.2713003158126,82.9481669185384,64.7426082663442,52.5790676649459,63.0365629133366,68.9149885998912
78.0501487554166,87.0168121019767,115.050128668305,85.7600806707503,108.983451448788,101.567987925312,86.8581413184021,85.3053965093627,94.3098731093752,92.7500436695244,100.656925475069,84.9310182330174,98.6469283020476,108.01496938267,100.823384018874,143.63849189714,100.86864498273,87.7105996828966,98.0620662499116,95.6990144516715,99.8099882308181,84.0888568953373,71.8292757036467,85.1144929541009,93.6154517190344,78.0501487554166,87.0168121019767,115.050128668305,85.7600806707503,108.983451448788,101.567987925312,86.8581413184021,85.3053965093627,94.3098731093752,92.7500436695244,100.656925475069,84.9310182330174,98.6469283020476,108.01496938267,100.823384018874,143.63849189714,100.86864498273,87.7105996828966,98.0620662499116,95.6990144516715,99.8099882308181,84.0888568953373,71.8292757036467,85.1144929541009,93.6154517190344
80.3688643143269,79.0552224462819,97.973053779474,80.8904682655098,91.0328010460147,85.1203817700833,72.2138262061816,72.0887539017676,84.5482271486273,82.5924029729979,86.7814154571984,81.1576230382917,83.9202618060243,86.432246605514,83.0323533506195,100.86864498273,110.185549782069,72.7344225881841,77.1276308828047,86.8678633134194,98.8750074443485,68.5717488583086,59.2228799993012,76.3012270426885,65.3178723036339,80.3688643143269,79.0552224462819,97.973053779474,80.8904682655098,91.0328010460147,85.1203817700833,72.2138262061816,72.0887539017676,84.5482271486273,82.5924029729979,86.7814154571984,81.1576230382917,83.9202618060243,86.432246605514,83.0323533506195,100.86864498273,110.185549782069,72.7344225881841,77.1276308828047,86.8678633134194,98.8750074443485,68.5717488583086,59.2228799993012,76.3012270426885,65.3178723036339
71.5787787512576,65.4128587430988,85.1556828204464,66.6903996014792,78.5049060765732,84.0503309775355,63.6269616852642,54.469912247872,69.4028555636267,68.6425626092541,81.9507000908225,72.4622880546192,80.597899740037,80.9889022530911,69.1266457755625,87.7105996828966,72.7344225881841,100.339453406447,68.8154988730315,81.8730036495006,90.8746282776453,74.7640936329129,58.0971683345782,54.677611550128,62.4092100771367,71.5787787512576,65.4128587430988,85.1556828204464,66.6903996014792,78.5049060765732,84.0503309775355,63.6269616852642,54.469912247872,69.4028555636267,68.6425626092541,81.9507000908225,72.4622880546192,80.597899740037,80.9889022530911,69.1266457755625,87.7105996828966,72.7344225881841,100.339453406447,68.8154988730315,81.8730036495006,90.8746282776453,74.7640936329129,58.0971683345782,54.677611550128,62.4092100771367
67.9724932320623,64.7009805450302,83.7532041131356,74.9650996254805,87.2360252223825,86.8883595134239,70.0609490217072,73.9371712660221,82.5100194208843,71.6549118116673,90.1648342613634,68.8496868116041,88.7458245447287,83.9381935209813,70.5954579886059,98.0620662499116,77.1276308828047,68.8154988730315,93.1866672841977,76.6547010046331,88.8989484047892,63.873688598455,54.5367264688167,71.9841089531652,72.8435977088599,67.9724932320623,64.7009805450302,83.7532041131356,74.9650996254805,87.2360252223825,86.8883595134239,70.0609490217072,73.9371712660221,82.5100194208843,71.6549118116673,90.1648342613634,68.8496868116041,88.7458245447287,83.9381935209813,70.5954579886059,98.0620662499116,77.1276308828047,68.8154988730315,93.1866672841977,76.6547010046331,88.8989484047892,63.873688598455,54.5367264688167,71.9841089531652,72.8435977088599
76.7164188471917,78.8610444451995,86.6329057696142,80.4347462928019,82.6560731511552,90.9964110655534,74.6879320102684,65.5479282027536,78.5768230188699,74.9394383694413,88.6619826091231,82.2651024837296,85.218573363009,94.1398449328783,78.2713003158126,95.6990144516715,86.8678633134194,81.8730036495006,76.6547010046331,95.4866979386394,97.6924674135345,66.8639108334746,58.0631337359038,79.2676669947403,62.5634698154508,76.7164188471917,78.8610444451995,86.6329057696142,80.4347462928019,82.6560731511552,90.9964110655534,74.6879320102684,65.5479282027536,78.5768230188699,74.9394383694413,88.6619826091231,82.2651024837296,85.218573363009,94.1398449328783,78.2713003158126,95.6990144516715,86.8678633134194,81.8730036495006,76.6547010046331,95.4866979386394,97.6924674135345,66.8639108334746,58.0631337359038,79.2676669947403,62.5634698154508
93.0160278869231,88.2220357239293,95.6666857182067,88.8817953577634,89.4781572032749,104.945410637159,88.7103617084474,84.8228424973854,91.076705898131,89.4025477967903,103.538816667319,98.2242424618382,101.61901063344,106.035472923218,82.9481669185384,99.8099882308181,98.8750074443485,90.8746282776453,88.8989484047892,97.6924674135345,129.691582566698,83.4712870437712,65.9602083813095,93.2978137268938,69.1047898265931,93.0160278869231,88.2220357239293,95.6666857182067,88.8817953577634,89.4781572032749,104.945410637159,88.7103617084474,84.8228424973854,91.076705898131,89.4025477967903,103.538816667319,98.2242424618382,101.61901063344,106.035472923218,82.9481669185384,99.8099882308181,98.8750074443485,90.8746282776453,88.8989484047892,97.6924674135345,129.691582566698,83.4712870437712,65.9602083813095,93.2978137268938,69.1047898265931
66.0202554815936,60.6171261859247,76.6275120459839,62.2886986830964,68.727454575195,74.8073307561861,62.0296452639177,59.4022307419702,60.110577276902,58.4031817183196,74.7320301571072,63.9682587629883,68.3518357340024,72.5815555937483,64.7426082663442,84.0888568953373,68.5717488583086,74.7640936329129,63.873688598455,66.8639108334746,83.4712870437712,82.0671114101925,50.3048350100232,55.6105028762871,63.6981388853836,66.0202554815936,60.6171261859247,76.6275120459839,62.2886986830964,68.727454575195,74.8073307561861,62.0296452639177,59.4022307419702,60.110577276902,58.4031817183196,74.7320301571072,63.9682587629883,68.3518357340024,72.5815555937483,64.7426082663442,84.0888568953373,68.5717488583086,74.7640936329129,63.873688598455,66.8639108334746,83.4712870437712,82.0671114101925,50.3048350100232,55.6105028762871,63.6981388853836
