267.21563845265,178.465244423629,201.946429477965,184.090284932,170.502215974543,188.552311832728,193.374168387447,226.94561708984,191.994476701692,219.483535400385,199.068391813636,218.376268848621,211.372090386652,181.778641129335,209.265912354278,177.951949116365,192.375090282487,187.55032338605,202.816951561548,187.810950438198,209.484890828768,199.415316932413,212.11815510839,195.630401711515,201.541316671013,220.782544878679,199.009482298503,225.808923979594,180.508010692085,193.692376141178,222.298675230759,199.452382613385,178.5457141615,204.951471708767,218.177708986855,202.820936356103,217.399419608258,235.001885118184,210.536724054868,164.518447044519,224.203021086337,161.802673479458,228.727018752799,208.827479310504,224.279270438182,208.716745276817,187.194400269113,196.269748566244,187.571490684847,176.91365238483,267.21563845265,178.465244423629,201.946429477965,184.090284932,170.502215974543,188.552311832728,193.374168387447,226.94561708984,191.994476701692,219.483535400385,199.068391813636,218.376268848621,211.372090386652,181.778641129335,209.265912354278,177.951949116365,192.375090282487,187.55032338605,202.816951561548,187.810950438198,209.484890828768,199.415316932413,212.11815510839,195.630401711515,201.541316671013,220.782544878679,199.009482298503,225.808923979594,180.508010692085,193.692376141178,222.298675230759,199.452382613385,178.5457141615,204.951471708767,218.177708986855,202.820936356103,217.399419608258,235.001885118184,210.536724054868,164.518447044519,224.203021086337,161.802673479458,228.727018752799,208.827479310504,224.279270438182,208.716745276817,187.194400269113,196.269748566244,187.571490684847,176.91365238483
178.465241059828,230.319659496553,186.224971970641,171.688329288336,159.899942777101,169.383551623854,197.825947441168,202.500981436935,155.653984738486,194.292517935705,183.264905116693,198.135409421487,185.654181465419,162.08861906175,150.158977955103,163.413920948053,179.433652346421,163.282582031989,200.082559711858,165.059649873826,191.131991870606,172.141936572197,184.137498083454,167.351003937812,189.688638205695,206.516909193857,178.752336956132,194.28572230009,175.512917469174,189.718481498356,206.715547135271,185.546015346545,180.023668905506,178.589228014884,187.858366902242,200.670445483601,186.040664920322,198.102144595851,188.447647385548,144.396067462055,207.045024049339,149.454523509867,212.029870729036,201.434046143425,177.92411149165,191.941325522507,170.27543502242,176.455906911994,170.3662884742,146.317357179269,178.465241059828,230.319659496553,186.224971970641,171.688329288336,159.899942777101,169.383551623854,197.825947441168,202.500981436935,155.653984738486,194.292517935705,183.264905116693,198.135409421487,185.654181465419,162.08861906175,150.158977955103,163.413920948053,179.433652346421,163.282582031989,200.082559711858,165.059649873826,191.131991870606,172.141936572197,184.137498083454,167.351003937812,189.688638205695,206.516909193857,178.752336956132,194.28572230009,175.512917469174,189.718481498356,206.715547135271,185.546015346545,180.023668905506,178.589228014884,187.858366902242,200.670445483601,186.040664920322,198.102144595851,188.447647385548,144.396067462055,207.045024049339,149.454523509867,212.029870729036,201.434046143425,177.92411149165,191.941325522507,170.27543502242,176.455906911994,170.3662884742,146.317357179269
201.946426114163,186.224971970641,250.202056857244,186.0027038097,174.031595840125,167.667290392797,203.876380474134,228.260194823855,167.421710673064,221.854900903989,188.20813492441,206.175823266626,193.791483067801,176.905603170714,168.416231905968,175.488749968215,193.592182129072,182.686168128091,211.626070903022,190.637226200152,191.283853968989,188.504159682723,198.730181092809,178.966023914689,192.58945971166,217.913199671552,192.684279666189,205.880060923486,169.311678419446,203.488861838183,230.702750726772,180.373374366352,190.293690604168,198.456926691677,196.366255389415,194.796203270273,206.106274515836,214.934788372291,193.276369204324,159.295471001477,210.798201904767,158.194217946141,220.034207411505,208.250399384368,203.669204614628,208.069821788991,180.20765708797,192.208038597383,181.50609872204,156.619918933545,201.946426114163,186.224971970641,250.202056857244,186.0027038097,174.031595840125,167.667290392797,203.876380474134,228.260194823855,167.421710673064,221.854900903989,188.20813492441,206.175823266626,193.791483067801,176.905603170714,168.416231905968,175.488749968215,193.592182129072,182.686168128091,211.626070903022,190.637226200152,191.283853968989,188.504159682723,198.730181092809,178.966023914689,192.58945971166,217.913199671552,192.684279666189,205.880060923486,169.311678419446,203.488861838183,230.702750726772,180.373374366352,190.293690604168,198.456926691677,196.366255389415,194.796203270273,206.106274515836,214.934788372291,193.276369204324,159.295471001477,210.798201904767,158.194217946141,220.034207411505,208.250399384368,203.669204614628,208.069821788991,180.20765708797,192.208038597383,181.50609872204,156.619918933545
184.090281568199,171.688329288336,186.0027038097,206.808500152238,160.981742311393,144.174248700902,181.988533402185,211.269725426204,168.460501515968,196.772675628268,191.674076732381,192.271150794789,178.281131281436,152.222599578323,154.035439957959,174.549854345939,172.871980624907,168.457117454377,186.918011653182,178.135541166115,198.316875410213,163.509907729975,177.127023079521,159.786846861747,182.005526494129,189.823111365985,177.615710545554,194.400634169367,153.553661607184,189.005652889548,210.303444963714,172.771941196124,178.242945406733,181.036538886732,184.40405825786,201.793940694577,186.074745359516,192.768847228631,199.339255067054,154.771964465833,202.704635415401,145.572466349778,198.202760467511,180.181735993293,189.927039891505,189.866714052818,171.561636450169,157.298504736546,179.122648721626,154.001079825745,184.090281568199,171.688329288336,186.0027038097,206.808500152238,160.981742311393,144.174248700902,181.988533402185,211.269725426204,168.460501515968,196.772675628268,191.674076732381,192.271150794789,178.281131281436,152.222599578323,154.035439957959,174.549854345939,172.871980624907,168.457117454377,186.918011653182,178.135541166115,198.316875410213,163.509907729975,177.127023079521,159.786846861747,182.005526494129,189.823111365985,177.615710545554,194.400634169367,153.553661607184,189.005652889548,210.303444963714,172.771941196124,178.242945406733,181.036538886732,184.40405825786,201.793940694577,186.074745359516,192.768847228631,199.339255067054,154.771964465833,202.704635415401,145.572466349778,198.202760467511,180.181735993293,189.927039891505,189.866714052818,171.561636450169,157.298504736546,179.122648721626,154.001079825745
170.502212610742,159.899942777101,174.031595840125,160.981742311393,206.696745939871,165.106815794062,171.492420549347,203.233159707325,160.409052265019,193.824726002105,174.928359348798,174.284816793708,171.124583384892,156.962393717245,162.990303768098,159.641076310664,168.881468815175,152.48317365548,168.859886678942,169.245405631488,194.342006390384,162.47673305054,180.229108287778,142.982041965108,180.24316130359,192.864850668389,171.62484562468,190.025493410895,162.161130312579,190.140068293224,194.102650018512,166.158097318609,171.188469882929,169.422606906336,182.623923085578,182.438341747627,187.751088550358,204.327704778883,184.963560213643,153.645303330912,192.233591945723,136.492254431661,200.046552578927,197.163460766617,182.094151956089,183.170516564948,158.859587701595,170.652067114444,157.963297249174,159.154904935793,170.502212610742,159.899942777101,174.031595840125,160.981742311393,206.696745939871,165.106815794062,171.492420549347,203.233159707325,160.409052265019,193.824726002105,174.928359348798,174.284816793708,171.124583384892,156.962393717245,162.990303768098,159.641076310664,168.881468815175,152.48317365548,168.859886678942,169.245405631488,194.342006390384,162.47673305054,180.229108287778,142.982041965108,180.24316130359,192.864850668389,171.62484562468,190.025493410895,162.161130312579,190.140068293224,194.102650018512,166.158097318609,171.188469882929,169.422606906336,182.623923085578,182.438341747627,187.751088550358,204.327704778883,184.963560213643,153.645303330912,192.233591945723,136.492254431661,200.046552578927,197.163460766617,182.094151956089,183.170516564948,158.859587701595,170.652067114444,157.963297249174,159.154904935793
188.552308468927,169.383551623854,167.667290392797,144.174248700902,165.106815794062,220.734522498364,185.6486353826,208.321782519625,153.18140695689,212.921770916717,175.193116673882,193.450821074755,178.099583706251,172.989447141447,172.350413323625,148.380957195936,183.846315151332,145.437612486204,181.575834321932,164.70478300861,188.475329394649,176.748249137645,182.26649479471,155.400368150816,189.202563271021,184.809547879479,179.548600400026,210.391141404907,165.037512035712,169.790362802283,202.468707370149,177.870400839545,166.597901342833,170.161603083915,192.259836717846,172.088081754809,187.950185449751,203.247664110973,169.03933380458,131.593338529289,199.734473919015,142.30121040738,190.688426577168,200.497813528588,175.523732470088,192.494798517169,158.930076413475,175.634046939033,149.371610212251,158.837507012104,188.552308468927,169.383551623854,167.667290392797,144.174248700902,165.106815794062,220.734522498364,185.6486353826,208.321782519625,153.18140695689,212.921770916717,175.193116673882,193.450821074755,178.099583706251,172.989447141447,172.350413323625,148.380957195936,183.846315151332,145.437612486204,181.575834321932,164.70478300861,188.475329394649,176.748249137645,182.26649479471,155.400368150816,189.202563271021,184.809547879479,179.548600400026,210.391141404907,165.037512035712,169.790362802283,202.468707370149,177.870400839545,166.597901342833,170.161603083915,192.259836717846,172.088081754809,187.950185449751,203.247664110973,169.03933380458,131.593338529289,199.734473919015,142.30121040738,190.688426577168,200.497813528588,175.523732470088,192.494798517169,158.930076413475,175.634046939033,149.371610212251,158.837507012104
193.374165023645,197.825947441168,203.876380474134,181.988533402185,171.492420549347,185.6486353826,247.001520502159,229.48189502631,167.315854091585,223.339408290152,206.284833331029,205.423163635632,205.358395637724,172.788596104282,175.209921104624,191.616531367887,199.268234688405,177.57647346305,209.817982314052,183.098464860606,203.611382663001,184.140795936358,198.19362498567,176.257346119806,195.578031009393,215.007122610811,196.035539891508,203.13165033623,171.830349532035,216.019367935218,229.208029796951,195.008331789814,179.557629598915,198.497393478056,207.807146561897,200.836098923226,205.122547422979,192.10000756242,215.222659263803,154.042502944882,224.93640947875,155.298924774906,204.240730817894,211.795761689576,196.73794209955,207.77996467694,187.72940245562,164.235900557271,182.015535464672,168.312023744712,193.374165023645,197.825947441168,203.876380474134,181.988533402185,171.492420549347,185.6486353826,247.001520502159,229.48189502631,167.315854091585,223.339408290152,206.284833331029,205.423163635632,205.358395637724,172.788596104282,175.209921104624,191.616531367887,199.268234688405,177.57647346305,209.817982314052,183.098464860606,203.611382663001,184.140795936358,198.19362498567,176.257346119806,195.578031009393,215.007122610811,196.035539891508,203.13165033623,171.830349532035,216.019367935218,229.208029796951,195.008331789814,179.557629598915,198.497393478056,207.807146561897,200.836098923226,205.122547422979,192.10000756242,215.222659263803,154.042502944882,224.93640947875,155.298924774906,204.240730817894,211.795761689576,196.73794209955,207.77996467694,187.72940245562,164.235900557271,182.015535464672,168.312023744712
226.945613726038,202.500981436935,228.260194823855,211.269725426204,203.233159707325,208.321782519625,229.48189502631,324.846208201349,204.829235678677,279.069376440726,227.046662539479,247.10550151919,223.689490656665,201.394133213902,203.978048512795,205.353176948994,212.997273746809,202.69616087507,221.025191956736,203.214287882352,229.223058042011,217.937869159247,225.067275920576,195.647815716063,239.573605371308,249.586024575222,240.651688330666,256.204525355052,222.653017113783,250.555358631936,279.73694045242,218.050558292143,222.005641229255,224.562926794427,224.470715761232,234.304577906039,240.259682808341,259.252276202789,236.280116003761,174.755482264408,239.884040252079,188.803995140199,259.499328303001,242.596032769965,244.262008752559,248.362009807464,206.070064725511,216.588326652186,216.365977314117,196.937173345115,226.945613726038,202.500981436935,228.260194823855,211.269725426204,203.233159707325,208.321782519625,229.48189502631,324.846208201349,204.829235678677,279.069376440726,227.046662539479,247.10550151919,223.689490656665,201.394133213902,203.978048512795,205.353176948994,212.997273746809,202.69616087507,221.025191956736,203.214287882352,229.223058042011,217.937869159247,225.067275920576,195.647815716063,239.573605371308,249.586024575222,240.651688330666,256.204525355052,222.653017113783,250.555358631936,279.73694045242,218.050558292143,222.005641229255,224.562926794427,224.470715761232,234.304577906039,240.259682808341,259.252276202789,236.280116003761,174.755482264408,239.884040252079,188.803995140199,259.499328303001,242.596032769965,244.262008752559,248.362009807464,206.070064725511,216.588326652186,216.365977314117,196.937173345115
191.994473337891,155.653984738486,167.421710673064,168.460501515968,160.409052265019,153.18140695689,167.315854091585,204.829235678677,219.821011251413,182.934036158259,188.418740126247,174.196085150198,173.615852455727,157.815389221089,152.421549578778,160.59222101876,179.154837850106,162.275314007764,156.864927840055,159.627363917306,189.334698278581,158.510525482146,184.035428810365,152.797506687654,183.559719345509,188.983067640865,175.412325830873,188.98613784459,159.857554613838,179.165033925806,191.088295411506,157.103325038429,157.172086400182,173.437647897137,170.457783013389,185.624047983935,195.758670129524,194.099282750503,176.411222195694,136.301130214704,185.852045305652,144.134577596073,191.089911171705,188.322122820406,186.754274346763,181.45581756495,163.750309940842,166.636692941828,170.663731267833,158.238606692781,191.994473337891,155.653984738486,167.421710673064,168.460501515968,160.409052265019,153.18140695689,167.315854091585,204.829235678677,219.821011251413,182.934036158259,188.418740126247,174.196085150198,173.615852455727,157.815389221089,152.421549578778,160.59222101876,179.154837850106,162.275314007764,156.864927840055,159.627363917306,189.334698278581,158.510525482146,184.035428810365,152.797506687654,183.559719345509,188.983067640865,175.412325830873,188.98613784459,159.857554613838,179.165033925806,191.088295411506,157.103325038429,157.172086400182,173.437647897137,170.457783013389,185.624047983935,195.758670129524,194.099282750503,176.411222195694,136.301130214704,185.852045305652,144.134577596073,191.089911171705,188.322122820406,186.754274346763,181.45581756495,163.750309940842,166.636692941828,170.663731267833,158.238606692781
219.483532036584,194.292517935705,221.854900903989,196.772675628268,193.824726002105,212.921770916717,223.339408290152,279.069376440726,182.934036158259,294.736196102861,211.259019876775,234.27476408771,216.014266715837,195.245335601886,192.934316222778,194.119470936726,208.911067814594,184.462305110182,213.993614465621,199.612755889743,220.730797012372,212.507898947751,213.864359905994,186.698625882104,226.370317360652,229.414704028,223.331507319714,249.680822515523,191.762813957594,242.340506892184,255.136037506414,208.461970301002,213.60452567255,227.205731674085,224.030878514802,229.680277311264,228.206665707929,238.227707326956,217.716886003176,169.176179186148,249.224823183326,173.638403456957,231.073742622861,223.011573957654,210.409047436513,241.382418739767,204.519043608564,197.821561827371,195.10827299532,188.526711965552,219.483532036584,194.292517935705,221.854900903989,196.772675628268,193.824726002105,212.921770916717,223.339408290152,279.069376440726,182.934036158259,294.736196102861,211.259019876775,234.27476408771,216.014266715837,195.245335601886,192.934316222778,194.119470936726,208.911067814594,184.462305110182,213.993614465621,199.612755889743,220.730797012372,212.507898947751,213.864359905994,186.698625882104,226.370317360652,229.414704028,223.331507319714,249.680822515523,191.762813957594,242.340506892184,255.136037506414,208.461970301002,213.60452567255,227.205731674085,224.030878514802,229.680277311264,228.206665707929,238.227707326956,217.716886003176,169.176179186148,249.224823183326,173.638403456957,231.073742622861,223.011573957654,210.409047436513,241.382418739767,204.519043608564,197.821561827371,195.10827299532,188.526711965552
199.068388449834,183.264905116693,188.20813492441,191.674076732381,174.928359348798,175.193116673882,206.284833331029,227.046662539479,188.418740126247,211.259019876775,251.062327809945,200.603557986231,196.345647818739,180.9380926118,169.075125738184,173.29039592839,205.672086229576,172.276744448797,208.007497824259,191.421360147867,215.578773492261,185.714350869095,202.512169152226,181.752340448662,197.236653913022,221.883675229927,200.494580359198,213.765964978023,172.75504582435,207.095574995732,227.201203137124,187.814030984792,188.530783021843,192.922945014971,202.972999624989,210.517074109648,207.94559015986,212.683630829683,224.755886248503,152.460796290968,215.55067397092,156.677899820943,232.262373729539,206.776467235131,204.899761246546,219.516331839719,187.014274512442,167.921669311747,179.769739634988,173.124241291229,199.068388449834,183.264905116693,188.20813492441,191.674076732381,174.928359348798,175.193116673882,206.284833331029,227.046662539479,188.418740126247,211.259019876775,251.062327809945,200.603557986231,196.345647818739,180.9380926118,169.075125738184,173.29039592839,205.672086229576,172.276744448797,208.007497824259,191.421360147867,215.578773492261,185.714350869095,202.512169152226,181.752340448662,197.236653913022,221.883675229927,200.494580359198,213.765964978023,172.75504582435,207.095574995732,227.201203137124,187.814030984792,188.530783021843,192.922945014971,202.972999624989,210.517074109648,207.94559015986,212.683630829683,224.755886248503,152.460796290968,215.55067397092,156.677899820943,232.262373729539,206.776467235131,204.899761246546,219.516331839719,187.014274512442,167.921669311747,179.769739634988,173.124241291229
218.376265484819,198.135409421487,206.175823266626,192.271150794789,174.284816793708,193.450821074755,205.423163635632,247.10550151919,174.196085150198,234.27476408771,200.603557986231,248.750546302179,200.875283987969,185.340178565549,195.132603584815,167.990659630781,196.2978403937,177.800703970051,221.595716883218,197.704013677797,211.477148301405,196.257973099131,200.281306566337,177.707778494249,207.605227063613,213.760372235064,193.861678290513,225.352301183108,182.445599006104,208.1822837312,234.312865934071,194.816493372751,191.45995049475,208.295291500466,212.046235063336,212.248549188996,210.104252209681,235.906802002879,203.271193701336,155.001768638079,230.7310029616,162.453840762629,232.80998959044,220.619033463095,213.898378975757,212.879008343183,183.113937975233,198.56730748585,196.144162748643,164.502537211573,218.376265484819,198.135409421487,206.175823266626,192.271150794789,174.284816793708,193.450821074755,205.423163635632,247.10550151919,174.196085150198,234.27476408771,200.603557986231,248.750546302179,200.875283987969,185.340178565549,195.132603584815,167.990659630781,196.2978403937,177.800703970051,221.595716883218,197.704013677797,211.477148301405,196.257973099131,200.281306566337,177.707778494249,207.605227063613,213.760372235064,193.861678290513,225.352301183108,182.445599006104,208.1822837312,234.312865934071,194.816493372751,191.45995049475,208.295291500466,212.046235063336,212.248549188996,210.104252209681,235.906802002879,203.271193701336,155.001768638079,230.7310029616,162.453840762629,232.80998959044,220.619033463095,213.898378975757,212.879008343183,183.113937975233,198.56730748585,196.144162748643,164.502537211573
211.372087022851,185.654181465419,193.791483067801,178.281131281436,171.124583384892,178.099583706251,205.358395637724,223.689490656665,173.615852455727,216.014266715837,196.345647818739,200.875283987969,235.183981866244,166.798946929581,187.361435132075,170.867215385432,198.193606731052,178.636526252584,193.92381731469,184.128218231441,220.007170883885,192.059240981289,207.48787591687,178.746329496759,196.028260856042,216.130558661614,196.652486895929,206.570222529078,181.494981722857,210.848289366214,220.83578445084,190.136742003177,197.201145497646,185.177761789447,208.326501577585,211.877751106444,212.717547727198,217.887298291489,207.425945271224,156.847365779198,221.712252926737,161.977805754167,222.574330431649,197.706678066871,210.199819116387,197.870884667891,196.415549285127,172.512477828616,181.139402539984,178.768905309058,211.372087022851,185.654181465419,193.791483067801,178.281131281436,171.124583384892,178.099583706251,205.358395637724,223.689490656665,173.615852455727,216.014266715837,196.345647818739,200.875283987969,235.183981866244,166.798946929581,187.361435132075,170.867215385432,198.193606731052,178.636526252584,193.92381731469,184.128218231441,220.007170883885,192.059240981289,207.48787591687,178.746329496759,196.028260856042,216.130558661614,196.652486895929,206.570222529078,181.494981722857,210.848289366214,220.83578445084,190.136742003177,197.201145497646,185.177761789447,208.326501577585,211.877751106444,212.717547727198,217.887298291489,207.425945271224,156.847365779198,221.712252926737,161.977805754167,222.574330431649,197.706678066871,210.199819116387,197.870884667891,196.415549285127,172.512477828616,181.139402539984,178.768905309058
181.778637765534,162.08861906175,176.905603170714,152.222599578323,156.962393717245,172.989447141447,172.788596104282,201.394133213902,157.815389221089,195.245335601886,180.9380926118,185.340178565549,166.798946929581,204.811441512265,153.332800006345,140.376813111843,181.298056131586,148.793161317244,181.947578275415,159.109644324582,176.219792111313,168.223940272478,185.311651620092,157.323529957782,184.048522922114,170.08430388725,172.181314011686,192.042205450751,158.269219752881,178.691842604805,200.076269962446,160.010648707366,161.487242370509,173.769066117621,177.372617500457,177.821191887364,188.902344218321,197.75456931381,182.16906113708,126.658535706257,185.917405101893,139.076209803433,208.837667810604,194.05830045669,178.08875085425,189.23828398859,166.656808335539,176.617067246889,158.333480913141,153.091191584683,181.778637765534,162.08861906175,176.905603170714,152.222599578323,156.962393717245,172.989447141447,172.788596104282,201.394133213902,157.815389221089,195.245335601886,180.9380926118,185.340178565549,166.798946929581,204.811441512265,153.332800006345,140.376813111843,181.298056131586,148.793161317244,181.947578275415,159.109644324582,176.219792111313,168.223940272478,185.311651620092,157.323529957782,184.048522922114,170.08430388725,172.181314011686,192.042205450751,158.269219752881,178.691842604805,200.076269962446,160.010648707366,161.487242370509,173.769066117621,177.372617500457,177.821191887364,188.902344218321,197.75456931381,182.16906113708,126.658535706257,185.917405101893,139.076209803433,208.837667810604,194.05830045669,178.08875085425,189.23828398859,166.656808335539,176.617067246889,158.333480913141,153.091191584683
209.265908990477,150.158977955103,168.416231905968,154.035439957959,162.990303768098,172.350413323625,175.209921104624,203.978048512795,152.421549578778,192.934316222778,169.075125738184,195.132603584815,187.361435132075,153.332800006345,204.805942151086,145.79064334709,168.896731659721,166.257231649797,177.896362996113,171.182132019869,196.709348890886,172.50200991329,181.874707816278,162.077050810308,172.265428474095,186.673658723905,165.199276182496,193.919197617856,151.221350525181,179.517424179354,197.670979405407,171.411692940857,162.010500299817,179.726274963116,185.135109626516,174.602205974602,191.939192820448,201.503846327991,183.634492247587,133.769877867729,193.832456447833,140.320945053356,194.678119637712,188.404568914631,199.600083896232,183.036731120337,170.92372435816,165.998425701786,165.586928147621,159.490954425189,209.265908990477,150.158977955103,168.416231905968,154.035439957959,162.990303768098,172.350413323625,175.209921104624,203.978048512795,152.421549578778,192.934316222778,169.075125738184,195.132603584815,187.361435132075,153.332800006345,204.805942151086,145.79064334709,168.896731659721,166.257231649797,177.896362996113,171.182132019869,196.709348890886,172.50200991329,181.874707816278,162.077050810308,172.265428474095,186.673658723905,165.199276182496,193.919197617856,151.221350525181,179.517424179354,197.670979405407,171.411692940857,162.010500299817,179.726274963116,185.135109626516,174.602205974602,191.939192820448,201.503846327991,183.634492247587,133.769877867729,193.832456447833,140.320945053356,194.678119637712,188.404568914631,199.600083896232,183.036731120337,170.92372435816,165.998425701786,165.586928147621,159.490954425189
177.951945752563,163.413920948053,175.488749968215,174.549854345939,159.641076310664,148.380957195936,191.616531367887,205.353176948994,160.59222101876,194.119470936726,173.29039592839,167.990659630781,170.867215385432,140.376813111843,145.79064334709,227.799812470496,163.303759105254,159.086609064015,165.484114487931,159.097867329136,178.06011209486,150.613833032174,188.270589399034,164.107971016879,161.194918797868,181.168914022957,178.793164335773,192.747635828648,151.102471078276,182.184593447313,206.868712679996,170.008160330494,161.444352435067,164.567193961823,183.507896223502,182.431086192547,177.23465660117,176.917955466914,195.717851565103,143.310864488652,200.001509024369,127.847887856828,180.723859319929,170.347223087635,171.817425258119,175.329387152542,159.108281185606,142.017392140658,157.920900061789,162.781271755124,177.951945752563,163.413920948053,175.488749968215,174.549854345939,159.641076310664,148.380957195936,191.616531367887,205.353176948994,160.59222101876,194.119470936726,173.29039592839,167.990659630781,170.867215385432,140.376813111843,145.79064334709,227.799812470496,163.303759105254,159.086609064015,165.484114487931,159.097867329136,178.06011209486,150.613833032174,188.270589399034,164.107971016879,161.194918797868,181.168914022957,178.793164335773,192.747635828648,151.102471078276,182.184593447313,206.868712679996,170.008160330494,161.444352435067,164.567193961823,183.507896223502,182.431086192547,177.23465660117,176.917955466914,195.717851565103,143.310864488652,200.001509024369,127.847887856828,180.723859319929,170.347223087635,171.817425258119,175.329387152542,159.108281185606,142.017392140658,157.920900061789,162.781271755124
192.375086918685,179.433652346421,193.592182129072,172.871980624907,168.881468815175,183.846315151332,199.268234688405,212.997273746809,179.154837850106,208.911067814594,205.672086229576,196.2978403937,198.193606731052,181.298056131586,168.896731659721,163.303759105254,233.234428473052,165.38958974505,200.475712542435,179.803064974844,205.54224103683,177.587930521533,200.402590632696,163.9147263892,192.579179769,192.238825637311,189.313746598128,212.061311296628,170.725898214818,183.322773497521,214.541068414517,179.866378651388,191.091074818382,202.734093296874,195.373188859593,195.727824656185,206.067383054158,203.585159566612,197.160271169698,132.938770931859,209.118213541445,156.078338753134,213.294205384129,198.64651125431,199.647543475193,196.680399509699,181.778103935788,172.692397734087,168.596962315087,175.64794659373,192.375086918685,179.433652346421,193.592182129072,172.871980624907,168.881468815175,183.846315151332,199.268234688405,212.997273746809,179.154837850106,208.911067814594,205.672086229576,196.2978403937,198.193606731052,181.298056131586,168.896731659721,163.303759105254,233.234428473052,165.38958974505,200.475712542435,179.803064974844,205.54224103683,177.587930521533,200.402590632696,163.9147263892,192.579179769,192.238825637311,189.313746598128,212.061311296628,170.725898214818,183.322773497521,214.541068414517,179.866378651388,191.091074818382,202.734093296874,195.373188859593,195.727824656185,206.067383054158,203.585159566612,197.160271169698,132.938770931859,209.118213541445,156.078338753134,213.294205384129,198.64651125431,199.647543475193,196.680399509699,181.778103935788,172.692397734087,168.596962315087,175.64794659373
187.550320022248,163.282582031989,182.686168128091,168.457117454377,152.48317365548,145.437612486204,177.57647346305,202.69616087507,162.275314007764,184.462305110182,172.276744448797,177.800703970051,178.636526252584,148.793161317244,166.257231649797,159.086609064015,165.38958974505,198.651000764987,183.60519174243,160.131207447573,199.198137312756,157.403737654227,172.827456796911,158.578379591198,171.706099374023,192.647749644328,174.180875763292,180.280028621145,162.126570122487,183.225516673004,188.07454841008,162.169639652407,174.589642191377,167.050848609243,172.553124821671,186.850035611007,182.531757985073,190.185698468031,186.356631900525,142.984177999421,189.844250576799,137.755386815868,195.713261669004,178.572475058757,187.456217362814,187.089425048832,180.915138443625,170.391783854621,167.132185507834,150.196376601149,187.550320022248,163.282582031989,182.686168128091,168.457117454377,152.48317365548,145.437612486204,177.57647346305,202.69616087507,162.275314007764,184.462305110182,172.276744448797,177.800703970051,178.636526252584,148.793161317244,166.257231649797,159.086609064015,165.38958974505,198.651000764987,183.60519174243,160.131207447573,199.198137312756,157.403737654227,172.827456796911,158.578379591198,171.706099374023,192.647749644328,174.180875763292,180.280028621145,162.126570122487,183.225516673004,188.07454841008,162.169639652407,174.589642191377,167.050848609243,172.553124821671,186.850035611007,182.531757985073,190.185698468031,186.356631900525,142.984177999421,189.844250576799,137.755386815868,195.713261669004,178.572475058757,187.456217362814,187.089425048832,180.915138443625,170.391783854621,167.132185507834,150.196376601149
202.816948197747,200.082559711858,211.626070903022,186.918011653182,168.859886678942,181.575834321932,209.817982314052,221.025191956736,156.864927840055,213.993614465621,208.007497824259,221.595716883218,193.92381731469,181.947578275415,177.896362996113,165.484114487931,200.475712542435,183.60519174243,256.010852792923,199.803867736339,209.217858782825,193.194995200873,193.372943369166,178.60554261473,200.908506550246,215.16955362547,194.091153292513,208.500674591561,182.491172266028,188.552833209198,222.615211838355,185.768647767709,193.253594986139,193.689848085147,214.788922746381,206.95070731445,193.15177381982,213.086729412182,204.244711792214,150.165889775256,218.438838784959,160.014653363764,237.810301693292,210.547395998507,202.189898838592,213.31807488597,185.814127572434,187.731858331207,186.210644690905,159.517875813123,202.816948197747,200.082559711858,211.626070903022,186.918011653182,168.859886678942,181.575834321932,209.817982314052,221.025191956736,156.864927840055,213.993614465621,208.007497824259,221.595716883218,193.92381731469,181.947578275415,177.896362996113,165.484114487931,200.475712542435,183.60519174243,256.010852792923,199.803867736339,209.217858782825,193.194995200873,193.372943369166,178.60554261473,200.908506550246,215.16955362547,194.091153292513,208.500674591561,182.491172266028,188.552833209198,222.615211838355,185.768647767709,193.253594986139,193.689848085147,214.788922746381,206.95070731445,193.15177381982,213.086729412182,204.244711792214,150.165889775256,218.438838784959,160.014653363764,237.810301693292,210.547395998507,202.189898838592,213.31807488597,185.814127572434,187.731858331207,186.210644690905,159.517875813123
187.810947074397,165.059649873826,190.637226200152,178.135541166115,169.245405631488,164.70478300861,183.098464860606,203.214287882352,159.627363917306,199.612755889743,191.421360147867,197.704013677797,184.128218231441,159.109644324582,171.182132019869,159.097867329136,179.803064974844,160.131207447573,199.803867736339,216.218749272046,200.955840393433,185.875092536503,182.080757679683,171.464355719309,191.670898085503,193.306684646809,175.782584085196,187.192718619919,151.763015791497,193.455265178579,208.094689534347,167.962887522094,187.720678534668,181.179637836188,199.03895820342,196.267034159216,201.355666948582,206.33357586425,187.447639457288,148.817777294337,197.72516245893,148.037111032287,207.601451726273,192.015765819814,199.001693929839,192.800325134265,172.887957140005,168.367157990386,169.994871979465,158.774523379381,187.810947074397,165.059649873826,190.637226200152,178.135541166115,169.245405631488,164.70478300861,183.098464860606,203.214287882352,159.627363917306,199.612755889743,191.421360147867,197.704013677797,184.128218231441,159.109644324582,171.182132019869,159.097867329136,179.803064974844,160.131207447573,199.803867736339,216.218749272046,200.955840393433,185.875092536503,182.080757679683,171.464355719309,191.670898085503,193.306684646809,175.782584085196,187.192718619919,151.763015791497,193.455265178579,208.094689534347,167.962887522094,187.720678534668,181.179637836188,199.03895820342,196.267034159216,201.355666948582,206.33357586425,187.447639457288,148.817777294337,197.72516245893,148.037111032287,207.601451726273,192.015765819814,199.001693929839,192.800325134265,172.887957140005,168.367157990386,169.994871979465,158.774523379381
209.484887464967,191.131991870606,191.283853968989,198.316875410213,194.342006390384,188.475329394649,203.611382663001,229.223058042011,189.334698278581,220.730797012372,215.578773492261,211.477148301405,220.007170883885,176.219792111313,196.709348890886,178.06011209486,205.54224103683,199.198137312756,209.217858782825,200.955840393433,279.553050626499,202.179763339903,202.279314145107,187.967490030976,198.22901110196,227.005185162058,199.42408375648,226.402206434171,170.509242369293,212.092580995781,229.976813121605,200.535382173373,218.808386010772,204.918484070117,222.543672403875,233.055450198752,211.600346203735,218.640818076764,222.716276607017,160.747786233448,237.13062965516,161.33465859227,240.414112722378,205.260790963299,231.161765224175,218.813165784021,207.248580913282,185.035709743525,190.593706241744,183.910913787592,209.484887464967,191.131991870606,191.283853968989,198.316875410213,194.342006390384,188.475329394649,203.611382663001,229.223058042011,189.334698278581,220.730797012372,215.578773492261,211.477148301405,220.007170883885,176.219792111313,196.709348890886,178.06011209486,205.54224103683,199.198137312756,209.217858782825,200.955840393433,279.553050626499,202.179763339903,202.279314145107,187.967490030976,198.22901110196,227.005185162058,199.42408375648,226.402206434171,170.509242369293,212.092580995781,229.976813121605,200.535382173373,218.808386010772,204.918484070117,222.543672403875,233.055450198752,211.600346203735,218.640818076764,222.716276607017,160.747786233448,237.13062965516,161.33465859227,240.414112722378,205.260790963299,231.161765224175,218.813165784021,207.248580913282,185.035709743525,190.593706241744,183.910913787592
199.415313568612,172.141936572197,188.504159682723,163.509907729975,162.47673305054,176.748249137645,184.140795936358,217.937869159247,158.510525482146,212.507898947751,185.714350869095,196.257973099131,192.059240981289,168.223940272478,172.50200991329,150.613833032174,177.587930521533,157.403737654227,193.194995200873,185.875092536503,202.179763339903,236.940624994477,185.538427199087,172.395226304152,173.134462704824,209.949966078572,195.000375110134,194.826048518108,169.044678668887,208.605942161497,215.095315909508,176.631627353481,187.02543472416,194.668641439517,204.967816942999,191.640803442442,202.523601135231,210.143965977578,178.095661108398,141.622857297423,201.647200604061,144.901996591407,214.94836663153,196.106730801821,203.972780046339,200.17829526685,177.072205803069,170.242640621357,158.774337454789,160.016611511257,199.415313568612,172.141936572197,188.504159682723,163.509907729975,162.47673305054,176.748249137645,184.140795936358,217.937869159247,158.510525482146,212.507898947751,185.714350869095,196.257973099131,192.059240981289,168.223940272478,172.50200991329,150.613833032174,177.587930521533,157.403737654227,193.194995200873,185.875092536503,202.179763339903,236.940624994477,185.538427199087,172.395226304152,173.134462704824,209.949966078572,195.000375110134,194.826048518108,169.044678668887,208.605942161497,215.095315909508,176.631627353481,187.02543472416,194.668641439517,204.967816942999,191.640803442442,202.523601135231,210.143965977578,178.095661108398,141.622857297423,201.647200604061,144.901996591407,214.94836663153,196.106730801821,203.972780046339,200.17829526685,177.072205803069,170.242640621357,158.774337454789,160.016611511257
212.118151744589,184.137498083454,198.730181092809,177.127023079521,180.229108287778,182.26649479471,198.19362498567,225.067275920576,184.035428810365,213.864359905994,202.512169152226,200.281306566337,207.48787591687,185.311651620092,181.874707816278,188.270589399034,200.402590632696,172.827456796911,193.372943369166,182.080757679683,202.279314145107,185.538427199087,234.911786073725,179.345217082332,201.328982829849,206.353174175509,198.823461404605,216.946588771819,179.983303941028,200.517580729019,223.846708920801,191.144538004381,189.610085936813,189.580853680681,205.419254985469,194.399123298953,218.337767346495,225.952972311494,213.047780397827,148.930775679174,212.924706250388,158.901930230278,226.984330850419,208.256065760373,216.811370162437,199.201310006498,190.915134336957,180.955030928326,186.921198092524,183.642443590147,212.118151744589,184.137498083454,198.730181092809,177.127023079521,180.229108287778,182.26649479471,198.19362498567,225.067275920576,184.035428810365,213.864359905994,202.512169152226,200.281306566337,207.48787591687,185.311651620092,181.874707816278,188.270589399034,200.402590632696,172.827456796911,193.372943369166,182.080757679683,202.279314145107,185.538427199087,234.911786073725,179.345217082332,201.328982829849,206.353174175509,198.823461404605,216.946588771819,179.983303941028,200.517580729019,223.846708920801,191.144538004381,189.610085936813,189.580853680681,205.419254985469,194.399123298953,218.337767346495,225.952972311494,213.047780397827,148.930775679174,212.924706250388,158.901930230278,226.984330850419,208.256065760373,216.811370162437,199.201310006498,190.915134336957,180.955030928326,186.921198092524,183.642443590147
