181.470987695726,167.064067140689,159.052281555523,178.879887797254,168.667637499227,181.202454576912,165.19861202226,180.80605889545,147.050699523596,163.338412915714,178.650816342587,162.920351009294,158.279874481214,183.025521186709,169.77071344976,204.564943019651,164.255383883129,169.484268763361,177.981857514481,169.543857490758,189.839783613656,153.543613556145,180.311546772489,160.346280644729,177.865436472491,173.459857277534,171.017831982678,214.80413700879,170.399768675898,181.865961191358,167.25645966903,170.198161858392,178.216421261027,183.625323089625,159.617635409834,159.27708663688,180.570258948254,177.608228993914,173.196873747478,187.252314229265,147.056243793584,132.572589810432,179.897365904694,158.235927329119,164.019496936314,164.701196652817,170.67648495673,177.290609418479,163.857700931744,161.657374983132,181.470987695726,167.064067140689,159.052281555523,178.879887797254,168.667637499227,181.202454576912,165.19861202226,180.80605889545,147.050699523596,163.338412915714,178.650816342587,162.920351009294,158.279874481214,183.025521186709,169.77071344976,204.564943019651,164.255383883129,169.484268763361,177.981857514481,169.543857490758,189.839783613656,153.543613556145,180.311546772489,160.346280644729,177.865436472491,173.459857277534,171.017831982678,214.80413700879,170.399768675898,181.865961191358,167.25645966903,170.198161858392,178.216421261027,183.625323089625,159.617635409834,159.27708663688,180.570258948254,177.608228993914,173.196873747478,187.252314229265,147.056243793584,132.572589810432,179.897365904694,158.235927329119,164.019496936314,164.701196652817,170.67648495673,177.290609418479,163.857700931744,161.657374983132
167.064067016462,255.346678414163,180.700281503986,197.38085421213,193.292803254456,197.244417674967,198.559677733838,213.237462949545,179.812331760211,186.809393803698,213.495054279034,199.93179839476,196.659369582551,184.142467165542,185.780887186845,241.825160742096,201.224968429756,210.006472952232,201.39601075924,202.759727393217,234.007205040625,184.321684324519,196.529650507537,182.95288121134,195.022495383933,178.005941669873,209.239248122489,254.001395907849,191.9916517363,210.151144683154,197.498062889357,206.263538675639,193.255111382211,203.509306026734,201.976699315422,181.64667259081,202.905884590433,206.307065814752,209.097250079582,214.985240041477,173.413818773864,138.136995000422,216.212886565924,176.823756247944,201.822669490539,189.738431879576,204.612989217389,187.407940739625,182.064383360187,189.361282834841,167.064067016462,255.346678414163,180.700281503986,197.38085421213,193.292803254456,197.244417674967,198.559677733838,213.237462949545,179.812331760211,186.809393803698,213.495054279034,199.93179839476,196.659369582551,184.142467165542,185.780887186845,241.825160742096,201.224968429756,210.006472952232,201.39601075924,202.759727393217,234.007205040625,184.321684324519,196.529650507537,182.95288121134,195.022495383933,178.005941669873,209.239248122489,254.001395907849,191.9916517363,210.151144683154,197.498062889357,206.263538675639,193.255111382211,203.509306026734,201.976699315422,181.64667259081,202.905884590433,206.307065814752,209.097250079582,214.985240041477,173.413818773864,138.136995000422,216.212886565924,176.823756247944,201.822669490539,189.738431879576,204.612989217389,187.407940739625,182.064383360187,189.361282834841
159.052281431296,180.700281503986,202.71129961094,154.468507392005,173.147307599506,185.601487388596,177.767165253345,180.397971977365,138.581210651087,152.817394800385,184.335481463003,173.78318460911,162.77365468726,169.417715116703,161.970145808777,204.008389240075,170.067009321702,180.633937421532,174.678838078829,167.164748955149,197.722327275967,169.326926208488,168.538361849703,163.019340847014,184.995783636099,158.253383903961,172.123645956071,224.104018898572,176.996397711804,180.676262488153,182.282427524061,167.28444727681,170.353578860968,172.911559332052,175.31665836261,145.442507673577,169.173418015824,175.705529741932,178.153306205743,183.120366993859,135.490989718583,133.233770795694,194.967461040357,155.823672649998,164.475651152707,168.993281866818,177.210319177619,169.412673634201,156.853474713607,150.729796705887,159.052281431296,180.700281503986,202.71129961094,154.468507392005,173.147307599506,185.601487388596,177.767165253345,180.397971977365,138.581210651087,152.817394800385,184.335481463003,173.78318460911,162.77365468726,169.417715116703,161.970145808777,204.008389240075,170.067009321702,180.633937421532,174.678838078829,167.164748955149,197.722327275967,169.326926208488,168.538361849703,163.019340847014,184.995783636099,158.253383903961,172.123645956071,224.104018898572,176.996397711804,180.676262488153,182.282427524061,167.28444727681,170.353578860968,172.911559332052,175.31665836261,145.442507673577,169.173418015824,175.705529741932,178.153306205743,183.120366993859,135.490989718583,133.233770795694,194.967461040357,155.823672649998,164.475651152707,168.993281866818,177.210319177619,169.412673634201,156.853474713607,150.729796705887
178.879887673027,197.38085421213,154.468507392005,256.166896141709,198.378529881617,218.313018947998,185.893660839943,217.663519239703,188.649676285194,190.985221794176,216.281006280666,204.822850385888,204.933745061649,215.424728078688,180.36343841414,243.154630249959,204.46884716679,212.753110224452,214.647930415619,191.28963697106,234.709682417881,184.09844792353,216.605536665332,195.303696767438,199.059559937884,196.95311667623,210.437313087122,263.451427214547,197.225903031053,214.130012600787,213.005173966111,209.730199950482,217.638403610741,227.438396703288,207.965809179071,208.435085391152,209.947348477496,221.273370210076,221.781303106213,212.336712967051,183.239152936439,163.827513659156,232.630786940809,176.021063909058,197.732117316432,205.674380243108,196.380914007017,209.523502124023,199.85525365424,188.901553320721,178.879887673027,197.38085421213,154.468507392005,256.166896141709,198.378529881617,218.313018947998,185.893660839943,217.663519239703,188.649676285194,190.985221794176,216.281006280666,204.822850385888,204.933745061649,215.424728078688,180.36343841414,243.154630249959,204.46884716679,212.753110224452,214.647930415619,191.28963697106,234.709682417881,184.09844792353,216.605536665332,195.303696767438,199.059559937884,196.95311667623,210.437313087122,263.451427214547,197.225903031053,214.130012600787,213.005173966111,209.730199950482,217.638403610741,227.438396703288,207.965809179071,208.435085391152,209.947348477496,221.273370210076,221.781303106213,212.336712967051,183.239152936439,163.827513659156,232.630786940809,176.021063909058,197.732117316432,205.674380243108,196.380914007017,209.523502124023,199.85525365424,188.901553320721
168.667637375,193.292803254456,173.147307599506,198.378529881617,249.005136062152,200.012445567527,207.819954280973,214.454340224966,178.716647163395,196.806572851048,195.428347309312,195.010151269691,192.851474390468,210.118040202497,189.985582558552,234.884476235148,196.091046111019,213.966665094588,201.727986163433,187.042892230623,238.52111292259,180.687680026335,211.542901561094,191.659972424294,204.492224375501,187.389155269678,217.132759559243,252.500847002726,184.383668872661,198.951565026172,207.103959777444,209.002890337206,209.146402360923,205.997183241244,200.257112610041,181.010016241171,210.86986733241,204.860536149326,214.33973360326,208.339031298892,186.707893060952,156.493081169832,235.184972673172,183.837717522058,187.20058490563,190.526208169902,208.214095752546,211.786081029906,193.218705206731,179.153943451026,168.667637375,193.292803254456,173.147307599506,198.378529881617,249.005136062152,200.012445567527,207.819954280973,214.454340224966,178.716647163395,196.806572851048,195.428347309312,195.010151269691,192.851474390468,210.118040202497,189.985582558552,234.884476235148,196.091046111019,213.966665094588,201.727986163433,187.042892230623,238.52111292259,180.687680026335,211.542901561094,191.659972424294,204.492224375501,187.389155269678,217.132759559243,252.500847002726,184.383668872661,198.951565026172,207.103959777444,209.002890337206,209.146402360923,205.997183241244,200.257112610041,181.010016241171,210.86986733241,204.860536149326,214.33973360326,208.339031298892,186.707893060952,156.493081169832,235.184972673172,183.837717522058,187.20058490563,190.526208169902,208.214095752546,211.786081029906,193.218705206731,179.153943451026
181.202454452685,197.244417674967,185.601487388596,218.313018947998,200.012445567527,264.566968016254,206.813387118267,220.018670563537,177.258232249128,189.631119264592,217.650073969536,202.807599118838,203.133969230497,221.849177547777,187.330730503307,250.341177397619,197.588499796738,206.016254379326,211.70741617834,195.087741695095,230.056383356082,187.337931295288,205.299815124459,186.854309472854,210.346571371707,195.62526357475,202.76774387914,252.276955080364,190.884103286671,200.326105829145,223.695741092684,214.042201706202,211.62856075352,208.375089716785,209.421231319019,200.005502454226,200.20839597023,224.101485010915,217.140789631102,216.371438098778,175.948622381716,169.610922434182,234.763680544192,181.232208792925,182.110248098457,193.260101658772,201.034065466035,207.468249979854,194.346615166218,188.338386919181,181.202454452685,197.244417674967,185.601487388596,218.313018947998,200.012445567527,264.566968016254,206.813387118267,220.018670563537,177.258232249128,189.631119264592,217.650073969536,202.807599118838,203.133969230497,221.849177547777,187.330730503307,250.341177397619,197.588499796738,206.016254379326,211.70741617834,195.087741695095,230.056383356082,187.337931295288,205.299815124459,186.854309472854,210.346571371707,195.62526357475,202.76774387914,252.276955080364,190.884103286671,200.326105829145,223.695741092684,214.042201706202,211.62856075352,208.375089716785,209.421231319019,200.005502454226,200.20839597023,224.101485010915,217.140789631102,216.371438098778,175.948622381716,169.610922434182,234.763680544192,181.232208792925,182.110248098457,193.260101658772,201.034065466035,207.468249979854,194.346615166218,188.338386919181
165.198611898033,198.559677733838,177.767165253345,185.893660839943,207.819954280973,206.813387118267,253.854082093638,204.699438503135,169.578012005771,189.107724405309,199.338785864136,184.447249506001,197.060143050572,203.637822196135,186.302633804549,239.879879058115,203.923127271932,198.422647951787,213.287550297946,191.68223788591,229.535157269278,190.64120937609,210.09568754288,172.988594932885,200.853131266369,189.713341299619,214.294207060776,239.227162959265,182.036005309016,205.423705215088,201.918000000121,213.486469736009,199.078357217093,200.734853354905,200.272272501105,181.795176921205,196.545681937077,199.187461434728,206.498777349653,201.020646336374,173.63917116502,156.69715388621,209.239947753398,198.93582201051,174.559992128158,187.018897943119,187.633587937548,193.582890995375,190.413805824417,185.212114950587,165.198611898033,198.559677733838,177.767165253345,185.893660839943,207.819954280973,206.813387118267,253.854082093638,204.699438503135,169.578012005771,189.107724405309,199.338785864136,184.447249506001,197.060143050572,203.637822196135,186.302633804549,239.879879058115,203.923127271932,198.422647951787,213.287550297946,191.68223788591,229.535157269278,190.64120937609,210.09568754288,172.988594932885,200.853131266369,189.713341299619,214.294207060776,239.227162959265,182.036005309016,205.423705215088,201.918000000121,213.486469736009,199.078357217093,200.734853354905,200.272272501105,181.795176921205,196.545681937077,199.187461434728,206.498777349653,201.020646336374,173.63917116502,156.69715388621,209.239947753398,198.93582201051,174.559992128158,187.018897943119,187.633587937548,193.582890995375,190.413805824417,185.212114950587
180.806058771223,213.237462949545,180.397971977365,217.663519239703,214.454340224966,220.018670563537,204.699438503135,260.399102574283,179.840504288851,194.799751777803,219.612980915491,204.543037892233,214.870530031447,207.710604995799,200.530218427637,258.40423483115,193.295481835506,210.015489154331,200.342576910104,200.859483038998,244.106553343227,194.107162951657,210.785776165293,190.222816600372,208.128913312532,202.153413100224,216.400091204486,271.013628099725,199.606201775974,202.880396360426,212.786961680276,209.764321447721,210.027493254227,223.932251205811,212.682139521418,188.422276091497,215.294286568461,224.951674531437,225.884739169238,216.963205974326,174.681000687769,164.316830533816,225.563362004484,187.178690093315,206.459151982251,199.965118612456,203.690068178234,210.684583187837,193.904167988668,181.313940409029,180.806058771223,213.237462949545,180.397971977365,217.663519239703,214.454340224966,220.018670563537,204.699438503135,260.399102574283,179.840504288851,194.799751777803,219.612980915491,204.543037892233,214.870530031447,207.710604995799,200.530218427637,258.40423483115,193.295481835506,210.015489154331,200.342576910104,200.859483038998,244.106553343227,194.107162951657,210.785776165293,190.222816600372,208.128913312532,202.153413100224,216.400091204486,271.013628099725,199.606201775974,202.880396360426,212.786961680276,209.764321447721,210.027493254227,223.932251205811,212.682139521418,188.422276091497,215.294286568461,224.951674531437,225.884739169238,216.963205974326,174.681000687769,164.316830533816,225.563362004484,187.178690093315,206.459151982251,199.965118612456,203.690068178234,210.684583187837,193.904167988668,181.313940409029
147.050699399369,179.812331760211,138.581210651087,188.649676285194,178.716647163395,177.258232249128,169.578012005771,179.840504288851,204.008129440043,180.148446993765,192.173751549064,170.217123124778,193.01376514292,198.981960580933,157.36042438147,211.071652451733,170.174088787743,185.178233477025,178.638138273215,172.005197615126,215.078049281372,161.468631094022,193.106172310798,169.661446421234,178.268214910791,161.065365525589,189.162170630479,236.125150450693,178.790031854329,184.304474468073,180.713046726031,190.184567778757,194.341537477685,187.068103058198,185.24588085151,170.03566075896,182.054448463011,193.76460916983,175.784348004172,184.830153938817,164.311538034913,128.154778861025,190.133609674982,165.850663806444,167.969550658109,165.118944793058,174.163180354216,177.130402279992,182.129356159306,166.499281479348,147.050699399369,179.812331760211,138.581210651087,188.649676285194,178.716647163395,177.258232249128,169.578012005771,179.840504288851,204.008129440043,180.148446993765,192.173751549064,170.217123124778,193.01376514292,198.981960580933,157.36042438147,211.071652451733,170.174088787743,185.178233477025,178.638138273215,172.005197615126,215.078049281372,161.468631094022,193.106172310798,169.661446421234,178.268214910791,161.065365525589,189.162170630479,236.125150450693,178.790031854329,184.304474468073,180.713046726031,190.184567778757,194.341537477685,187.068103058198,185.24588085151,170.03566075896,182.054448463011,193.76460916983,175.784348004172,184.830153938817,164.311538034913,128.154778861025,190.133609674982,165.850663806444,167.969550658109,165.118944793058,174.163180354216,177.130402279992,182.129356159306,166.499281479348
163.338412791487,186.809393803698,152.817394800385,190.985221794176,196.806572851048,189.631119264592,189.107724405309,194.799751777803,180.148446993765,226.76694786953,193.364112078228,187.107381658927,180.330685814407,197.629772558709,174.33459453049,229.566790033044,195.938239433806,192.218505477395,196.999838441186,185.952473839793,222.460463249529,179.147035766816,203.663770586722,185.070049474898,187.125777203974,170.107698501383,209.633124595592,235.069409887717,189.266563171907,190.569601212982,187.044780178783,194.016749817848,206.318593026999,205.197459056769,176.308589310868,180.58813675533,194.946872293674,205.314545433941,196.746560195146,194.438250416219,174.082192324912,144.39957273845,196.084313229795,170.981923946919,184.243030744324,178.47735840189,190.560975007569,194.814544288877,190.260594686454,182.516219619338,163.338412791487,186.809393803698,152.817394800385,190.985221794176,196.806572851048,189.631119264592,189.107724405309,194.799751777803,180.148446993765,226.76694786953,193.364112078228,187.107381658927,180.330685814407,197.629772558709,174.33459453049,229.566790033044,195.938239433806,192.218505477395,196.999838441186,185.952473839793,222.460463249529,179.147035766816,203.663770586722,185.070049474898,187.125777203974,170.107698501383,209.633124595592,235.069409887717,189.266563171907,190.569601212982,187.044780178783,194.016749817848,206.318593026999,205.197459056769,176.308589310868,180.58813675533,194.946872293674,205.314545433941,196.746560195146,194.438250416219,174.082192324912,144.39957273845,196.084313229795,170.981923946919,184.243030744324,178.47735840189,190.560975007569,194.814544288877,190.260594686454,182.516219619338
178.65081621836,213.495054279034,184.335481463003,216.281006280666,195.428347309312,217.650073969536,199.338785864136,219.612980915491,192.173751549064,193.364112078228,269.743515385549,203.976856479338,215.866722197084,216.486743156578,183.890541698568,245.599289773092,198.116545451644,211.378720859727,209.47769369548,203.783366384585,233.935836205199,198.137573597999,217.566633002582,207.471444047349,222.894411202827,201.455848701497,221.3855430727,272.1067535723,192.181025993663,212.644406820715,226.546202726475,207.906990215053,215.473754875182,222.020273948102,226.557508856278,201.6352565269,203.227803630883,224.970340860941,221.0595915452,229.948354821092,182.918159870871,162.309670356651,230.208068122484,191.978432126846,195.583011377218,202.432810744017,203.290485826221,202.900605577114,200.63141129834,189.162910080101,178.65081621836,213.495054279034,184.335481463003,216.281006280666,195.428347309312,217.650073969536,199.338785864136,219.612980915491,192.173751549064,193.364112078228,269.743515385549,203.976856479338,215.866722197084,216.486743156578,183.890541698568,245.599289773092,198.116545451644,211.378720859727,209.47769369548,203.783366384585,233.935836205199,198.137573597999,217.566633002582,207.471444047349,222.894411202827,201.455848701497,221.3855430727,272.1067535723,192.181025993663,212.644406820715,226.546202726475,207.906990215053,215.473754875182,222.020273948102,226.557508856278,201.6352565269,203.227803630883,224.970340860941,221.0595915452,229.948354821092,182.918159870871,162.309670356651,230.208068122484,191.978432126846,195.583011377218,202.432810744017,203.290485826221,202.900605577114,200.63141129834,189.162910080101
162.920350885067,199.93179839476,173.78318460911,204.822850385888,195.010151269691,202.807599118838,184.447249506001,204.543037892233,170.217123124778,187.107381658927,203.976856479338,240.925473602183,189.240694570223,199.547190084432,169.062931619113,231.343351954151,196.399699379528,207.528739362742,204.218583165961,193.888296215368,220.458746305335,189.960928298057,191.600680383759,186.515343394804,201.38234888179,171.341250487052,214.686534024155,249.900768244807,202.257272984068,208.911954916852,201.417645592148,192.078487298891,201.900650520048,207.712306176299,204.686292317406,193.148063031191,190.470032894344,215.578837665246,209.757709964222,211.583169292412,171.809403590441,144.900117957154,219.83860183482,166.539617196454,188.915467763536,184.73178347176,204.195795196317,197.674043175066,196.417920345599,172.240213778864,162.920350885067,199.93179839476,173.78318460911,204.822850385888,195.010151269691,202.807599118838,184.447249506001,204.543037892233,170.217123124778,187.107381658927,203.976856479338,240.925473602183,189.240694570223,199.547190084432,169.062931619113,231.343351954151,196.399699379528,207.528739362742,204.218583165961,193.888296215368,220.458746305335,189.960928298057,191.600680383759,186.515343394804,201.38234888179,171.341250487052,214.686534024155,249.900768244807,202.257272984068,208.911954916852,201.417645592148,192.078487298891,201.900650520048,207.712306176299,204.686292317406,193.148063031191,190.470032894344,215.578837665246,209.757709964222,211.583169292412,171.809403590441,144.900117957154,219.83860183482,166.539617196454,188.915467763536,184.73178347176,204.195795196317,197.674043175066,196.417920345599,172.240213778864
158.279874356987,196.659369582551,162.77365468726,204.933745061649,192.851474390468,203.133969230497,197.060143050572,214.870530031447,193.01376514292,180.330685814407,215.866722197084,189.240694570223,242.528300160108,207.878714159555,180.937317318232,245.267767227534,184.377777844677,195.3403123801,202.169052491438,179.334179502102,224.350177609242,182.70481005625,212.549720555187,181.726916505048,195.242973400421,186.577895549755,195.335745121511,249.950924025586,193.699526869621,194.135428085561,203.348397676006,206.972955011548,201.453590349011,200.362195791789,211.38285280777,189.647483131512,197.309644121064,212.726694407055,201.600580457625,206.99107352828,172.467022991712,158.421673037945,212.224386757821,184.83324349431,175.083960781337,172.851357748349,172.178780345031,193.578498755448,185.482455071348,177.786795198287,158.279874356987,196.659369582551,162.77365468726,204.933745061649,192.851474390468,203.133969230497,197.060143050572,214.870530031447,193.01376514292,180.330685814407,215.866722197084,189.240694570223,242.528300160108,207.878714159555,180.937317318232,245.267767227534,184.377777844677,195.3403123801,202.169052491438,179.334179502102,224.350177609242,182.70481005625,212.549720555187,181.726916505048,195.242973400421,186.577895549755,195.335745121511,249.950924025586,193.699526869621,194.135428085561,203.348397676006,206.972955011548,201.453590349011,200.362195791789,211.38285280777,189.647483131512,197.309644121064,212.726694407055,201.600580457625,206.99107352828,172.467022991712,158.421673037945,212.224386757821,184.83324349431,175.083960781337,172.851357748349,172.178780345031,193.578498755448,185.482455071348,177.786795198287
183.025521062482,184.142467165542,169.417715116703,215.424728078688,210.118040202497,221.849177547777,203.637822196135,207.710604995799,198.981960580933,197.629772558709,216.486743156578,199.547190084432,207.878714159555,269.496213920385,189.81206806571,243.716073003998,190.230507336908,203.781511320793,221.27253248057,189.901280730295,240.064770707325,193.419047313618,213.460268838421,194.717972386482,209.109863329029,197.385380032506,217.593845274677,256.272225658292,198.451535758764,210.491064232636,212.479089298877,201.094551268454,224.299015407643,216.880294206172,201.304210591288,206.267908900284,202.05649058097,225.409425165933,219.246595614228,212.335456069401,175.238335923083,157.065264962787,218.812529883323,190.721085907451,187.066015945858,194.919866759597,200.340494598528,208.476708331215,208.496887781283,197.001708652733,183.025521062482,184.142467165542,169.417715116703,215.424728078688,210.118040202497,221.849177547777,203.637822196135,207.710604995799,198.981960580933,197.629772558709,216.486743156578,199.547190084432,207.878714159555,269.496213920385,189.81206806571,243.716073003998,190.230507336908,203.781511320793,221.27253248057,189.901280730295,240.064770707325,193.419047313618,213.460268838421,194.717972386482,209.109863329029,197.385380032506,217.593845274677,256.272225658292,198.451535758764,210.491064232636,212.479089298877,201.094551268454,224.299015407643,216.880294206172,201.304210591288,206.267908900284,202.05649058097,225.409425165933,219.246595614228,212.335456069401,175.238335923083,157.065264962787,218.812529883323,190.721085907451,187.066015945858,194.919866759597,200.340494598528,208.476708331215,208.496887781283,197.001708652733
169.770713325533,185.780887186845,161.970145808777,180.36343841414,189.985582558552,187.330730503307,186.302633804549,200.530218427637,157.36042438147,174.33459453049,183.890541698568,169.062931619113,180.937317318232,189.81206806571,215.931881747379,222.060777317942,177.09760999064,179.46379181506,188.851962523946,180.080394835953,207.386293060676,172.315743355497,192.407897228488,170.161175559949,181.905651775625,168.843435780067,177.610017190887,222.250754273641,181.168514625234,194.629700335316,174.042383404905,179.525659697951,192.873179806573,193.417368777337,183.370466996204,162.163016716964,188.303631975587,200.984638221825,187.636590440357,191.822669169691,156.798984686831,159.012000967457,186.277320270328,176.574145613548,158.087863970785,166.490027454986,180.766128348018,189.117724587875,176.476773420398,169.610200141551,169.770713325533,185.780887186845,161.970145808777,180.36343841414,189.985582558552,187.330730503307,186.302633804549,200.530218427637,157.36042438147,174.33459453049,183.890541698568,169.062931619113,180.937317318232,189.81206806571,215.931881747379,222.060777317942,177.09760999064,179.46379181506,188.851962523946,180.080394835953,207.386293060676,172.315743355497,192.407897228488,170.161175559949,181.905651775625,168.843435780067,177.610017190887,222.250754273641,181.168514625234,194.629700335316,174.042383404905,179.525659697951,192.873179806573,193.417368777337,183.370466996204,162.163016716964,188.303631975587,200.984638221825,187.636590440357,191.822669169691,156.798984686831,159.012000967457,186.277320270328,176.574145613548,158.087863970785,166.490027454986,180.766128348018,189.117724587875,176.476773420398,169.610200141551
204.564942895424,241.825160742096,204.008389240075,243.154630249959,234.884476235148,250.341177397619,239.879879058115,258.40423483115,211.071652451733,229.566790033044,245.599289773092,231.343351954151,245.267767227534,243.716073003998,222.060777317942,323.785980897337,233.983743004871,228.890387282017,246.575253301404,224.125980166872,268.284614091632,211.874323356386,243.21913280175,224.797408287576,237.768670678777,226.091934613849,243.524670386904,285.338944951123,231.575645607739,238.521681705662,232.377407296971,245.508161924801,240.834084516179,253.486441339074,230.968140393943,227.640768576634,240.198731579348,244.077805777003,255.062744353967,247.276158003375,201.43196105824,189.304582750047,253.714602742319,210.390245312632,220.218703394,217.393951028343,226.516766147995,244.964145561657,221.639396603727,222.632015328403,204.564942895424,241.825160742096,204.008389240075,243.154630249959,234.884476235148,250.341177397619,239.879879058115,258.40423483115,211.071652451733,229.566790033044,245.599289773092,231.343351954151,245.267767227534,243.716073003998,222.060777317942,323.785980897337,233.983743004871,228.890387282017,246.575253301404,224.125980166872,268.284614091632,211.874323356386,243.21913280175,224.797408287576,237.768670678777,226.091934613849,243.524670386904,285.338944951123,231.575645607739,238.521681705662,232.377407296971,245.508161924801,240.834084516179,253.486441339074,230.968140393943,227.640768576634,240.198731579348,244.077805777003,255.062744353967,247.276158003375,201.43196105824,189.304582750047,253.714602742319,210.390245312632,220.218703394,217.393951028343,226.516766147995,244.964145561657,221.639396603727,222.632015328403
164.255383758902,201.224968429756,170.067009321702,204.46884716679,196.091046111019,197.588499796738,203.923127271932,193.295481835506,170.174088787743,195.938239433806,198.116545451644,196.399699379528,184.377777844677,190.230507336908,177.09760999064,233.983743004871,248.999687373977,200.833774265209,205.382921627344,191.347467648085,222.796070095821,187.689223480486,207.761808604225,181.120699993293,189.084301346689,187.003582746754,205.178314172664,237.212098485424,197.634646499621,207.410906374756,204.11658297744,202.34414146566,195.891987662684,207.740516410338,196.508367851817,182.637164048823,192.537837403429,198.295848661292,212.690532413613,200.707505018545,181.296236567242,140.261278526826,223.127982992905,175.993167910054,178.935402429789,196.986643339787,201.576068444466,188.052766060406,184.355162121996,198.260567806668,164.255383758902,201.224968429756,170.067009321702,204.46884716679,196.091046111019,197.588499796738,203.923127271932,193.295481835506,170.174088787743,195.938239433806,198.116545451644,196.399699379528,184.377777844677,190.230507336908,177.09760999064,233.983743004871,248.999687373977,200.833774265209,205.382921627344,191.347467648085,222.796070095821,187.689223480486,207.761808604225,181.120699993293,189.084301346689,187.003582746754,205.178314172664,237.212098485424,197.634646499621,207.410906374756,204.11658297744,202.34414146566,195.891987662684,207.740516410338,196.508367851817,182.637164048823,192.537837403429,198.295848661292,212.690532413613,200.707505018545,181.296236567242,140.261278526826,223.127982992905,175.993167910054,178.935402429789,196.986643339787,201.576068444466,188.052766060406,184.355162121996,198.260567806668
169.484268639134,210.006472952232,180.633937421532,212.753110224452,213.966665094588,206.016254379326,198.422647951787,210.015489154331,185.178233477025,192.218505477395,211.378720859727,207.528739362742,195.3403123801,203.781511320793,179.46379181506,228.890387282017,200.833774265209,240.245448864078,201.417400382111,199.269416514942,230.038482507242,187.498054591602,211.899461030291,193.023356839851,204.49484704694,184.819246938806,208.266267728889,270.169858143428,192.693088210124,209.618247300596,208.930326473515,202.453841899776,211.794961127467,204.479081619744,213.651506812471,184.40202492694,207.199025593977,224.276674997951,213.686721363487,215.497925618959,179.178851614471,157.536492786673,233.69422981437,184.037987239908,197.686264334142,204.497722041465,202.356736546173,210.074226511108,188.089608706211,192.211714343293,169.484268639134,210.006472952232,180.633937421532,212.753110224452,213.966665094588,206.016254379326,198.422647951787,210.015489154331,185.178233477025,192.218505477395,211.378720859727,207.528739362742,195.3403123801,203.781511320793,179.46379181506,228.890387282017,200.833774265209,240.245448864078,201.417400382111,199.269416514942,230.038482507242,187.498054591602,211.899461030291,193.023356839851,204.49484704694,184.819246938806,208.266267728889,270.169858143428,192.693088210124,209.618247300596,208.930326473515,202.453841899776,211.794961127467,204.479081619744,213.651506812471,184.40202492694,207.199025593977,224.276674997951,213.686721363487,215.497925618959,179.178851614471,157.536492786673,233.69422981437,184.037987239908,197.686264334142,204.497722041465,202.356736546173,210.074226511108,188.089608706211,192.211714343293
177.981857390254,201.39601075924,174.678838078829,214.647930415619,201.727986163433,211.70741617834,213.287550297946,200.342576910104,178.638138273215,196.999838441186,209.47769369548,204.218583165961,202.169052491438,221.27253248057,188.851962523946,246.575253301404,205.382921627344,201.417400382111,256.95779957934,191.096755775036,231.241875602213,185.595547800186,214.44041474105,195.61582892107,201.106706991204,190.754737526513,209.835405869056,244.932311743007,202.640536011733,222.349768781614,208.028236076136,217.558733645625,218.768764685771,219.803478120503,195.632975201469,206.689838853946,194.604861610581,214.222442792324,213.55828659147,208.614595133771,169.411703952738,169.981773062521,213.856011043946,183.803528012735,178.394130000921,194.931444534885,195.061208007199,192.785793895854,204.317261849534,185.943334213542,177.981857390254,201.39601075924,174.678838078829,214.647930415619,201.727986163433,211.70741617834,213.287550297946,200.342576910104,178.638138273215,196.999838441186,209.47769369548,204.218583165961,202.169052491438,221.27253248057,188.851962523946,246.575253301404,205.382921627344,201.417400382111,256.95779957934,191.096755775036,231.241875602213,185.595547800186,214.44041474105,195.61582892107,201.106706991204,190.754737526513,209.835405869056,244.932311743007,202.640536011733,222.349768781614,208.028236076136,217.558733645625,218.768764685771,219.803478120503,195.632975201469,206.689838853946,194.604861610581,214.222442792324,213.55828659147,208.614595133771,169.411703952738,169.981773062521,213.856011043946,183.803528012735,178.394130000921,194.931444534885,195.061208007199,192.785793895854,204.317261849534,185.943334213542
169.543857366531,202.759727393217,167.164748955149,191.28963697106,187.042892230623,195.087741695095,191.68223788591,200.859483038998,172.005197615126,185.952473839793,203.783366384585,193.888296215368,179.334179502102,189.901280730295,180.080394835953,224.125980166872,191.347467648085,199.269416514942,191.096755775036,229.665248142974,218.629526623203,181.722407256539,203.447891759697,173.36819919633,200.486285530073,177.299848864235,208.482962224636,240.352234184605,187.634241000633,194.491591426063,189.865686265434,199.323725467164,186.395396143419,208.223940321282,202.04992989064,168.724406146526,194.846889037113,211.860218921107,196.462776484811,204.79300805886,168.845664747916,140.728463549889,209.254076042331,175.160572848179,186.17355608463,174.907552697947,202.982260518512,193.369624108272,186.190330582876,181.665692056867,169.543857366531,202.759727393217,167.164748955149,191.28963697106,187.042892230623,195.087741695095,191.68223788591,200.859483038998,172.005197615126,185.952473839793,203.783366384585,193.888296215368,179.334179502102,189.901280730295,180.080394835953,224.125980166872,191.347467648085,199.269416514942,191.096755775036,229.665248142974,218.629526623203,181.722407256539,203.447891759697,173.36819919633,200.486285530073,177.299848864235,208.482962224636,240.352234184605,187.634241000633,194.491591426063,189.865686265434,199.323725467164,186.395396143419,208.223940321282,202.04992989064,168.724406146526,194.846889037113,211.860218921107,196.462776484811,204.79300805886,168.845664747916,140.728463549889,209.254076042331,175.160572848179,186.17355608463,174.907552697947,202.982260518512,193.369624108272,186.190330582876,181.665692056867
189.839783489429,234.007205040625,197.722327275967,234.709682417881,238.52111292259,230.056383356082,229.535157269278,244.106553343227,215.078049281372,222.460463249529,233.935836205199,220.458746305335,224.350177609242,240.064770707325,207.386293060676,268.284614091632,222.796070095821,230.038482507242,231.241875602213,218.629526623203,320.05387293591,218.447538681177,236.199448562903,221.053778998343,237.936886575116,211.323491928036,247.786801288049,295.691420677422,224.502343527252,225.502056250913,241.740908774569,233.645795436246,241.854450080458,254.83572980882,224.194574474178,205.03927800406,232.081073290643,235.908802645543,240.095147604664,233.961200415272,201.029941295991,165.35716124907,260.753271023895,211.175819136475,230.040797656623,224.944160060007,233.984664010489,227.616354056204,220.841715835993,210.346480969226,189.839783489429,234.007205040625,197.722327275967,234.709682417881,238.52111292259,230.056383356082,229.535157269278,244.106553343227,215.078049281372,222.460463249529,233.935836205199,220.458746305335,224.350177609242,240.064770707325,207.386293060676,268.284614091632,222.796070095821,230.038482507242,231.241875602213,218.629526623203,320.05387293591,218.447538681177,236.199448562903,221.053778998343,237.936886575116,211.323491928036,247.786801288049,295.691420677422,224.502343527252,225.502056250913,241.740908774569,233.645795436246,241.854450080458,254.83572980882,224.194574474178,205.03927800406,232.081073290643,235.908802645543,240.095147604664,233.961200415272,201.029941295991,165.35716124907,260.753271023895,211.175819136475,230.040797656623,224.944160060007,233.984664010489,227.616354056204,220.841715835993,210.346480969226
153.543613431918,184.321684324519,169.326926208488,184.09844792353,180.687680026335,187.337931295288,190.64120937609,194.107162951657,161.468631094022,179.147035766816,198.137573597999,189.960928298057,182.70481005625,193.419047313618,172.315743355497,211.874323356386,187.689223480486,187.498054591602,185.595547800186,181.722407256539,218.447538681177,224.618773724786,197.740894598128,166.701233823892,188.103604534762,164.150250845264,202.229234380721,232.968225314534,189.842756864175,190.686772410744,200.049104133681,176.448435839837,185.955360241445,200.505221043863,191.130012614398,173.2580963082,176.263172548647,192.854195914905,194.015045651696,192.681073785006,159.75970044323,140.101287888848,203.061911984073,175.024180255631,176.177835301788,189.869079564558,193.854039567349,188.065096807671,175.831550886956,167.025940312599,153.543613431918,184.321684324519,169.326926208488,184.09844792353,180.687680026335,187.337931295288,190.64120937609,194.107162951657,161.468631094022,179.147035766816,198.137573597999,189.960928298057,182.70481005625,193.419047313618,172.315743355497,211.874323356386,187.689223480486,187.498054591602,185.595547800186,181.722407256539,218.447538681177,224.618773724786,197.740894598128,166.701233823892,188.103604534762,164.150250845264,202.229234380721,232.968225314534,189.842756864175,190.686772410744,200.049104133681,176.448435839837,185.955360241445,200.505221043863,191.130012614398,173.2580963082,176.263172548647,192.854195914905,194.015045651696,192.681073785006,159.75970044323,140.101287888848,203.061911984073,175.024180255631,176.177835301788,189.869079564558,193.854039567349,188.065096807671,175.831550886956,167.025940312599
180.311546648262,196.529650507537,168.538361849703,216.605536665332,211.542901561094,205.299815124459,210.09568754288,210.785776165293,193.106172310798,203.663770586722,217.566633002582,191.600680383759,212.549720555187,213.460268838421,192.407897228488,243.21913280175,207.761808604225,211.899461030291,214.44041474105,203.447891759697,236.199448562903,197.740894598128,278.583225965213,197.666744645956,216.028623422263,201.253034893838,213.864553952816,263.103113583648,202.935528267105,210.403920300352,199.77756178654,216.873162730316,216.388378057454,226.571623179691,203.67197958902,195.888372851212,196.545082886969,225.691511535888,208.328289590871,218.664695363744,184.51468226237,170.209648995521,225.630486491634,192.528275676421,174.7074637699,203.818906119342,198.644580026661,211.066145150492,202.250392473147,199.423050516273,180.311546648262,196.529650507537,168.538361849703,216.605536665332,211.542901561094,205.299815124459,210.09568754288,210.785776165293,193.106172310798,203.663770586722,217.566633002582,191.600680383759,212.549720555187,213.460268838421,192.407897228488,243.21913280175,207.761808604225,211.899461030291,214.44041474105,203.447891759697,236.199448562903,197.740894598128,278.583225965213,197.666744645956,216.028623422263,201.253034893838,213.864553952816,263.103113583648,202.935528267105,210.403920300352,199.77756178654,216.873162730316,216.388378057454,226.571623179691,203.67197958902,195.888372851212,196.545082886969,225.691511535888,208.328289590871,218.664695363744,184.51468226237,170.209648995521,225.630486491634,192.528275676421,174.7074637699,203.818906119342,198.644580026661,211.066145150492,202.250392473147,199.423050516273
