236.282323556031,208.264681820352,201.088154125223,150.389551110632,179.453186258628,197.432107927529,203.215928092559,200.448539048715,188.75662903722,196.278046241583,181.382913058583,194.38253506713,162.207557006043,183.265155203381,195.629273301435,206.94954897787,208.032775510297,179.040339637141,177.309541085598,172.856519559731,171.357175376508,195.222015963031,179.25013168907,179.689348065804,166.376549626453,180.215819298628,170.196680293635,170.255542273603,176.176227621716,155.871140065005,172.608132844903,172.366852406361,175.81131222169,200.758020587731,206.834239209602,179.748925715901,199.483601865337,180.920780699237,192.463553470595,183.86123677931,182.86252427467,164.935694550883,187.461725393889,184.516071707782,182.749790719877,187.754284255986,208.97206096603,177.389217044186,187.526224396054,177.944559776113,236.282323556031,208.264681820352,201.088154125223,150.389551110632,179.453186258628,197.432107927529,203.215928092559,200.448539048715,188.75662903722,196.278046241583,181.382913058583,194.38253506713,162.207557006043,183.265155203381,195.629273301435,206.94954897787,208.032775510297,179.040339637141,177.309541085598,172.856519559731,171.357175376508,195.222015963031,179.25013168907,179.689348065804,166.376549626453,180.215819298628,170.196680293635,170.255542273603,176.176227621716,155.871140065005,172.608132844903,172.366852406361,175.81131222169,200.758020587731,206.834239209602,179.748925715901,199.483601865337,180.920780699237,192.463553470595,183.86123677931,182.86252427467,164.935694550883,187.461725393889,184.516071707782,182.749790719877,187.754284255986,208.97206096603,177.389217044186,187.526224396054,177.944559776113
208.264681326195,295.882658345365,246.065839296004,185.660590408402,229.67755664644,236.761934883821,230.264433807231,241.746642905809,213.658115907739,235.843211118295,217.401371947542,215.515461547272,199.478177634593,217.896283782919,248.49582511091,261.028802934494,254.145583903235,226.782511699098,198.489561957233,221.858346793418,225.036680280331,235.368312553607,220.55171234583,218.190129868062,221.287182332795,227.999104739993,231.393203104124,218.224993687249,229.639709406039,184.913495538958,199.820677921068,205.007613182102,221.857091275808,235.133780217897,257.660821973948,198.567057469169,243.59820461884,217.881363857363,220.795760133905,223.198665426267,249.07170880588,211.185874573794,230.434889623655,218.408491807609,229.153445598745,247.80620832999,243.271655595657,222.855537161547,221.369840342154,214.685596277196,208.264681326195,295.882658345365,246.065839296004,185.660590408402,229.67755664644,236.761934883821,230.264433807231,241.746642905809,213.658115907739,235.843211118295,217.401371947542,215.515461547272,199.478177634593,217.896283782919,248.49582511091,261.028802934494,254.145583903235,226.782511699098,198.489561957233,221.858346793418,225.036680280331,235.368312553607,220.55171234583,218.190129868062,221.287182332795,227.999104739993,231.393203104124,218.224993687249,229.639709406039,184.913495538958,199.820677921068,205.007613182102,221.857091275808,235.133780217897,257.660821973948,198.567057469169,243.59820461884,217.881363857363,220.795760133905,223.198665426267,249.07170880588,211.185874573794,230.434889623655,218.408491807609,229.153445598745,247.80620832999,243.271655595657,222.855537161547,221.369840342154,214.685596277196
201.088153631065,246.065839296004,300.918640988462,174.814797141779,209.772232753177,236.469915146478,217.731471895637,235.166441265263,206.544637346642,208.010513724681,207.713142203575,202.641595182966,201.523368416113,216.540703353458,200.512260691341,230.874051133269,250.717278434472,226.619595374931,210.616729994047,209.063209680346,214.267454537992,216.168341841295,204.080933734265,217.264793724324,210.239804990182,229.304787178786,219.753838550517,210.506348822376,213.000167869041,180.742378210845,199.736376257986,222.978144801598,209.276757453912,220.660494276065,262.263843917196,199.212341750344,223.115008104896,216.440127391016,213.524393006808,203.368517272599,225.254316319514,200.318175078966,230.600637426785,194.533602445714,220.053156552981,229.681558094405,231.903894805613,214.303848296728,218.780292783218,204.978448574437,201.088153631065,246.065839296004,300.918640988462,174.814797141779,209.772232753177,236.469915146478,217.731471895637,235.166441265263,206.544637346642,208.010513724681,207.713142203575,202.641595182966,201.523368416113,216.540703353458,200.512260691341,230.874051133269,250.717278434472,226.619595374931,210.616729994047,209.063209680346,214.267454537992,216.168341841295,204.080933734265,217.264793724324,210.239804990182,229.304787178786,219.753838550517,210.506348822376,213.000167869041,180.742378210845,199.736376257986,222.978144801598,209.276757453912,220.660494276065,262.263843917196,199.212341750344,223.115008104896,216.440127391016,213.524393006808,203.368517272599,225.254316319514,200.318175078966,230.600637426785,194.533602445714,220.053156552981,229.681558094405,231.903894805613,214.303848296728,218.780292783218,204.978448574437
150.389550616475,185.660590408402,174.814797141779,180.173298917244,150.424978988482,171.423399449101,174.574779303888,166.124176568963,160.279250384986,163.092734827332,161.449730660469,150.640070500035,141.000885779075,166.560595541943,151.207853762278,184.766859455018,167.605407643234,177.154563469462,136.974472638914,150.877228192178,145.416449420307,161.168789589914,161.063971416867,159.280226299719,152.383172450765,152.481648611802,159.808946141794,151.407803183848,158.227507563144,120.400742748931,134.948644135297,138.139719418067,158.679904220679,160.237106158135,173.965101323359,131.107581410171,179.665689896638,156.912026178842,164.817008586591,158.64491732822,151.411445059565,143.468294252326,173.614088446528,147.053363676626,148.325324495375,180.268254745858,182.586618749613,146.484015917892,161.968718968281,135.437140942011,150.389550616475,185.660590408402,174.814797141779,180.173298917244,150.424978988482,171.423399449101,174.574779303888,166.124176568963,160.279250384986,163.092734827332,161.449730660469,150.640070500035,141.000885779075,166.560595541943,151.207853762278,184.766859455018,167.605407643234,177.154563469462,136.974472638914,150.877228192178,145.416449420307,161.168789589914,161.063971416867,159.280226299719,152.383172450765,152.481648611802,159.808946141794,151.407803183848,158.227507563144,120.400742748931,134.948644135297,138.139719418067,158.679904220679,160.237106158135,173.965101323359,131.107581410171,179.665689896638,156.912026178842,164.817008586591,158.64491732822,151.411445059565,143.468294252326,173.614088446528,147.053363676626,148.325324495375,180.268254745858,182.586618749613,146.484015917892,161.968718968281,135.437140942011
179.453185764471,229.67755664644,209.772232753177,150.424978988482,240.817208791528,215.696232718544,208.897145239981,204.912495558146,178.913461383048,195.990416651893,183.616515216899,183.98579686278,177.977187670233,182.519014919428,195.390507792195,214.881633235513,230.797432359,186.550967589257,183.197636511052,192.51996860847,193.57568939552,198.800929159049,199.814686653216,175.688005330577,187.930699724472,200.853541284343,180.224392182808,181.620532569396,201.217905437384,160.100848572339,176.852543006023,175.961904292731,197.928617977515,203.075530596777,216.836072274093,174.789840313676,220.761616367758,196.217141201177,188.640120377753,182.126431202559,202.627819320476,177.150096968201,198.335775997932,171.324682404663,196.770462028802,202.725610147803,222.296701927614,195.99223219106,203.605672666948,192.053660522618,179.453185764471,229.67755664644,209.772232753177,150.424978988482,240.817208791528,215.696232718544,208.897145239981,204.912495558146,178.913461383048,195.990416651893,183.616515216899,183.98579686278,177.977187670233,182.519014919428,195.390507792195,214.881633235513,230.797432359,186.550967589257,183.197636511052,192.51996860847,193.57568939552,198.800929159049,199.814686653216,175.688005330577,187.930699724472,200.853541284343,180.224392182808,181.620532569396,201.217905437384,160.100848572339,176.852543006023,175.961904292731,197.928617977515,203.075530596777,216.836072274093,174.789840313676,220.761616367758,196.217141201177,188.640120377753,182.126431202559,202.627819320476,177.150096968201,198.335775997932,171.324682404663,196.770462028802,202.725610147803,222.296701927614,195.99223219106,203.605672666948,192.053660522618
197.432107433372,236.761934883821,236.469915146478,171.423399449101,215.696232718544,268.581411925406,206.622146740666,226.407211492446,200.493192498835,195.409143320831,193.735156519369,197.181151845527,181.725013295817,206.61269615955,197.807385397453,215.811298516709,240.0526158973,203.252816569685,198.652007432174,188.01825523455,191.393898069275,217.750959866877,203.135345639016,205.411190238489,199.70552560873,209.415240287061,203.374805584808,192.781279008271,220.492655607722,170.961350849153,185.171359420761,194.103926098415,197.513532872311,214.826340930984,228.88160680948,188.251528256562,230.351857723911,197.731170570774,206.085097793616,198.673348946528,202.167500721766,193.451453916779,228.147408294506,198.177215569917,215.632824995967,216.049128833633,229.769572036034,213.964514012215,214.452761184895,197.580267787389,197.432107433372,236.761934883821,236.469915146478,171.423399449101,215.696232718544,268.581411925406,206.622146740666,226.407211492446,200.493192498835,195.409143320831,193.735156519369,197.181151845527,181.725013295817,206.61269615955,197.807385397453,215.811298516709,240.0526158973,203.252816569685,198.652007432174,188.01825523455,191.393898069275,217.750959866877,203.135345639016,205.411190238489,199.70552560873,209.415240287061,203.374805584808,192.781279008271,220.492655607722,170.961350849153,185.171359420761,194.103926098415,197.513532872311,214.826340930984,228.88160680948,188.251528256562,230.351857723911,197.731170570774,206.085097793616,198.673348946528,202.167500721766,193.451453916779,228.147408294506,198.177215569917,215.632824995967,216.049128833633,229.769572036034,213.964514012215,214.452761184895,197.580267787389
203.215927598401,230.264433807231,217.731471895637,174.574779303888,208.897145239981,206.622146740666,269.780130341773,207.719918847246,186.553462062629,214.045807658165,189.092120385911,203.556081156781,190.766983682532,204.500435059394,208.985691063214,220.814257124552,233.879182026681,205.769026632805,181.240860991123,193.983852308796,196.326018508106,199.753080041903,208.203773975254,189.147693012807,195.193550373059,208.882684578173,198.010933293563,180.33201893658,207.879428706299,167.868096611659,174.497011242089,180.771402907155,204.89719644101,198.610049475611,220.219709587927,182.791375453978,216.905675715078,195.782761712035,205.637377306141,190.228429096749,200.115435469173,164.548376308062,194.530674217695,192.895915503296,189.096964055348,217.120309731562,226.72152650923,199.457470843997,216.063778964814,196.390048468502,203.215927598401,230.264433807231,217.731471895637,174.574779303888,208.897145239981,206.622146740666,269.780130341773,207.719918847246,186.553462062629,214.045807658165,189.092120385911,203.556081156781,190.766983682532,204.500435059394,208.985691063214,220.814257124552,233.879182026681,205.769026632805,181.240860991123,193.983852308796,196.326018508106,199.753080041903,208.203773975254,189.147693012807,195.193550373059,208.882684578173,198.010933293563,180.33201893658,207.879428706299,167.868096611659,174.497011242089,180.771402907155,204.89719644101,198.610049475611,220.219709587927,182.791375453978,216.905675715078,195.782761712035,205.637377306141,190.228429096749,200.115435469173,164.548376308062,194.530674217695,192.895915503296,189.096964055348,217.120309731562,226.72152650923,199.457470843997,216.063778964814,196.390048468502
200.448538554558,241.746642905809,235.166441265263,166.124176568963,204.912495558146,226.407211492446,207.719918847246,260.405682065832,193.188397660271,212.999909950027,197.65320084584,193.232552350617,184.722161322115,208.685753126515,206.167284026723,230.226339716768,242.166424618865,210.247278113654,199.9375367253,203.52761813713,202.502885467408,220.497384584112,204.537992966417,197.283830255511,204.211736239209,201.42538913201,212.403459737261,198.654036751734,188.579155796212,151.497599580794,196.559040651936,192.748997883277,208.633562908468,209.491405554651,228.115059500268,200.126136078315,220.801748661412,214.967531262038,200.724658511197,207.375154500325,215.88710949826,191.933020610253,223.898003836992,198.020315825796,205.309929766959,217.696511633423,227.234701334481,204.747996662103,208.244808447376,204.599358634585,200.448538554558,241.746642905809,235.166441265263,166.124176568963,204.912495558146,226.407211492446,207.719918847246,260.405682065832,193.188397660271,212.999909950027,197.65320084584,193.232552350617,184.722161322115,208.685753126515,206.167284026723,230.226339716768,242.166424618865,210.247278113654,199.9375367253,203.52761813713,202.502885467408,220.497384584112,204.537992966417,197.283830255511,204.211736239209,201.42538913201,212.403459737261,198.654036751734,188.579155796212,151.497599580794,196.559040651936,192.748997883277,208.633562908468,209.491405554651,228.115059500268,200.126136078315,220.801748661412,214.967531262038,200.724658511197,207.375154500325,215.88710949826,191.933020610253,223.898003836992,198.020315825796,205.309929766959,217.696511633423,227.234701334481,204.747996662103,208.244808447376,204.599358634585
188.756628543063,213.658115907739,206.544637346642,160.279250384986,178.913461383048,200.493192498835,186.553462062629,193.188397660271,216.365955298185,179.907365116443,190.437479091337,181.620990689706,170.693647504224,185.927972201759,191.174944080559,220.370865765439,210.663491706155,182.31008710417,176.350040519667,181.812541784521,169.135137349597,186.706390413811,184.456639523719,179.668058737057,166.275493796266,187.97594910505,185.538953452459,177.05820467253,172.064871610511,153.029415187338,166.687617803201,179.217481184043,190.477828744547,191.767961005825,216.555743745588,178.90945784191,202.069546953378,186.706823162129,182.011883504644,176.722461181273,200.240336557124,171.346809531922,190.248215059382,182.239276983562,183.320666109328,199.982070306482,205.802266289636,191.775166898552,186.597788060612,170.974825594931,188.756628543063,213.658115907739,206.544637346642,160.279250384986,178.913461383048,200.493192498835,186.553462062629,193.188397660271,216.365955298185,179.907365116443,190.437479091337,181.620990689706,170.693647504224,185.927972201759,191.174944080559,220.370865765439,210.663491706155,182.31008710417,176.350040519667,181.812541784521,169.135137349597,186.706390413811,184.456639523719,179.668058737057,166.275493796266,187.97594910505,185.538953452459,177.05820467253,172.064871610511,153.029415187338,166.687617803201,179.217481184043,190.477828744547,191.767961005825,216.555743745588,178.90945784191,202.069546953378,186.706823162129,182.011883504644,176.722461181273,200.240336557124,171.346809531922,190.248215059382,182.239276983562,183.320666109328,199.982070306482,205.802266289636,191.775166898552,186.597788060612,170.974825594931
196.278045747426,235.843211118295,208.010513724681,163.092734827332,195.990416651893,195.409143320831,214.045807658165,212.999909950027,179.907365116443,250.865679978109,195.074825659086,199.077683176965,183.266709045379,189.908602157368,206.10106164918,225.676191611885,235.168995402252,202.569950772703,185.945194345946,196.8202837283,205.730594332229,207.605712537172,196.735237075676,198.961120413487,195.087347771375,203.316204998989,211.81904344541,198.004394728644,199.697233460249,158.642867991592,186.919777849758,194.77870552885,209.002741018925,204.669467713379,215.250465647279,184.344633708868,212.836714007075,199.44893843493,199.233827169001,201.022377016852,203.555242399616,183.181145669065,206.170765123591,196.49583348269,198.222372447272,200.408050678895,223.568779088146,199.064985300324,207.37358370191,200.092894155325,196.278045747426,235.843211118295,208.010513724681,163.092734827332,195.990416651893,195.409143320831,214.045807658165,212.999909950027,179.907365116443,250.865679978109,195.074825659086,199.077683176965,183.266709045379,189.908602157368,206.10106164918,225.676191611885,235.168995402252,202.569950772703,185.945194345946,196.8202837283,205.730594332229,207.605712537172,196.735237075676,198.961120413487,195.087347771375,203.316204998989,211.81904344541,198.004394728644,199.697233460249,158.642867991592,186.919777849758,194.77870552885,209.002741018925,204.669467713379,215.250465647279,184.344633708868,212.836714007075,199.44893843493,199.233827169001,201.022377016852,203.555242399616,183.181145669065,206.170765123591,196.49583348269,198.222372447272,200.408050678895,223.568779088146,199.064985300324,207.37358370191,200.092894155325
181.382912564425,217.401371947542,207.713142203575,161.449730660469,183.616515216899,193.735156519369,189.092120385911,197.65320084584,190.437479091337,195.074825659086,228.603653098599,185.824876260896,176.129811805674,170.873552928751,201.78587048744,219.740335323845,224.584423295918,197.321270849777,183.044418781624,180.312600259382,177.168733737927,195.463632059095,188.057839766883,188.211626503512,189.921282059842,187.400940883797,191.774867646626,177.183674122278,185.993703064466,158.273394103341,174.825937800494,187.697427905219,199.080434132272,202.273960302543,227.365830327714,166.854341281555,208.634640523949,194.189277893704,198.852338804537,191.196426004466,193.508544777838,161.728994602329,200.909308467998,173.829170560662,174.199980384946,210.030772198739,215.845482236286,173.454590011658,190.285908839897,170.839712303862,181.382912564425,217.401371947542,207.713142203575,161.449730660469,183.616515216899,193.735156519369,189.092120385911,197.65320084584,190.437479091337,195.074825659086,228.603653098599,185.824876260896,176.129811805674,170.873552928751,201.78587048744,219.740335323845,224.584423295918,197.321270849777,183.044418781624,180.312600259382,177.168733737927,195.463632059095,188.057839766883,188.211626503512,189.921282059842,187.400940883797,191.774867646626,177.183674122278,185.993703064466,158.273394103341,174.825937800494,187.697427905219,199.080434132272,202.273960302543,227.365830327714,166.854341281555,208.634640523949,194.189277893704,198.852338804537,191.196426004466,193.508544777838,161.728994602329,200.909308467998,173.829170560662,174.199980384946,210.030772198739,215.845482236286,173.454590011658,190.285908839897,170.839712303862
194.382534572973,215.515461547272,202.641595182966,150.640070500035,183.98579686278,197.181151845527,203.556081156781,193.232552350617,181.620990689706,199.077683176965,185.824876260896,215.582247963374,179.618453133738,187.42833875335,190.895039660922,212.866320804773,227.545384095587,185.572934546209,169.570467668186,179.252971528473,182.198729855817,193.679306234139,185.154869035103,184.462495603606,177.006328804995,184.557815189943,185.065453617792,175.688095587843,185.173783741797,163.65547255903,174.496896829703,175.457202021143,192.363944840163,201.519613452892,199.4443673377,167.220735280503,195.292822622929,189.017403644479,189.137664953131,176.016246569606,194.158399971835,169.053163503885,182.446564892323,187.828055474687,182.898851046164,199.998805159086,213.04227761053,172.894489134743,195.686589485872,178.182118967076,194.382534572973,215.515461547272,202.641595182966,150.640070500035,183.98579686278,197.181151845527,203.556081156781,193.232552350617,181.620990689706,199.077683176965,185.824876260896,215.582247963374,179.618453133738,187.42833875335,190.895039660922,212.866320804773,227.545384095587,185.572934546209,169.570467668186,179.252971528473,182.198729855817,193.679306234139,185.154869035103,184.462495603606,177.006328804995,184.557815189943,185.065453617792,175.688095587843,185.173783741797,163.65547255903,174.496896829703,175.457202021143,192.363944840163,201.519613452892,199.4443673377,167.220735280503,195.292822622929,189.017403644479,189.137664953131,176.016246569606,194.158399971835,169.053163503885,182.446564892323,187.828055474687,182.898851046164,199.998805159086,213.04227761053,172.894489134743,195.686589485872,178.182118967076
162.207556511886,199.478177634593,201.523368416113,141.000885779075,177.977187670233,181.725013295817,190.766983682532,184.722161322115,170.693647504224,183.266709045379,176.129811805674,179.618453133738,218.082666046239,183.004645257564,169.191622411349,191.916379763449,204.013754683273,193.385778116738,177.463507433259,178.097361353768,171.959902843537,168.880171418814,184.752821143725,170.414325392712,176.637398834016,181.596708524467,178.743423783133,174.501513350666,166.915470061225,152.31086436015,155.266517459555,165.407075498576,180.44140058587,179.926726289908,195.780688027417,167.149502899458,184.920125854693,174.891552926448,180.134540214052,178.184923314031,190.002467472472,148.204349371345,181.793398929028,172.547461960956,167.249778802905,207.376017892397,206.185833609867,172.991788031004,193.472710125814,186.820714685885,162.207556511886,199.478177634593,201.523368416113,141.000885779075,177.977187670233,181.725013295817,190.766983682532,184.722161322115,170.693647504224,183.266709045379,176.129811805674,179.618453133738,218.082666046239,183.004645257564,169.191622411349,191.916379763449,204.013754683273,193.385778116738,177.463507433259,178.097361353768,171.959902843537,168.880171418814,184.752821143725,170.414325392712,176.637398834016,181.596708524467,178.743423783133,174.501513350666,166.915470061225,152.31086436015,155.266517459555,165.407075498576,180.44140058587,179.926726289908,195.780688027417,167.149502899458,184.920125854693,174.891552926448,180.134540214052,178.184923314031,190.002467472472,148.204349371345,181.793398929028,172.547461960956,167.249778802905,207.376017892397,206.185833609867,172.991788031004,193.472710125814,186.820714685885
183.265154709224,217.896283782919,216.540703353458,166.560595541943,182.519014919428,206.61269615955,204.500435059394,208.685753126515,185.927972201759,189.908602157368,170.873552928751,187.42833875335,183.004645257564,255.516505806746,189.088842305592,201.940412744391,224.268821932799,201.465808594143,183.111893652267,193.064417017602,185.267239458449,189.612065359943,186.045332704613,198.29272427917,191.331599270705,204.632410908297,201.610890390261,195.789563339181,177.253078971872,157.658623460459,177.328751297344,172.828811105072,184.970368643489,193.12519256539,203.361108070041,166.815066994817,192.083782475391,194.381363248452,191.060340395847,176.469527193691,195.613790371446,175.573920856015,201.413104879887,189.952899537783,199.880823109466,222.638270300764,208.184112597524,190.236545058032,201.164002384022,196.719088556903,183.265154709224,217.896283782919,216.540703353458,166.560595541943,182.519014919428,206.61269615955,204.500435059394,208.685753126515,185.927972201759,189.908602157368,170.873552928751,187.42833875335,183.004645257564,255.516505806746,189.088842305592,201.940412744391,224.268821932799,201.465808594143,183.111893652267,193.064417017602,185.267239458449,189.612065359943,186.045332704613,198.29272427917,191.331599270705,204.632410908297,201.610890390261,195.789563339181,177.253078971872,157.658623460459,177.328751297344,172.828811105072,184.970368643489,193.12519256539,203.361108070041,166.815066994817,192.083782475391,194.381363248452,191.060340395847,176.469527193691,195.613790371446,175.573920856015,201.413104879887,189.952899537783,199.880823109466,222.638270300764,208.184112597524,190.236545058032,201.164002384022,196.719088556903
195.629272807278,248.49582511091,200.512260691341,151.207853762278,195.390507792195,197.807385397453,208.985691063214,206.167284026723,191.174944080559,206.10106164918,201.78587048744,190.895039660922,169.191622411349,189.088842305592,256.268008605476,220.465148025789,246.94141363133,187.794605847457,180.37521943201,189.433881915343,181.123750928967,209.259070431286,187.853315454186,182.581780688344,190.79087752822,205.405741656054,213.949975202261,193.962727912491,193.84313770866,170.32950986093,182.899474749741,184.910818653163,195.655497007134,205.346481828211,228.027108984347,169.983181834949,210.812308682965,194.463524773224,200.331630321299,196.59767761363,210.401325330318,176.491073506407,200.528686257594,190.880580751626,196.073265408625,216.658075371919,206.859550461535,190.268584349096,195.712270341294,185.725195525628,195.629272807278,248.49582511091,200.512260691341,151.207853762278,195.390507792195,197.807385397453,208.985691063214,206.167284026723,191.174944080559,206.10106164918,201.78587048744,190.895039660922,169.191622411349,189.088842305592,256.268008605476,220.465148025789,246.94141363133,187.794605847457,180.37521943201,189.433881915343,181.123750928967,209.259070431286,187.853315454186,182.581780688344,190.79087752822,205.405741656054,213.949975202261,193.962727912491,193.84313770866,170.32950986093,182.899474749741,184.910818653163,195.655497007134,205.346481828211,228.027108984347,169.983181834949,210.812308682965,194.463524773224,200.331630321299,196.59767761363,210.401325330318,176.491073506407,200.528686257594,190.880580751626,196.073265408625,216.658075371919,206.859550461535,190.268584349096,195.712270341294,185.725195525628
206.949548483713,261.028802934494,230.874051133269,184.766859455018,214.881633235513,215.811298516709,220.814257124552,230.226339716768,220.370865765439,225.676191611885,219.740335323845,212.866320804773,191.916379763449,201.940412744391,220.465148025789,304.807162223232,255.476474505845,228.127090530696,196.667163987643,221.210890562854,205.536452502106,208.441877648272,204.212497907286,212.623347927964,214.260638616605,212.174799105031,210.680481847391,203.370930245266,201.667274089226,173.255415522614,188.699236140765,200.741504939148,226.749098510631,225.616215451715,250.003875584884,193.705610132743,237.726361821976,220.840130169826,211.888836477338,196.782539124753,234.705243427949,189.928228401567,210.55046779106,209.576089250948,213.889342701291,249.816092794302,252.120136635751,216.078541029615,216.851235243898,200.802165055419,206.949548483713,261.028802934494,230.874051133269,184.766859455018,214.881633235513,215.811298516709,220.814257124552,230.226339716768,220.370865765439,225.676191611885,219.740335323845,212.866320804773,191.916379763449,201.940412744391,220.465148025789,304.807162223232,255.476474505845,228.127090530696,196.667163987643,221.210890562854,205.536452502106,208.441877648272,204.212497907286,212.623347927964,214.260638616605,212.174799105031,210.680481847391,203.370930245266,201.667274089226,173.255415522614,188.699236140765,200.741504939148,226.749098510631,225.616215451715,250.003875584884,193.705610132743,237.726361821976,220.840130169826,211.888836477338,196.782539124753,234.705243427949,189.928228401567,210.55046779106,209.576089250948,213.889342701291,249.816092794302,252.120136635751,216.078541029615,216.851235243898,200.802165055419
208.03277501614,254.145583903235,250.717278434472,167.605407643234,230.797432359,240.0526158973,233.879182026681,242.166424618865,210.663491706155,235.168995402252,224.584423295918,227.545384095587,204.013754683273,224.268821932799,246.94141363133,255.476474505845,340.367426105743,226.106103554318,227.925177671207,225.725041728503,207.618104772336,248.849662875955,210.940712396236,232.520866659914,227.092479842499,246.623395547456,243.248915085481,220.995775693681,226.880435795499,199.94737382536,223.507435927088,234.48992686331,225.503855094739,232.483952205664,252.683209753985,206.998403184798,238.139847840549,247.816666580204,230.471889243404,198.21458022717,230.879123473885,201.990095982871,248.485073203907,210.947808237735,225.43680624393,244.406841538038,248.626953004841,231.559442517777,244.497877307487,230.044240706277,208.03277501614,254.145583903235,250.717278434472,167.605407643234,230.797432359,240.0526158973,233.879182026681,242.166424618865,210.663491706155,235.168995402252,224.584423295918,227.545384095587,204.013754683273,224.268821932799,246.94141363133,255.476474505845,340.367426105743,226.106103554318,227.925177671207,225.725041728503,207.618104772336,248.849662875955,210.940712396236,232.520866659914,227.092479842499,246.623395547456,243.248915085481,220.995775693681,226.880435795499,199.94737382536,223.507435927088,234.48992686331,225.503855094739,232.483952205664,252.683209753985,206.998403184798,238.139847840549,247.816666580204,230.471889243404,198.21458022717,230.879123473885,201.990095982871,248.485073203907,210.947808237735,225.43680624393,244.406841538038,248.626953004841,231.559442517777,244.497877307487,230.044240706277
179.040339142983,226.782511699098,226.619595374931,177.154563469462,186.550967589257,203.252816569685,205.769026632805,210.247278113654,182.31008710417,202.569950772703,197.321270849777,185.572934546209,193.385778116738,201.465808594143,187.794605847457,228.127090530696,226.106103554318,250.749250097614,191.685349324142,202.439987630174,186.763782758123,204.615199803281,185.931736055724,202.767624937593,196.532051697275,189.636884208595,201.635466736182,195.507155379543,193.355547241341,157.024669593379,170.70192088142,190.782798715476,193.093676458293,193.877903858514,225.976133561417,179.753127899377,215.172366014467,193.294471202055,189.20035438026,183.913821356284,187.161568546243,174.706423785201,199.481410640538,178.577612020477,186.350958403956,214.022126277629,213.34684793465,188.400056997015,196.20178628512,180.099388208195,179.040339142983,226.782511699098,226.619595374931,177.154563469462,186.550967589257,203.252816569685,205.769026632805,210.247278113654,182.31008710417,202.569950772703,197.321270849777,185.572934546209,193.385778116738,201.465808594143,187.794605847457,228.127090530696,226.106103554318,250.749250097614,191.685349324142,202.439987630174,186.763782758123,204.615199803281,185.931736055724,202.767624937593,196.532051697275,189.636884208595,201.635466736182,195.507155379543,193.355547241341,157.024669593379,170.70192088142,190.782798715476,193.093676458293,193.877903858514,225.976133561417,179.753127899377,215.172366014467,193.294471202055,189.20035438026,183.913821356284,187.161568546243,174.706423785201,199.481410640538,178.577612020477,186.350958403956,214.022126277629,213.34684793465,188.400056997015,196.20178628512,180.099388208195
177.309540591441,198.489561957233,210.616729994047,136.974472638914,183.197636511052,198.652007432174,181.240860991123,199.9375367253,176.350040519667,185.945194345946,183.044418781624,169.570467668186,177.463507433259,183.111893652267,180.37521943201,196.667163987643,227.925177671207,191.685349324142,225.424380013785,179.600039295176,167.855218864021,186.755672830389,180.382911484206,177.996063879995,183.074411869581,202.094409458243,192.01675176557,182.142477665347,182.49626721392,138.537338890087,167.835473419639,190.765118157153,172.771838406261,183.319449390345,214.233730390446,165.347497280728,195.916937054723,192.921346447978,178.32079848493,183.615304491848,182.930887650526,170.441014900152,198.417037933891,169.606767842722,171.007719984841,198.512666426546,199.701605537736,188.259769767058,183.815128604935,179.085502408899,177.309540591441,198.489561957233,210.616729994047,136.974472638914,183.197636511052,198.652007432174,181.240860991123,199.9375367253,176.350040519667,185.945194345946,183.044418781624,169.570467668186,177.463507433259,183.111893652267,180.37521943201,196.667163987643,227.925177671207,191.685349324142,225.424380013785,179.600039295176,167.855218864021,186.755672830389,180.382911484206,177.996063879995,183.074411869581,202.094409458243,192.01675176557,182.142477665347,182.49626721392,138.537338890087,167.835473419639,190.765118157153,172.771838406261,183.319449390345,214.233730390446,165.347497280728,195.916937054723,192.921346447978,178.32079848493,183.615304491848,182.930887650526,170.441014900152,198.417037933891,169.606767842722,171.007719984841,198.512666426546,199.701605537736,188.259769767058,183.815128604935,179.085502408899
172.856519065574,221.858346793418,209.063209680346,150.877228192178,192.51996860847,188.01825523455,193.983852308796,203.52761813713,181.812541784521,196.8202837283,180.312600259382,179.252971528473,178.097361353768,193.064417017602,189.433881915343,221.210890562854,225.725041728503,202.439987630174,179.600039295176,248.126141476959,186.874555855627,197.221503970193,185.947177697232,177.391631157852,190.96412429511,199.233242299118,183.671810538405,191.189460279141,183.712386894654,151.474898457638,169.170354596964,170.056473037367,192.643937858012,197.263626660366,224.201622817645,170.334658122353,203.352971191994,186.811678760579,169.561426877172,170.266471624435,201.730126552114,168.291879604215,177.723820672651,168.364439796426,179.451071247422,194.40926288332,201.89110752155,190.290249400145,182.87108991347,187.433163467126,172.856519065574,221.858346793418,209.063209680346,150.877228192178,192.51996860847,188.01825523455,193.983852308796,203.52761813713,181.812541784521,196.8202837283,180.312600259382,179.252971528473,178.097361353768,193.064417017602,189.433881915343,221.210890562854,225.725041728503,202.439987630174,179.600039295176,248.126141476959,186.874555855627,197.221503970193,185.947177697232,177.391631157852,190.96412429511,199.233242299118,183.671810538405,191.189460279141,183.712386894654,151.474898457638,169.170354596964,170.056473037367,192.643937858012,197.263626660366,224.201622817645,170.334658122353,203.352971191994,186.811678760579,169.561426877172,170.266471624435,201.730126552114,168.291879604215,177.723820672651,168.364439796426,179.451071247422,194.40926288332,201.89110752155,190.290249400145,182.87108991347,187.433163467126
171.35717488235,225.036680280331,214.267454537992,145.416449420307,193.57568939552,191.393898069275,196.326018508106,202.502885467408,169.135137349597,205.730594332229,177.168733737927,182.198729855817,171.959902843537,185.267239458449,181.123750928967,205.536452502106,207.618104772336,186.763782758123,167.855218864021,186.874555855627,233.264129519371,189.583517997975,186.560420379181,173.796460629022,189.606745211329,184.614369453495,169.057706258655,175.671710454183,187.349269073435,141.156330280056,170.903436659013,183.846819013144,182.988048114986,198.478577664054,220.996148929314,175.179769060733,186.271881728857,191.682120698304,179.596285825227,172.190350718432,191.282164970879,179.771724162565,182.486621727883,157.935930426368,175.769305838966,200.145950385807,208.710306451498,189.705534438079,192.987511691908,183.193232244935,171.35717488235,225.036680280331,214.267454537992,145.416449420307,193.57568939552,191.393898069275,196.326018508106,202.502885467408,169.135137349597,205.730594332229,177.168733737927,182.198729855817,171.959902843537,185.267239458449,181.123750928967,205.536452502106,207.618104772336,186.763782758123,167.855218864021,186.874555855627,233.264129519371,189.583517997975,186.560420379181,173.796460629022,189.606745211329,184.614369453495,169.057706258655,175.671710454183,187.349269073435,141.156330280056,170.903436659013,183.846819013144,182.988048114986,198.478577664054,220.996148929314,175.179769060733,186.271881728857,191.682120698304,179.596285825227,172.190350718432,191.282164970879,179.771724162565,182.486621727883,157.935930426368,175.769305838966,200.145950385807,208.710306451498,189.705534438079,192.987511691908,183.193232244935
195.222015468874,235.368312553607,216.168341841295,161.168789589914,198.800929159049,217.750959866877,199.753080041903,220.497384584112,186.706390413811,207.605712537172,195.463632059095,193.679306234139,168.880171418814,189.612065359943,209.259070431286,208.441877648272,248.849662875955,204.615199803281,186.755672830389,197.221503970193,189.583517997975,265.560747109007,202.580923025553,203.5483087772,182.723004984064,201.019296504521,204.271994771507,192.438406585986,203.83814995251,158.94701162538,194.439384559686,192.469682379785,198.438741116213,207.719210152817,218.383133249867,165.938572239373,207.899921976801,208.45407274082,199.525496036251,183.0614757756,183.007451679248,191.026496930784,212.911680287696,187.70460692675,190.543974008818,194.614270988934,210.453777142002,196.100961053869,192.097850039977,184.824800514225,195.222015468874,235.368312553607,216.168341841295,161.168789589914,198.800929159049,217.750959866877,199.753080041903,220.497384584112,186.706390413811,207.605712537172,195.463632059095,193.679306234139,168.880171418814,189.612065359943,209.259070431286,208.441877648272,248.849662875955,204.615199803281,186.755672830389,197.221503970193,189.583517997975,265.560747109007,202.580923025553,203.5483087772,182.723004984064,201.019296504521,204.271994771507,192.438406585986,203.83814995251,158.94701162538,194.439384559686,192.469682379785,198.438741116213,207.719210152817,218.383133249867,165.938572239373,207.899921976801,208.45407274082,199.525496036251,183.0614757756,183.007451679248,191.026496930784,212.911680287696,187.70460692675,190.543974008818,194.614270988934,210.453777142002,196.100961053869,192.097850039977,184.824800514225
179.250131194913,220.55171234583,204.080933734265,161.063971416867,199.814686653216,203.135345639016,208.203773975254,204.537992966417,184.456639523719,196.735237075676,188.057839766883,185.154869035103,184.752821143725,186.045332704613,187.853315454186,204.212497907286,210.940712396236,185.931736055724,180.382911484206,185.947177697232,186.560420379181,202.580923025553,232.189194984594,176.473220585543,175.356741996298,183.775982253451,186.686906184561,177.21378673496,186.471829064428,144.660701672136,178.966068345036,174.535591684625,191.529686758861,197.347444218689,203.349544843881,166.063571699863,204.96743031891,183.669098786677,193.875667247095,180.686025535142,184.401385002731,179.816686989448,198.122200926924,188.466035835424,177.739174139516,209.469948208493,213.565009854409,188.617245541314,195.181364641068,177.358763609982,179.250131194913,220.55171234583,204.080933734265,161.063971416867,199.814686653216,203.135345639016,208.203773975254,204.537992966417,184.456639523719,196.735237075676,188.057839766883,185.154869035103,184.752821143725,186.045332704613,187.853315454186,204.212497907286,210.940712396236,185.931736055724,180.382911484206,185.947177697232,186.560420379181,202.580923025553,232.189194984594,176.473220585543,175.356741996298,183.775982253451,186.686906184561,177.21378673496,186.471829064428,144.660701672136,178.966068345036,174.535591684625,191.529686758861,197.347444218689,203.349544843881,166.063571699863,204.96743031891,183.669098786677,193.875667247095,180.686025535142,184.401385002731,179.816686989448,198.122200926924,188.466035835424,177.739174139516,209.469948208493,213.565009854409,188.617245541314,195.181364641068,177.358763609982
