107.802781945757,73.2083140934235,80.0414675372286,96.9236652043264,83.2588248070622,83.1491340111841,84.2065757817772,73.1275941451077,72.7268187139817,75.5649390227892,58.7849961590512,82.5290201882896,88.9177096837739,89.1436222998124,96.0500649724247,81.0616290434503,91.0737906471338,69.7593460106847,71.6598642963264,62.204883629975,64.7814175220712,72.2167956069513,82.440293709752,72.9814130180874,87.3703386720744,107.802781945757,73.2083140934235,80.0414675372286,96.9236652043264,83.2588248070622,83.1491340111841,84.2065757817772,73.1275941451077,72.7268187139817,75.5649390227892,58.7849961590512,82.5290201882896,88.9177096837739,89.1436222998124,96.0500649724247,81.0616290434503,91.0737906471338,69.7593460106847,71.6598642963264,62.204883629975,64.7814175220712,72.2167956069513,82.440293709752,72.9814130180874,87.3703386720744
73.2081493972158,114.903329194209,90.4088152129761,83.018915554427,101.775566901689,87.2718013459686,84.1348547938262,69.7551301980768,78.5279685421503,79.1234218398503,67.3563901520471,91.5857568050967,101.771879830764,101.516884355096,86.6715025966353,77.6717754178587,93.9695583721835,78.3088207683669,68.4219360854694,70.3280993934525,69.8069795935691,73.8021236484108,88.8227362657522,91.0569044463991,92.0019266309352,73.2081493972158,114.903329194209,90.4088152129761,83.018915554427,101.775566901689,87.2718013459686,84.1348547938262,69.7551301980768,78.5279685421503,79.1234218398503,67.3563901520471,91.5857568050967,101.771879830764,101.516884355096,86.6715025966353,77.6717754178587,93.9695583721835,78.3088207683669,68.4219360854694,70.3280993934525,69.8069795935691,73.8021236484108,88.8227362657522,91.0569044463991,92.0019266309352
80.041302841021,90.4088152129761,96.953750075412,86.0366619177169,97.2422402386213,81.3932374193481,77.2026158385814,78.0470423711031,80.9095580915914,82.9062424131498,66.4663257157703,80.232634318123,89.6129983504135,97.0691740702532,92.4281130214167,66.898901407918,83.0803491734307,68.6515921779462,73.0340341201729,68.3245749092467,70.9671161187271,75.736997430559,90.2482365248888,84.6681785349136,86.3301906885782,80.041302841021,90.4088152129761,96.953750075412,86.0366619177169,97.2422402386213,81.3932374193481,77.2026158385814,78.0470423711031,80.9095580915914,82.9062424131498,66.4663257157703,80.232634318123,89.6129983504135,97.0691740702532,92.4281130214167,66.898901407918,83.0803491734307,68.6515921779462,73.0340341201729,68.3245749092467,70.9671161187271,75.736997430559,90.2482365248888,84.6681785349136,86.3301906885782
96.9235005081187,83.018915554427,86.0366619177169,145.013696103919,106.635304064122,103.171027123147,87.3939088318625,86.0482367916638,77.9712365215994,84.0496224398743,82.8728864918888,97.6288606916156,100.101123380551,96.6677554159014,104.46707180529,90.4435352249382,115.67403374899,77.5543024907565,91.8740616755325,77.7550919193469,73.9360293446167,77.7382602080742,87.8483204080532,105.17565552913,111.202173072626,96.9235005081187,83.018915554427,86.0366619177169,145.013696103919,106.635304064122,103.171027123147,87.3939088318625,86.0482367916638,77.9712365215994,84.0496224398743,82.8728864918888,97.6288606916156,100.101123380551,96.6677554159014,104.46707180529,90.4435352249382,115.67403374899,77.5543024907565,91.8740616755325,77.7550919193469,73.9360293446167,77.7382602080742,87.8483204080532,105.17565552913,111.202173072626
83.2586601108546,101.775566901689,97.2422402386213,106.635304064122,129.236852208695,97.9624287892958,84.9424266922648,84.8022392033119,81.8374660535386,94.8313480138508,81.5784763909603,104.857416162198,110.341885715897,106.880774604596,98.8711496662209,87.8789289150345,114.020499225717,80.6096269971743,88.6662660973001,84.9315402548158,77.1454618223639,76.4272437272792,98.8404930350746,101.789124840998,112.040219681612,83.2586601108546,101.775566901689,97.2422402386213,106.635304064122,129.236852208695,97.9624287892958,84.9424266922648,84.8022392033119,81.8374660535386,94.8313480138508,81.5784763909603,104.857416162198,110.341885715897,106.880774604596,98.8711496662209,87.8789289150345,114.020499225717,80.6096269971743,88.6662660973001,84.9315402548158,77.1454618223639,76.4272437272792,98.8404930350746,101.789124840998,112.040219681612
83.1489693149765,87.2718013459686,81.3932374193481,103.171027123147,97.9624287892958,118.067941829821,85.7090263151648,81.0834953177223,80.2396575242035,82.6175722722774,67.7107646513525,92.6636947866209,89.9855576045936,92.8631284619963,94.2335377814682,85.1176683769277,114.403855922021,72.3575580008142,77.338264321593,67.3547904278915,75.4817992692816,68.1970211019045,80.7167779254265,89.2880427234112,95.3032006336488,83.1489693149765,87.2718013459686,81.3932374193481,103.171027123147,97.9624287892958,118.067941829821,85.7090263151648,81.0834953177223,80.2396575242035,82.6175722722774,67.7107646513525,92.6636947866209,89.9855576045936,92.8631284619963,94.2335377814682,85.1176683769277,114.403855922021,72.3575580008142,77.338264321593,67.3547904278915,75.4817992692816,68.1970211019045,80.7167779254265,89.2880427234112,95.3032006336488
84.2064110855696,84.1348547938262,77.2026158385814,87.3939088318625,84.9424266922648,85.7090263151648,109.180051456313,61.8462160490945,79.3621062432299,81.7125569610124,50.8745709742089,85.4674015854449,78.8882579004098,87.5950580624436,88.084035418334,80.2587404943815,88.1340654657237,67.0666442474347,79.5188604995167,56.2865225041831,73.5628893763399,69.8088649698263,89.0102915542331,81.5584296076929,89.2184627041347,84.2064110855696,84.1348547938262,77.2026158385814,87.3939088318625,84.9424266922648,85.7090263151648,109.180051456313,61.8462160490945,79.3621062432299,81.7125569610124,50.8745709742089,85.4674015854449,78.8882579004098,87.5950580624436,88.084035418334,80.2587404943815,88.1340654657237,67.0666442474347,79.5188604995167,56.2865225041831,73.5628893763399,69.8088649698263,89.0102915542331,81.5584296076929,89.2184627041347
73.1274294489001,69.7551301980768,78.0470423711031,86.0482367916638,84.8022392033119,81.0834953177223,61.8462160490945,95.4487668133538,70.4322603967325,77.9307845493554,61.0933237192845,70.1717312256035,81.1111210125523,81.5566100364674,87.7517630701247,63.8219559584003,66.5653618408239,63.1488467104189,67.3955062115999,68.312284718101,61.3585816630416,71.1992389018408,70.2168519449521,86.5334895117497,79.6561593956422,73.1274294489001,69.7551301980768,78.0470423711031,86.0482367916638,84.8022392033119,81.0834953177223,61.8462160490945,95.4487668133538,70.4322603967325,77.9307845493554,61.0933237192845,70.1717312256035,81.1111210125523,81.5566100364674,87.7517630701247,63.8219559584003,66.5653618408239,63.1488467104189,67.3955062115999,68.312284718101,61.3585816630416,71.1992389018408,70.2168519449521,86.5334895117497,79.6561593956422
72.726654017774,78.5279685421503,80.9095580915914,77.9712365215994,81.8374660535386,80.2396575242035,79.3621062432299,70.4322603967325,91.3444945112722,80.8881555758865,64.0620685260916,79.7802957693756,79.4652199279,86.4261831970453,95.7650736420019,68.2900663769018,86.6735658049564,57.6952542628617,66.7848846477975,63.6315849528788,63.3506403015218,64.9751675351562,84.236635392185,78.5397317871665,78.8554798125277,72.726654017774,78.5279685421503,80.9095580915914,77.9712365215994,81.8374660535386,80.2396575242035,79.3621062432299,70.4322603967325,91.3444945112722,80.8881555758865,64.0620685260916,79.7802957693756,79.4652199279,86.4261831970453,95.7650736420019,68.2900663769018,86.6735658049564,57.6952542628617,66.7848846477975,63.6315849528788,63.3506403015218,64.9751675351562,84.236635392185,78.5397317871665,78.8554798125277
75.5647743265816,79.1234218398503,82.9062424131498,84.0496224398743,94.8313480138508,82.6175722722774,81.7125569610124,77.9307845493554,80.8881555758865,105.797129128852,65.3361464856244,76.2987684749996,75.4333721508943,98.5897876169757,92.2164197824609,78.7009744276718,90.4514313137296,67.4730922621351,75.276733626626,66.0510518768868,74.3693490463583,67.3570901063205,85.1341227586278,82.7550525318345,90.5807465648747,75.5647743265816,79.1234218398503,82.9062424131498,84.0496224398743,94.8313480138508,82.6175722722774,81.7125569610124,77.9307845493554,80.8881555758865,105.797129128852,65.3361464856244,76.2987684749996,75.4333721508943,98.5897876169757,92.2164197824609,78.7009744276718,90.4514313137296,67.4730922621351,75.276733626626,66.0510518768868,74.3693490463583,67.3570901063205,85.1341227586278,82.7550525318345,90.5807465648747
58.7848314628436,67.3563901520471,66.4663257157703,82.8728864918888,81.5784763909603,67.7107646513525,50.8745709742089,61.0933237192845,64.0620685260916,65.3361464856244,78.8314630209035,78.830694114194,76.6999573989632,72.2475595145069,72.5787207911759,57.5967151279654,78.2020787145289,54.3442098196138,58.1013968218722,60.2967934780591,46.8010914617648,53.2029533552162,69.2353862984727,68.8376821902762,76.6877653202683,58.7848314628436,67.3563901520471,66.4663257157703,82.8728864918888,81.5784763909603,67.7107646513525,50.8745709742089,61.0933237192845,64.0620685260916,65.3361464856244,78.8314630209035,78.830694114194,76.6999573989632,72.2475595145069,72.5787207911759,57.5967151279654,78.2020787145289,54.3442098196138,58.1013968218722,60.2967934780591,46.8010914617648,53.2029533552162,69.2353862984727,68.8376821902762,76.6877653202683
82.528855492082,91.5857568050967,80.232634318123,97.6288606916156,104.857416162198,92.6636947866209,85.4674015854449,70.1717312256035,79.7802957693756,76.2987684749996,78.830694114194,114.234807619985,99.2824290320956,90.9807330176619,89.8753566711383,80.1530054141734,107.29014581373,71.9909131512436,77.7754890271057,75.0206363693969,64.4738472705407,65.7998382221902,89.4803423043736,84.8198700898018,96.5789797810778,82.528855492082,91.5857568050967,80.232634318123,97.6288606916156,104.857416162198,92.6636947866209,85.4674015854449,70.1717312256035,79.7802957693756,76.2987684749996,78.830694114194,114.234807619985,99.2824290320956,90.9807330176619,89.8753566711383,80.1530054141734,107.29014581373,71.9909131512436,77.7754890271057,75.0206363693969,64.4738472705407,65.7998382221902,89.4803423043736,84.8198700898018,96.5789797810778
88.9175449875663,101.771879830764,89.6129983504135,100.101123380551,110.341885715897,89.9855576045936,78.8882579004098,81.1111210125523,79.4652199279,75.4333721508943,76.6999573989632,99.2824290320956,127.893146053378,97.2636079778247,94.881857770537,77.4724967684476,99.7475802638699,72.2055719252228,73.1758149511979,75.66686411987,67.5980292736284,73.3436937763288,92.1255816214433,98.5638323958394,95.595880357211,88.9175449875663,101.771879830764,89.6129983504135,100.101123380551,110.341885715897,89.9855576045936,78.8882579004098,81.1111210125523,79.4652199279,75.4333721508943,76.6999573989632,99.2824290320956,127.893146053378,97.2636079778247,94.881857770537,77.4724967684476,99.7475802638699,72.2055719252228,73.1758149511979,75.66686411987,67.5980292736284,73.3436937763288,92.1255816214433,98.5638323958394,95.595880357211
89.1434576036047,101.516884355096,97.0691740702532,96.6677554159014,106.880774604596,92.8631284619963,87.5950580624436,81.5566100364674,86.4261831970453,98.5897876169757,72.2475595145069,90.9807330176619,97.2636079778247,120.410985054123,104.587820600692,88.7209995452827,115.321398282989,81.7960530289607,80.4184506715537,80.6801981198248,78.9894899803813,82.9259134655719,93.8357145751729,94.5092386670084,102.651739831252,89.1434576036047,101.516884355096,97.0691740702532,96.6677554159014,106.880774604596,92.8631284619963,87.5950580624436,81.5566100364674,86.4261831970453,98.5897876169757,72.2475595145069,90.9807330176619,97.2636079778247,120.410985054123,104.587820600692,88.7209995452827,115.321398282989,81.7960530289607,80.4184506715537,80.6801981198248,78.9894899803813,82.9259134655719,93.8357145751729,94.5092386670084,102.651739831252
96.049900276217,86.6715025966353,92.4281130214167,104.46707180529,98.8711496662209,94.2335377814682,88.084035418334,87.7517630701247,95.7650736420019,92.2164197824609,72.5787207911759,89.8753566711383,94.881857770537,104.587820600692,125.260574261454,90.1789389998421,101.213614438037,76.2353671417758,82.5172703603944,80.0398958449405,65.387346710445,85.3902091713823,95.1407095175062,94.5517660286683,106.923550349229,96.049900276217,86.6715025966353,92.4281130214167,104.46707180529,98.8711496662209,94.2335377814682,88.084035418334,87.7517630701247,95.7650736420019,92.2164197824609,72.5787207911759,89.8753566711383,94.881857770537,104.587820600692,125.260574261454,90.1789389998421,101.213614438037,76.2353671417758,82.5172703603944,80.0398958449405,65.387346710445,85.3902091713823,95.1407095175062,94.5517660286683,106.923550349229
81.0614643472427,77.6717754178587,66.898901407918,90.4435352249382,87.8789289150345,85.1176683769277,80.2587404943815,63.8219559584003,68.2900663769018,78.7009744276718,57.5967151279654,80.1530054141734,77.4724967684476,88.7209995452827,90.1789389998421,98.2592558050216,101.245379491659,73.9946055939605,71.4660390686092,73.6316174347257,57.7616911793639,63.764818915289,70.1488803158209,82.2993770360059,93.6933597085315,81.0614643472427,77.6717754178587,66.898901407918,90.4435352249382,87.8789289150345,85.1176683769277,80.2587404943815,63.8219559584003,68.2900663769018,78.7009744276718,57.5967151279654,80.1530054141734,77.4724967684476,88.7209995452827,90.1789389998421,98.2592558050216,101.245379491659,73.9946055939605,71.4660390686092,73.6316174347257,57.7616911793639,63.764818915289,70.1488803158209,82.2993770360059,93.6933597085315
91.0736259509262,93.9695583721835,83.0803491734307,115.67403374899,114.020499225717,114.403855922021,88.1340654657237,66.5653618408239,86.6735658049564,90.4514313137296,78.2020787145289,107.29014581373,99.7475802638699,115.321398282989,101.213614438037,101.245379491659,174.178021618056,85.003875883471,82.303679896509,81.0195988791169,76.3297059694263,61.5350770636891,91.6259730560779,90.0947122720647,102.024333203296,91.0736259509262,93.9695583721835,83.0803491734307,115.67403374899,114.020499225717,114.403855922021,88.1340654657237,66.5653618408239,86.6735658049564,90.4514313137296,78.2020787145289,107.29014581373,99.7475802638699,115.321398282989,101.213614438037,101.245379491659,174.178021618056,85.003875883471,82.303679896509,81.0195988791169,76.3297059694263,61.5350770636891,91.6259730560779,90.0947122720647,102.024333203296
69.7591813144771,78.3088207683669,68.6515921779462,77.5543024907565,80.6096269971743,72.3575580008142,67.0666442474347,63.1488467104189,57.6952542628617,67.4730922621351,54.3442098196138,71.9909131512436,72.2055719252228,81.7960530289607,76.2353671417758,73.9946055939605,85.003875883471,75.381183388918,61.290977576519,62.0944468649805,50.2666637430858,60.9893568743395,67.6597776808952,70.8533348174573,77.4993744604883,69.7591813144771,78.3088207683669,68.6515921779462,77.5543024907565,80.6096269971743,72.3575580008142,67.0666442474347,63.1488467104189,57.6952542628617,67.4730922621351,54.3442098196138,71.9909131512436,72.2055719252228,81.7960530289607,76.2353671417758,73.9946055939605,85.003875883471,75.381183388918,61.290977576519,62.0944468649805,50.2666637430858,60.9893568743395,67.6597776808952,70.8533348174573,77.4993744604883
71.6596996001188,68.4219360854694,73.0340341201729,91.8740616755325,88.6662660973001,77.338264321593,79.5188604995167,67.3955062115999,66.7848846477975,75.276733626626,58.1013968218722,77.7754890271057,73.1758149511979,80.4184506715537,82.5172703603944,71.4660390686092,82.303679896509,61.290977576519,80.8770510940907,65.1401383383519,60.0235908576148,68.0864893870335,77.9652682456736,79.9020847142905,88.8860272114876,71.6596996001188,68.4219360854694,73.0340341201729,91.8740616755325,88.6662660973001,77.338264321593,79.5188604995167,67.3955062115999,66.7848846477975,75.276733626626,58.1013968218722,77.7754890271057,73.1758149511979,80.4184506715537,82.5172703603944,71.4660390686092,82.303679896509,61.290977576519,80.8770510940907,65.1401383383519,60.0235908576148,68.0864893870335,77.9652682456736,79.9020847142905,88.8860272114876
62.2047189337673,70.3280993934525,68.3245749092467,77.7550919193469,84.9315402548158,67.3547904278915,56.2865225041831,68.312284718101,63.6315849528788,66.0510518768868,60.2967934780591,75.0206363693969,75.66686411987,80.6801981198248,80.0398958449405,73.6316174347257,81.0195988791169,62.0944468649805,65.1401383383519,88.4558235354532,50.4263694403383,58.9058654245727,66.5314048420762,81.406287148166,81.6382714180295,62.2047189337673,70.3280993934525,68.3245749092467,77.7550919193469,84.9315402548158,67.3547904278915,56.2865225041831,68.312284718101,63.6315849528788,66.0510518768868,60.2967934780591,75.0206363693969,75.66686411987,80.6801981198248,80.0398958449405,73.6316174347257,81.0195988791169,62.0944468649805,65.1401383383519,88.4558235354532,50.4263694403383,58.9058654245727,66.5314048420762,81.406287148166,81.6382714180295
64.7812528258635,69.8069795935691,70.9671161187271,73.9360293446167,77.1454618223639,75.4817992692816,73.5628893763399,61.3585816630416,63.3506403015218,74.3693490463583,46.8010914617648,64.4738472705407,67.5980292736284,78.9894899803813,65.387346710445,57.7616911793639,76.3297059694263,50.2666637430858,60.0235908576148,50.4263694403383,75.9225501600548,54.4613125625998,67.8840944042285,70.8829900973943,73.576933774899,64.7812528258635,69.8069795935691,70.9671161187271,73.9360293446167,77.1454618223639,75.4817992692816,73.5628893763399,61.3585816630416,63.3506403015218,74.3693490463583,46.8010914617648,64.4738472705407,67.5980292736284,78.9894899803813,65.387346710445,57.7616911793639,76.3297059694263,50.2666637430858,60.0235908576148,50.4263694403383,75.9225501600548,54.4613125625998,67.8840944042285,70.8829900973943,73.576933774899
72.2166309107436,73.8021236484108,75.736997430559,77.7382602080742,76.4272437272792,68.1970211019045,69.8088649698263,71.1992389018408,64.9751675351562,67.3570901063205,53.2029533552162,65.7998382221902,73.3436937763288,82.9259134655719,85.3902091713823,63.764818915289,61.5350770636891,60.9893568743395,68.0864893870335,58.9058654245727,54.4613125625998,78.3227505220303,71.875949845869,76.2768853867348,84.7820081683736,72.2166309107436,73.8021236484108,75.736997430559,77.7382602080742,76.4272437272792,68.1970211019045,69.8088649698263,71.1992389018408,64.9751675351562,67.3570901063205,53.2029533552162,65.7998382221902,73.3436937763288,82.9259134655719,85.3902091713823,63.764818915289,61.5350770636891,60.9893568743395,68.0864893870335,58.9058654245727,54.4613125625998,78.3227505220303,71.875949845869,76.2768853867348,84.7820081683736
82.4401290135443,88.8227362657522,90.2482365248888,87.8483204080532,98.8404930350746,80.7167779254265,89.0102915542331,70.2168519449521,84.236635392185,85.1341227586278,69.2353862984727,89.4803423043736,92.1255816214433,93.8357145751729,95.1407095175062,70.1488803158209,91.6259730560779,67.6597776808952,77.9652682456736,66.5314048420762,67.8840944042285,71.875949845869,100.691976954431,83.4762843052076,89.2491533873688,82.4401290135443,88.8227362657522,90.2482365248888,87.8483204080532,98.8404930350746,80.7167779254265,89.0102915542331,70.2168519449521,84.236635392185,85.1341227586278,69.2353862984727,89.4803423043736,92.1255816214433,93.8357145751729,95.1407095175062,70.1488803158209,91.6259730560779,67.6597776808952,77.9652682456736,66.5314048420762,67.8840944042285,71.875949845869,100.691976954431,83.4762843052076,89.2491533873688
72.9812483218797,91.0569044463991,84.6681785349136,105.17565552913,101.789124840998,89.2880427234112,81.5584296076929,86.5334895117497,78.5397317871665,82.7550525318345,68.8376821902762,84.8198700898018,98.5638323958394,94.5092386670084,94.5517660286683,82.2993770360059,90.0947122720647,70.8533348174573,79.9020847142905,81.406287148166,70.8829900973943,76.2768853867348,83.4762843052076,110.211810712085,97.5057568578704,72.9812483218797,91.0569044463991,84.6681785349136,105.17565552913,101.789124840998,89.2880427234112,81.5584296076929,86.5334895117497,78.5397317871665,82.7550525318345,68.8376821902762,84.8198700898018,98.5638323958394,94.5092386670084,94.5517660286683,82.2993770360059,90.0947122720647,70.8533348174573,79.9020847142905,81.406287148166,70.8829900973943,76.2768853867348,83.4762843052076,110.211810712085,97.5057568578704
87.3701739758667,92.0019266309352,86.3301906885782,111.202173072626,112.040219681612,95.3032006336488,89.2184627041347,79.6561593956422,78.8554798125277,90.5807465648747,76.6877653202683,96.5789797810778,95.595880357211,102.651739831252,106.923550349229,93.6933597085315,102.024333203296,77.4993744604883,88.8860272114876,81.6382714180295,73.576933774899,84.7820081683736,89.2491533873688,97.5057568578704,126.523869396298,87.3701739758667,92.0019266309352,86.3301906885782,111.202173072626,112.040219681612,95.3032006336488,89.2184627041347,79.6561593956422,78.8554798125277,90.5807465648747,76.6877653202683,96.5789797810778,95.595880357211,102.651739831252,106.923550349229,93.6933597085315,102.024333203296,77.4993744604883,88.8860272114876,81.6382714180295,73.576933774899,84.7820081683736,89.2491533873688,97.5057568578704,126.523869396298
107.802781945757,73.2083140934235,80.0414675372286,96.9236652043264,83.2588248070622,83.1491340111841,84.2065757817772,73.1275941451077,72.7268187139817,75.5649390227892,58.7849961590512,82.5290201882896,88.9177096837739,89.1436222998124,96.0500649724247,81.0616290434503,91.0737906471338,69.7593460106847,71.6598642963264,62.204883629975,64.7814175220712,72.2167956069513,82.440293709752,72.9814130180874,87.3703386720744,107.802781945757,73.2083140934235,80.0414675372286,96.9236652043264,83.2588248070622,83.1491340111841,84.2065757817772,73.1275941451077,72.7268187139817,75.5649390227892,58.7849961590512,82.5290201882896,88.9177096837739,89.1436222998124,96.0500649724247,81.0616290434503,91.0737906471338,69.7593460106847,71.6598642963264,62.204883629975,64.7814175220712,72.2167956069513,82.440293709752,72.9814130180874,87.3703386720744
73.2081493972158,114.903329194209,90.4088152129761,83.018915554427,101.775566901689,87.2718013459686,84.1348547938262,69.7551301980768,78.5279685421503,79.1234218398503,67.3563901520471,91.5857568050967,101.771879830764,101.516884355096,86.6715025966353,77.6717754178587,93.9695583721835,78.3088207683669,68.4219360854694,70.3280993934525,69.8069795935691,73.8021236484108,88.8227362657522,91.0569044463991,92.0019266309352,73.2081493972158,114.903329194209,90.4088152129761,83.018915554427,101.775566901689,87.2718013459686,84.1348547938262,69.7551301980768,78.5279685421503,79.1234218398503,67.3563901520471,91.5857568050967,101.771879830764,101.516884355096,86.6715025966353,77.6717754178587,93.9695583721835,78.3088207683669,68.4219360854694,70.3280993934525,69.8069795935691,73.8021236484108,88.8227362657522,91.0569044463991,92.0019266309352
80.041302841021,90.4088152129761,96.953750075412,86.0366619177169,97.2422402386213,81.3932374193481,77.2026158385814,78.0470423711031,80.9095580915914,82.9062424131498,66.4663257157703,80.232634318123,89.6129983504135,97.0691740702532,92.4281130214167,66.898901407918,83.0803491734307,68.6515921779462,73.0340341201729,68.3245749092467,70.9671161187271,75.736997430559,90.2482365248888,84.6681785349136,86.3301906885782,80.041302841021,90.4088152129761,96.953750075412,86.0366619177169,97.2422402386213,81.3932374193481,77.2026158385814,78.0470423711031,80.9095580915914,82.9062424131498,66.4663257157703,80.232634318123,89.6129983504135,97.0691740702532,92.4281130214167,66.898901407918,83.0803491734307,68.6515921779462,73.0340341201729,68.3245749092467,70.9671161187271,75.736997430559,90.2482365248888,84.6681785349136,86.3301906885782
96.9235005081187,83.018915554427,86.0366619177169,145.013696103919,106.635304064122,103.171027123147,87.3939088318625,86.0482367916638,77.9712365215994,84.0496224398743,82.8728864918888,97.6288606916156,100.101123380551,96.6677554159014,104.46707180529,90.4435352249382,115.67403374899,77.5543024907565,91.8740616755325,77.7550919193469,73.9360293446167,77.7382602080742,87.8483204080532,105.17565552913,111.202173072626,96.9235005081187,83.018915554427,86.0366619177169,145.013696103919,106.635304064122,103.171027123147,87.3939088318625,86.0482367916638,77.9712365215994,84.0496224398743,82.8728864918888,97.6288606916156,100.101123380551,96.6677554159014,104.46707180529,90.4435352249382,115.67403374899,77.5543024907565,91.8740616755325,77.7550919193469,73.9360293446167,77.7382602080742,87.8483204080532,105.17565552913,111.202173072626
83.2586601108546,101.775566901689,97.2422402386213,106.635304064122,129.236852208695,97.9624287892958,84.9424266922648,84.8022392033119,81.8374660535386,94.8313480138508,81.5784763909603,104.857416162198,110.341885715897,106.880774604596,98.8711496662209,87.8789289150345,114.020499225717,80.6096269971743,88.6662660973001,84.9315402548158,77.1454618223639,76.4272437272792,98.8404930350746,101.789124840998,112.040219681612,83.2586601108546,101.775566901689,97.2422402386213,106.635304064122,129.236852208695,97.9624287892958,84.9424266922648,84.8022392033119,81.8374660535386,94.8313480138508,81.5784763909603,104.857416162198,110.341885715897,106.880774604596,98.8711496662209,87.8789289150345,114.020499225717,80.6096269971743,88.6662660973001,84.9315402548158,77.1454618223639,76.4272437272792,98.8404930350746,101.789124840998,112.040219681612
83.1489693149765,87.2718013459686,81.3932374193481,103.171027123147,97.9624287892958,118.067941829821,85.7090263151648,81.0834953177223,80.2396575242035,82.6175722722774,67.7107646513525,92.6636947866209,89.9855576045936,92.8631284619963,94.2335377814682,85.1176683769277,114.403855922021,72.3575580008142,77.338264321593,67.3547904278915,75.4817992692816,68.1970211019045,80.7167779254265,89.2880427234112,95.3032006336488,83.1489693149765,87.2718013459686,81.3932374193481,103.171027123147,97.9624287892958,118.067941829821,85.7090263151648,81.0834953177223,80.2396575242035,82.6175722722774,67.7107646513525,92.6636947866209,89.9855576045936,92.8631284619963,94.2335377814682,85.1176683769277,114.403855922021,72.3575580008142,77.338264321593,67.3547904278915,75.4817992692816,68.1970211019045,80.7167779254265,89.2880427234112,95.3032006336488
84.2064110855696,84.1348547938262,77.2026158385814,87.3939088318625,84.9424266922648,85.7090263151648,109.180051456313,61.8462160490945,79.3621062432299,81.7125569610124,50.8745709742089,85.4674015854449,78.8882579004098,87.5950580624436,88.084035418334,80.2587404943815,88.1340654657237,67.0666442474347,79.5188604995167,56.2865225041831,73.5628893763399,69.8088649698263,89.0102915542331,81.5584296076929,89.2184627041347,84.2064110855696,84.1348547938262,77.2026158385814,87.3939088318625,84.9424266922648,85.7090263151648,109.180051456313,61.8462160490945,79.3621062432299,81.7125569610124,50.8745709742089,85.4674015854449,78.8882579004098,87.5950580624436,88.084035418334,80.2587404943815,88.1340654657237,67.0666442474347,79.5188604995167,56.2865225041831,73.5628893763399,69.8088649698263,89.0102915542331,81.5584296076929,89.2184627041347
73.1274294489001,69.7551301980768,78.0470423711031,86.0482367916638,84.8022392033119,81.0834953177223,61.8462160490945,95.4487668133538,70.4322603967325,77.9307845493554,61.0933237192845,70.1717312256035,81.1111210125523,81.5566100364674,87.7517630701247,63.8219559584003,66.5653618408239,63.1488467104189,67.3955062115999,68.312284718101,61.3585816630416,71.1992389018408,70.2168519449521,86.5334895117497,79.6561593956422,73.1274294489001,69.7551301980768,78.0470423711031,86.0482367916638,84.8022392033119,81.0834953177223,61.8462160490945,95.4487668133538,70.4322603967325,77.9307845493554,61.0933237192845,70.1717312256035,81.1111210125523,81.5566100364674,87.7517630701247,63.8219559584003,66.5653618408239,63.1488467104189,67.3955062115999,68.312284718101,61.3585816630416,71.1992389018408,70.2168519449521,86.5334895117497,79.6561593956422
72.726654017774,78.5279685421503,80.9095580915914,77.9712365215994,81.8374660535386,80.2396575242035,79.3621062432299,70.4322603967325,91.3444945112722,80.8881555758865,64.0620685260916,79.7802957693756,79.4652199279,86.4261831970453,95.7650736420019,68.2900663769018,86.6735658049564,57.6952542628617,66.7848846477975,63.6315849528788,63.3506403015218,64.9751675351562,84.236635392185,78.5397317871665,78.8554798125277,72.726654017774,78.5279685421503,80.9095580915914,77.9712365215994,81.8374660535386,80.2396575242035,79.3621062432299,70.4322603967325,91.3444945112722,80.8881555758865,64.0620685260916,79.7802957693756,79.4652199279,86.4261831970453,95.7650736420019,68.2900663769018,86.6735658049564,57.6952542628617,66.7848846477975,63.6315849528788,63.3506403015218,64.9751675351562,84.236635392185,78.5397317871665,78.8554798125277
75.5647743265816,79.1234218398503,82.9062424131498,84.0496224398743,94.8313480138508,82.6175722722774,81.7125569610124,77.9307845493554,80.8881555758865,105.797129128852,65.3361464856244,76.2987684749996,75.4333721508943,98.5897876169757,92.2164197824609,78.7009744276718,90.4514313137296,67.4730922621351,75.276733626626,66.0510518768868,74.3693490463583,67.3570901063205,85.1341227586278,82.7550525318345,90.5807465648747,75.5647743265816,79.1234218398503,82.9062424131498,84.0496224398743,94.8313480138508,82.6175722722774,81.7125569610124,77.9307845493554,80.8881555758865,105.797129128852,65.3361464856244,76.2987684749996,75.4333721508943,98.5897876169757,92.2164197824609,78.7009744276718,90.4514313137296,67.4730922621351,75.276733626626,66.0510518768868,74.3693490463583,67.3570901063205,85.1341227586278,82.7550525318345,90.5807465648747
58.7848314628436,67.3563901520471,66.4663257157703,82.8728864918888,81.5784763909603,67.7107646513525,50.8745709742089,61.0933237192845,64.0620685260916,65.3361464856244,78.8314630209035,78.830694114194,76.6999573989632,72.2475595145069,72.5787207911759,57.5967151279654,78.2020787145289,54.3442098196138,58.1013968218722,60.2967934780591,46.8010914617648,53.2029533552162,69.2353862984727,68.8376821902762,76.6877653202683,58.7848314628436,67.3563901520471,66.4663257157703,82.8728864918888,81.5784763909603,67.7107646513525,50.8745709742089,61.0933237192845,64.0620685260916,65.3361464856244,78.8314630209035,78.830694114194,76.6999573989632,72.2475595145069,72.5787207911759,57.5967151279654,78.2020787145289,54.3442098196138,58.1013968218722,60.2967934780591,46.8010914617648,53.2029533552162,69.2353862984727,68.8376821902762,76.6877653202683
82.528855492082,91.5857568050967,80.232634318123,97.6288606916156,104.857416162198,92.6636947866209,85.4674015854449,70.1717312256035,79.7802957693756,76.2987684749996,78.830694114194,114.234807619985,99.2824290320956,90.9807330176619,89.8753566711383,80.1530054141734,107.29014581373,71.9909131512436,77.7754890271057,75.0206363693969,64.4738472705407,65.7998382221902,89.4803423043736,84.8198700898018,96.5789797810778,82.528855492082,91.5857568050967,80.232634318123,97.6288606916156,104.857416162198,92.6636947866209,85.4674015854449,70.1717312256035,79.7802957693756,76.2987684749996,78.830694114194,114.234807619985,99.2824290320956,90.9807330176619,89.8753566711383,80.1530054141734,107.29014581373,71.9909131512436,77.7754890271057,75.0206363693969,64.4738472705407,65.7998382221902,89.4803423043736,84.8198700898018,96.5789797810778
88.9175449875663,101.771879830764,89.6129983504135,100.101123380551,110.341885715897,89.9855576045936,78.8882579004098,81.1111210125523,79.4652199279,75.4333721508943,76.6999573989632,99.2824290320956,127.893146053378,97.2636079778247,94.881857770537,77.4724967684476,99.7475802638699,72.2055719252228,73.1758149511979,75.66686411987,67.5980292736284,73.3436937763288,92.1255816214433,98.5638323958394,95.595880357211,88.9175449875663,101.771879830764,89.6129983504135,100.101123380551,110.341885715897,89.9855576045936,78.8882579004098,81.1111210125523,79.4652199279,75.4333721508943,76.6999573989632,99.2824290320956,127.893146053378,97.2636079778247,94.881857770537,77.4724967684476,99.7475802638699,72.2055719252228,73.1758149511979,75.66686411987,67.5980292736284,73.3436937763288,92.1255816214433,98.5638323958394,95.595880357211
89.1434576036047,101.516884355096,97.0691740702532,96.6677554159014,106.880774604596,92.8631284619963,87.5950580624436,81.5566100364674,86.4261831970453,98.5897876169757,72.2475595145069,90.9807330176619,97.2636079778247,120.410985054123,104.587820600692,88.7209995452827,115.321398282989,81.7960530289607,80.4184506715537,80.6801981198248,78.9894899803813,82.9259134655719,93.8357145751729,94.5092386670084,102.651739831252,89.1434576036047,101.516884355096,97.0691740702532,96.6677554159014,106.880774604596,92.8631284619963,87.5950580624436,81.5566100364674,86.4261831970453,98.5897876169757,72.2475595145069,90.9807330176619,97.2636079778247,120.410985054123,104.587820600692,88.7209995452827,115.321398282989,81.7960530289607,80.4184506715537,80.6801981198248,78.9894899803813,82.9259134655719,93.8357145751729,94.5092386670084,102.651739831252
96.049900276217,86.6715025966353,92.4281130214167,104.46707180529,98.8711496662209,94.2335377814682,88.084035418334,87.7517630701247,95.7650736420019,92.2164197824609,72.5787207911759,89.8753566711383,94.881857770537,104.587820600692,125.260574261454,90.1789389998421,101.213614438037,76.2353671417758,82.5172703603944,80.0398958449405,65.387346710445,85.3902091713823,95.1407095175062,94.5517660286683,106.923550349229,96.049900276217,86.6715025966353,92.4281130214167,104.46707180529,98.8711496662209,94.2335377814682,88.084035418334,87.7517630701247,95.7650736420019,92.2164197824609,72.5787207911759,89.8753566711383,94.881857770537,104.587820600692,125.260574261454,90.1789389998421,101.213614438037,76.2353671417758,82.5172703603944,80.0398958449405,65.387346710445,85.3902091713823,95.1407095175062,94.5517660286683,106.923550349229
81.0614643472427,77.6717754178587,66.898901407918,90.4435352249382,87.8789289150345,85.1176683769277,80.2587404943815,63.8219559584003,68.2900663769018,78.7009744276718,57.5967151279654,80.1530054141734,77.4724967684476,88.7209995452827,90.1789389998421,98.2592558050216,101.245379491659,73.9946055939605,71.4660390686092,73.6316174347257,57.7616911793639,63.764818915289,70.1488803158209,82.2993770360059,93.6933597085315,81.0614643472427,77.6717754178587,66.898901407918,90.4435352249382,87.8789289150345,85.1176683769277,80.2587404943815,63.8219559584003,68.2900663769018,78.7009744276718,57.5967151279654,80.1530054141734,77.4724967684476,88.7209995452827,90.1789389998421,98.2592558050216,101.245379491659,73.9946055939605,71.4660390686092,73.6316174347257,57.7616911793639,63.764818915289,70.1488803158209,82.2993770360059,93.6933597085315
91.0736259509262,93.9695583721835,83.0803491734307,115.67403374899,114.020499225717,114.403855922021,88.1340654657237,66.5653618408239,86.6735658049564,90.4514313137296,78.2020787145289,107.29014581373,99.7475802638699,115.321398282989,101.213614438037,101.245379491659,174.178021618056,85.003875883471,82.303679896509,81.0195988791169,76.3297059694263,61.5350770636891,91.6259730560779,90.0947122720647,102.024333203296,91.0736259509262,93.9695583721835,83.0803491734307,115.67403374899,114.020499225717,114.403855922021,88.1340654657237,66.5653618408239,86.6735658049564,90.4514313137296,78.2020787145289,107.29014581373,99.7475802638699,115.321398282989,101.213614438037,101.245379491659,174.178021618056,85.003875883471,82.303679896509,81.0195988791169,76.3297059694263,61.5350770636891,91.6259730560779,90.0947122720647,102.024333203296
69.7591813144771,78.3088207683669,68.6515921779462,77.5543024907565,80.6096269971743,72.3575580008142,67.0666442474347,63.1488467104189,57.6952542628617,67.4730922621351,54.3442098196138,71.9909131512436,72.2055719252228,81.7960530289607,76.2353671417758,73.9946055939605,85.003875883471,75.381183388918,61.290977576519,62.0944468649805,50.2666637430858,60.9893568743395,67.6597776808952,70.8533348174573,77.4993744604883,69.7591813144771,78.3088207683669,68.6515921779462,77.5543024907565,80.6096269971743,72.3575580008142,67.0666442474347,63.1488467104189,57.6952542628617,67.4730922621351,54.3442098196138,71.9909131512436,72.2055719252228,81.7960530289607,76.2353671417758,73.9946055939605,85.003875883471,75.381183388918,61.290977576519,62.0944468649805,50.2666637430858,60.9893568743395,67.6597776808952,70.8533348174573,77.4993744604883
71.6596996001188,68.4219360854694,73.0340341201729,91.8740616755325,88.6662660973001,77.338264321593,79.5188604995167,67.3955062115999,66.7848846477975,75.276733626626,58.1013968218722,77.7754890271057,73.1758149511979,80.4184506715537,82.5172703603944,71.4660390686092,82.303679896509,61.290977576519,80.8770510940907,65.1401383383519,60.0235908576148,68.0864893870335,77.9652682456736,79.9020847142905,88.8860272114876,71.6596996001188,68.4219360854694,73.0340341201729,91.8740616755325,88.6662660973001,77.338264321593,79.5188604995167,67.3955062115999,66.7848846477975,75.276733626626,58.1013968218722,77.7754890271057,73.1758149511979,80.4184506715537,82.5172703603944,71.4660390686092,82.303679896509,61.290977576519,80.8770510940907,65.1401383383519,60.0235908576148,68.0864893870335,77.9652682456736,79.9020847142905,88.8860272114876
62.2047189337673,70.3280993934525,68.3245749092467,77.7550919193469,84.9315402548158,67.3547904278915,56.2865225041831,68.312284718101,63.6315849528788,66.0510518768868,60.2967934780591,75.0206363693969,75.66686411987,80.6801981198248,80.0398958449405,73.6316174347257,81.0195988791169,62.0944468649805,65.1401383383519,88.4558235354532,50.4263694403383,58.9058654245727,66.5314048420762,81.406287148166,81.6382714180295,62.2047189337673,70.3280993934525,68.3245749092467,77.7550919193469,84.9315402548158,67.3547904278915,56.2865225041831,68.312284718101,63.6315849528788,66.0510518768868,60.2967934780591,75.0206363693969,75.66686411987,80.6801981198248,80.0398958449405,73.6316174347257,81.0195988791169,62.0944468649805,65.1401383383519,88.4558235354532,50.4263694403383,58.9058654245727,66.5314048420762,81.406287148166,81.6382714180295
64.7812528258635,69.8069795935691,70.9671161187271,73.9360293446167,77.1454618223639,75.4817992692816,73.5628893763399,61.3585816630416,63.3506403015218,74.3693490463583,46.8010914617648,64.4738472705407,67.5980292736284,78.9894899803813,65.387346710445,57.7616911793639,76.3297059694263,50.2666637430858,60.0235908576148,50.4263694403383,75.9225501600548,54.4613125625998,67.8840944042285,70.8829900973943,73.576933774899,64.7812528258635,69.8069795935691,70.9671161187271,73.9360293446167,77.1454618223639,75.4817992692816,73.5628893763399,61.3585816630416,63.3506403015218,74.3693490463583,46.8010914617648,64.4738472705407,67.5980292736284,78.9894899803813,65.387346710445,57.7616911793639,76.3297059694263,50.2666637430858,60.0235908576148,50.4263694403383,75.9225501600548,54.4613125625998,67.8840944042285,70.8829900973943,73.576933774899
72.2166309107436,73.8021236484108,75.736997430559,77.7382602080742,76.4272437272792,68.1970211019045,69.8088649698263,71.1992389018408,64.9751675351562,67.3570901063205,53.2029533552162,65.7998382221902,73.3436937763288,82.9259134655719,85.3902091713823,63.764818915289,61.5350770636891,60.9893568743395,68.0864893870335,58.9058654245727,54.4613125625998,78.3227505220303,71.875949845869,76.2768853867348,84.7820081683736,72.2166309107436,73.8021236484108,75.736997430559,77.7382602080742,76.4272437272792,68.1970211019045,69.8088649698263,71.1992389018408,64.9751675351562,67.3570901063205,53.2029533552162,65.7998382221902,73.3436937763288,82.9259134655719,85.3902091713823,63.764818915289,61.5350770636891,60.9893568743395,68.0864893870335,58.9058654245727,54.4613125625998,78.3227505220303,71.875949845869,76.2768853867348,84.7820081683736
