239.919048746803,185.717334607323,189.05457059667,194.993019415735,219.821204779402,179.494961499729,180.717632549189,221.671258567263,188.360072010925,186.747403324162,203.552820323717,197.715197608914,189.574805961621,196.866167623778,181.853842663611,167.820610364196,181.113677246754,189.602878049958,217.198417542553,181.707811755463,193.188188946063,193.662874312688,194.964221308842,186.508250499395,198.296375320362,186.986686578658,190.386362627196,197.731149383714,185.345789929658,187.760310618635,207.050644456037,203.411946590183,140.252051382718,193.400842390203,197.208021203726,219.159897894823,207.524466224332,198.341860968724,184.55892661547,188.760457659529,213.687253632334,198.516214489143,203.110870128795,208.386540184446,207.448482372491,216.687619741394,172.80799150692,226.033241831078,184.488280531225,198.277583234147,239.919048746803,185.717334607323,189.05457059667,194.993019415735,219.821204779402,179.494961499729,180.717632549189,221.671258567263,188.360072010925,186.747403324162,203.552820323717,197.715197608914,189.574805961621,196.866167623778,181.853842663611,167.820610364196,181.113677246754,189.602878049958,217.198417542553,181.707811755463,193.188188946063,193.662874312688,194.964221308842,186.508250499395,198.296375320362,186.986686578658,190.386362627196,197.731149383714,185.345789929658,187.760310618635,207.050644456037,203.411946590183,140.252051382718,193.400842390203,197.208021203726,219.159897894823,207.524466224332,198.341860968724,184.55892661547,188.760457659529,213.687253632334,198.516214489143,203.110870128795,208.386540184446,207.448482372491,216.687619741394,172.80799150692,226.033241831078,184.488280531225,198.277583234147
185.717333865644,224.137555965069,181.647901105348,201.228957715197,221.815721087938,172.324518931731,168.643506490534,203.83868938254,186.69746951004,182.879365418942,199.675189768915,197.875157769338,194.939066572492,196.451221906932,188.383826105812,172.201077829562,183.027676036769,177.267351643897,195.349621458454,172.926889111698,194.136567781195,183.507044326386,191.418855345134,183.465932251772,194.287779716155,198.496585733722,184.950336806357,200.237411077583,183.078212336574,195.15125699608,196.063801787125,207.214827437993,153.231372732932,190.141429177376,188.409011964873,207.810768745244,197.803918914806,197.620848101332,168.002203050381,182.194239656806,198.258654291097,197.424359799303,202.035355209466,200.30847127071,202.328614466805,206.881396070562,165.775278923869,221.491848991971,179.908997464928,186.727526373073,185.717333865644,224.137555965069,181.647901105348,201.228957715197,221.815721087938,172.324518931731,168.643506490534,203.83868938254,186.69746951004,182.879365418942,199.675189768915,197.875157769338,194.939066572492,196.451221906932,188.383826105812,172.201077829562,183.027676036769,177.267351643897,195.349621458454,172.926889111698,194.136567781195,183.507044326386,191.418855345134,183.465932251772,194.287779716155,198.496585733722,184.950336806357,200.237411077583,183.078212336574,195.15125699608,196.063801787125,207.214827437993,153.231372732932,190.141429177376,188.409011964873,207.810768745244,197.803918914806,197.620848101332,168.002203050381,182.194239656806,198.258654291097,197.424359799303,202.035355209466,200.30847127071,202.328614466805,206.881396070562,165.775278923869,221.491848991971,179.908997464928,186.727526373073
189.054569854991,181.647901105348,232.662715674536,204.265023820957,213.750792364362,189.195605365466,177.20361002576,213.692055386346,188.937248796763,194.011765671732,192.131693748432,186.020776962176,201.784772872894,199.41660908936,191.684730474908,181.456508712679,176.065107007658,168.726629838611,205.30929836104,173.143851604022,186.033668750427,200.927475317645,192.915031754424,187.46633695828,192.235616139209,207.753167983638,173.459301487725,190.255541472719,169.731866850745,192.941888026323,201.666629184603,204.920588494381,165.412356399865,191.293688388805,185.484542827148,203.410990826512,193.345567722777,194.761012615458,170.900476162146,179.083428615704,190.958334776142,201.80054873939,191.918458861931,200.958203257209,198.2968682072,197.909274127859,174.218890908553,226.798566487501,192.126985629698,197.116653339966,189.054569854991,181.647901105348,232.662715674536,204.265023820957,213.750792364362,189.195605365466,177.20361002576,213.692055386346,188.937248796763,194.011765671732,192.131693748432,186.020776962176,201.784772872894,199.41660908936,191.684730474908,181.456508712679,176.065107007658,168.726629838611,205.30929836104,173.143851604022,186.033668750427,200.927475317645,192.915031754424,187.46633695828,192.235616139209,207.753167983638,173.459301487725,190.255541472719,169.731866850745,192.941888026323,201.666629184603,204.920588494381,165.412356399865,191.293688388805,185.484542827148,203.410990826512,193.345567722777,194.761012615458,170.900476162146,179.083428615704,190.958334776142,201.80054873939,191.918458861931,200.958203257209,198.2968682072,197.909274127859,174.218890908553,226.798566487501,192.126985629698,197.116653339966
194.993018674056,201.228957715197,204.265023820957,257.12851255808,225.634225613516,189.970531430555,179.012167084054,222.912105687057,205.359684278634,201.03253541398,210.033193468331,193.974455207186,204.432995885872,206.59769048468,205.315195739088,184.547736556665,190.611486383635,191.424409136189,209.516052077135,188.706247817429,201.164418365893,214.254860660719,198.176726880634,195.03727191338,204.173241954935,221.752522580089,191.578992796384,191.562768131542,205.570546439943,206.906922559028,205.884645619487,230.646477645872,163.794645673217,205.977979334024,195.502183375294,215.506580243141,234.216376289193,208.536241210975,194.632079140422,193.504985410608,218.572585431772,200.205431295405,212.571629145466,220.543973617325,207.289005724713,231.468156320749,183.642674628726,233.841928717413,193.495127776333,215.399863357351,194.993018674056,201.228957715197,204.265023820957,257.12851255808,225.634225613516,189.970531430555,179.012167084054,222.912105687057,205.359684278634,201.03253541398,210.033193468331,193.974455207186,204.432995885872,206.59769048468,205.315195739088,184.547736556665,190.611486383635,191.424409136189,209.516052077135,188.706247817429,201.164418365893,214.254860660719,198.176726880634,195.03727191338,204.173241954935,221.752522580089,191.578992796384,191.562768131542,205.570546439943,206.906922559028,205.884645619487,230.646477645872,163.794645673217,205.977979334024,195.502183375294,215.506580243141,234.216376289193,208.536241210975,194.632079140422,193.504985410608,218.572585431772,200.205431295405,212.571629145466,220.543973617325,207.289005724713,231.468156320749,183.642674628726,233.841928717413,193.495127776333,215.399863357351
219.821204037723,221.815721087938,213.750792364362,225.634225613516,278.660464678821,215.396648577313,191.530215892966,244.608687103365,201.441097811364,214.114621067078,225.373104799362,213.361211549983,223.879715206323,220.250832979843,218.2283050874,190.93091425924,205.904753855898,204.793841691982,226.527713680562,194.078437995803,222.591136835073,215.816052879783,218.033223104512,204.109382998123,209.107891485901,218.347734558432,206.890289786472,224.626141200531,203.906427470666,221.942313555588,229.272250568778,231.545110718406,174.34305368737,215.393490418214,212.191518873047,241.057688365478,225.226876225268,227.631090555719,202.298198924185,210.60917069077,220.401010694773,233.076082760988,234.741023937797,239.575045223944,233.580586712097,231.897903077249,182.881711580876,245.247813343552,196.696247661117,223.853196874153,219.821204037723,221.815721087938,213.750792364362,225.634225613516,278.660464678821,215.396648577313,191.530215892966,244.608687103365,201.441097811364,214.114621067078,225.373104799362,213.361211549983,223.879715206323,220.250832979843,218.2283050874,190.93091425924,205.904753855898,204.793841691982,226.527713680562,194.078437995803,222.591136835073,215.816052879783,218.033223104512,204.109382998123,209.107891485901,218.347734558432,206.890289786472,224.626141200531,203.906427470666,221.942313555588,229.272250568778,231.545110718406,174.34305368737,215.393490418214,212.191518873047,241.057688365478,225.226876225268,227.631090555719,202.298198924185,210.60917069077,220.401010694773,233.076082760988,234.741023937797,239.575045223944,233.580586712097,231.897903077249,182.881711580876,245.247813343552,196.696247661117,223.853196874153
179.49496075805,172.324518931731,189.195605365466,189.970531430555,215.396648577313,236.733511711581,174.358703743983,209.786439469817,184.650473997709,184.015926647793,200.697462366921,179.781887758704,184.263252095447,189.962647135265,177.929671712708,175.276771841849,163.239964791766,174.302750262862,194.488014373511,159.161787060942,177.064064969553,186.198510728449,172.915607823933,184.771217382269,174.555006339773,198.160555196319,166.652803264638,182.623167341317,177.598586076665,182.111558659153,193.062869524332,193.551158651476,160.637119841166,192.031191020102,175.848955981438,195.282304683764,195.90767175737,190.070498693177,167.980522167632,178.011033615694,188.511611103315,199.155459113556,188.777295576658,196.322012159658,191.168458290213,187.990657524592,155.352290060508,230.089812566789,170.560586167457,196.09353282579,179.49496075805,172.324518931731,189.195605365466,189.970531430555,215.396648577313,236.733511711581,174.358703743983,209.786439469817,184.650473997709,184.015926647793,200.697462366921,179.781887758704,184.263252095447,189.962647135265,177.929671712708,175.276771841849,163.239964791766,174.302750262862,194.488014373511,159.161787060942,177.064064969553,186.198510728449,172.915607823933,184.771217382269,174.555006339773,198.160555196319,166.652803264638,182.623167341317,177.598586076665,182.111558659153,193.062869524332,193.551158651476,160.637119841166,192.031191020102,175.848955981438,195.282304683764,195.90767175737,190.070498693177,167.980522167632,178.011033615694,188.511611103315,199.155459113556,188.777295576658,196.322012159658,191.168458290213,187.990657524592,155.352290060508,230.089812566789,170.560586167457,196.09353282579
180.71763180751,168.643506490534,177.20361002576,179.012167084054,191.530215892966,174.358703743983,222.032348993113,193.924832071351,175.944785458294,163.902643478791,202.92772211326,182.954311194365,175.271509728022,179.589112072218,172.834242803881,161.400419657337,169.537201032958,164.98179461481,184.875137132198,150.901877817574,179.627025876907,190.398979806806,175.80353287789,180.331572907665,177.233233815516,183.12634175597,182.668978933776,179.917173767398,159.335173081168,178.609838680169,190.862799905955,198.610200880575,152.228853355952,181.086369127184,188.550487554934,196.030758674384,192.798601644278,179.622378082107,174.76479628014,179.425311374309,193.576908652471,192.467567695565,177.063900366813,185.199812059121,186.085558802728,197.329726187272,147.416020335633,199.747758155249,185.453475751228,178.485307624789,180.71763180751,168.643506490534,177.20361002576,179.012167084054,191.530215892966,174.358703743983,222.032348993113,193.924832071351,175.944785458294,163.902643478791,202.92772211326,182.954311194365,175.271509728022,179.589112072218,172.834242803881,161.400419657337,169.537201032958,164.98179461481,184.875137132198,150.901877817574,179.627025876907,190.398979806806,175.80353287789,180.331572907665,177.233233815516,183.12634175597,182.668978933776,179.917173767398,159.335173081168,178.609838680169,190.862799905955,198.610200880575,152.228853355952,181.086369127184,188.550487554934,196.030758674384,192.798601644278,179.622378082107,174.76479628014,179.425311374309,193.576908652471,192.467567695565,177.063900366813,185.199812059121,186.085558802728,197.329726187272,147.416020335633,199.747758155249,185.453475751228,178.485307624789
221.671257825583,203.83868938254,213.692055386346,222.912105687057,244.608687103365,209.786439469817,193.924832071351,268.540680480816,200.20119948089,203.195425814843,235.360637590276,219.839288664661,220.97895791829,218.170075962576,200.417696838163,194.394987474725,204.280262943286,201.770270454884,230.39144468874,193.673466901387,214.564748083816,227.181553952684,213.000651132443,204.553252530392,197.927529383055,215.125542308693,203.514959778492,207.439230198379,190.280755557429,211.401692968447,226.251514251957,232.485494925265,166.480768570438,219.457220060286,217.561396583808,229.660548310281,218.952713681111,205.64517181925,189.756586342181,207.741699734826,210.121382520361,218.30318305129,221.436142954419,229.473223682397,212.834227822985,227.480554521299,187.782973310508,242.111202133491,201.205463328533,214.693386297238,221.671257825583,203.83868938254,213.692055386346,222.912105687057,244.608687103365,209.786439469817,193.924832071351,268.540680480816,200.20119948089,203.195425814843,235.360637590276,219.839288664661,220.97895791829,218.170075962576,200.417696838163,194.394987474725,204.280262943286,201.770270454884,230.39144468874,193.673466901387,214.564748083816,227.181553952684,213.000651132443,204.553252530392,197.927529383055,215.125542308693,203.514959778492,207.439230198379,190.280755557429,211.401692968447,226.251514251957,232.485494925265,166.480768570438,219.457220060286,217.561396583808,229.660548310281,218.952713681111,205.64517181925,189.756586342181,207.741699734826,210.121382520361,218.30318305129,221.436142954419,229.473223682397,212.834227822985,227.480554521299,187.782973310508,242.111202133491,201.205463328533,214.693386297238
188.360071269246,186.69746951004,188.937248796763,205.359684278634,201.441097811364,184.650473997709,175.944785458294,200.20119948089,231.924842472018,183.051108651505,186.050382903,177.844627340304,193.595454690382,192.07221699736,177.412535067206,162.771834063471,178.028795433383,171.805294077794,205.59249353628,166.757471212049,190.418151926495,196.595723958285,185.202003412786,185.826201387396,180.988392197118,207.317854858969,171.373812538047,179.95809167301,181.318087156448,180.8439595593,194.050635572589,201.366107672258,139.287160802216,183.691590673091,184.142384256402,216.456241098866,213.057434546724,202.220885198395,171.988806994954,182.94074852544,207.124541869495,185.976406207289,175.24220803657,186.933677017205,194.951087189509,199.68940059151,165.277559512923,217.138383618681,178.329017796583,207.831662305951,188.360071269246,186.69746951004,188.937248796763,205.359684278634,201.441097811364,184.650473997709,175.944785458294,200.20119948089,231.924842472018,183.051108651505,186.050382903,177.844627340304,193.595454690382,192.07221699736,177.412535067206,162.771834063471,178.028795433383,171.805294077794,205.59249353628,166.757471212049,190.418151926495,196.595723958285,185.202003412786,185.826201387396,180.988392197118,207.317854858969,171.373812538047,179.95809167301,181.318087156448,180.8439595593,194.050635572589,201.366107672258,139.287160802216,183.691590673091,184.142384256402,216.456241098866,213.057434546724,202.220885198395,171.988806994954,182.94074852544,207.124541869495,185.976406207289,175.24220803657,186.933677017205,194.951087189509,199.68940059151,165.277559512923,217.138383618681,178.329017796583,207.831662305951
186.747402582483,182.879365418942,194.011765671732,201.03253541398,214.114621067078,184.015926647793,163.902643478791,203.195425814843,183.051108651505,217.059954047512,194.506306348344,173.191652793934,201.515044251987,187.933606520455,185.10768715021,169.651814654759,175.196190541881,173.881368933914,206.147616198734,173.581047814806,187.125857803796,187.748278778145,190.944558314729,178.647981017253,181.939518570621,204.741175258649,180.767926012089,197.189087944092,173.813712669582,189.666999536348,202.936966776045,194.818195118271,150.298547345895,186.191031019848,182.634963537756,195.32064436851,191.880879254316,199.921850307987,176.772773670783,179.930528711596,196.840578179082,191.171463047679,200.010357146935,212.023443794238,193.666107411934,204.062580282775,166.443680450153,218.268223942352,187.201790661552,187.208254119727,186.747402582483,182.879365418942,194.011765671732,201.03253541398,214.114621067078,184.015926647793,163.902643478791,203.195425814843,183.051108651505,217.059954047512,194.506306348344,173.191652793934,201.515044251987,187.933606520455,185.10768715021,169.651814654759,175.196190541881,173.881368933914,206.147616198734,173.581047814806,187.125857803796,187.748278778145,190.944558314729,178.647981017253,181.939518570621,204.741175258649,180.767926012089,197.189087944092,173.813712669582,189.666999536348,202.936966776045,194.818195118271,150.298547345895,186.191031019848,182.634963537756,195.32064436851,191.880879254316,199.921850307987,176.772773670783,179.930528711596,196.840578179082,191.171463047679,200.010357146935,212.023443794238,193.666107411934,204.062580282775,166.443680450153,218.268223942352,187.201790661552,187.208254119727
203.552819582038,199.675189768915,192.131693748432,210.033193468331,225.373104799362,200.697462366921,202.92772211326,235.360637590276,186.050382903,194.506306348344,263.527835250719,199.166538267847,207.055554458424,221.728191369972,203.000526249697,176.325001255534,194.66430583155,179.629911276777,222.863018135095,175.772561978106,207.101771785602,224.790492188973,204.057751461683,190.599209027729,186.961168981616,215.088218893017,209.204468877867,205.792354983762,184.038991100143,209.300898402509,221.396702556307,234.492415484955,166.807704019277,202.731719835992,205.914135869504,209.225698763843,219.94079684168,199.660692476435,190.028216500346,195.139551919828,213.035415065591,210.52691869955,227.267200403475,217.525782397361,215.191721549944,227.868737244315,171.761729226608,235.189679961837,197.796580709266,211.130879563165,203.552819582038,199.675189768915,192.131693748432,210.033193468331,225.373104799362,200.697462366921,202.92772211326,235.360637590276,186.050382903,194.506306348344,263.527835250719,199.166538267847,207.055554458424,221.728191369972,203.000526249697,176.325001255534,194.66430583155,179.629911276777,222.863018135095,175.772561978106,207.101771785602,224.790492188973,204.057751461683,190.599209027729,186.961168981616,215.088218893017,209.204468877867,205.792354983762,184.038991100143,209.300898402509,221.396702556307,234.492415484955,166.807704019277,202.731719835992,205.914135869504,209.225698763843,219.94079684168,199.660692476435,190.028216500346,195.139551919828,213.035415065591,210.52691869955,227.267200403475,217.525782397361,215.191721549944,227.868737244315,171.761729226608,235.189679961837,197.796580709266,211.130879563165
197.715196867235,197.875157769338,186.020776962176,193.974455207186,213.361211549983,179.781887758704,182.954311194365,219.839288664661,177.844627340304,173.191652793934,199.166538267847,226.704720821445,193.593853998418,199.018318171319,178.754673337323,168.680136402916,181.012675721231,194.279860133034,200.601231602671,177.30846610199,198.563279678339,194.763218629254,191.288908346921,194.099852072242,179.837224044573,192.81946160111,185.081307000147,189.297434213565,180.554655750026,190.908830045676,203.044637208086,204.132753033003,146.383869106174,192.942486367818,197.710475983441,211.49004189633,191.930979948553,196.506758284715,162.595767475968,180.599252623448,187.419268401561,198.325081279296,194.891755510559,210.759467909729,189.201306437066,207.300635550919,172.847756692235,223.934252135274,173.865801403373,182.738442848999,197.715196867235,197.875157769338,186.020776962176,193.974455207186,213.361211549983,179.781887758704,182.954311194365,219.839288664661,177.844627340304,173.191652793934,199.166538267847,226.704720821445,193.593853998418,199.018318171319,178.754673337323,168.680136402916,181.012675721231,194.279860133034,200.601231602671,177.30846610199,198.563279678339,194.763218629254,191.288908346921,194.099852072242,179.837224044573,192.81946160111,185.081307000147,189.297434213565,180.554655750026,190.908830045676,203.044637208086,204.132753033003,146.383869106174,192.942486367818,197.710475983441,211.49004189633,191.930979948553,196.506758284715,162.595767475968,180.599252623448,187.419268401561,198.325081279296,194.891755510559,210.759467909729,189.201306437066,207.300635550919,172.847756692235,223.934252135274,173.865801403373,182.738442848999
189.574805219942,194.939066572492,201.784772872894,204.432995885872,223.879715206323,184.263252095447,175.271509728022,220.97895791829,193.595454690382,201.515044251987,207.055554458424,193.593853998418,247.156276824884,203.271343250871,188.80926907041,170.311102967065,178.936368370924,172.076419181902,214.81995717909,169.089276242601,205.867430734596,210.667207528255,186.965948718482,191.606279438904,173.027883787443,206.410381979292,198.666492557184,201.881139409155,172.005042801012,196.428170962567,205.021170256006,212.629744019738,153.590185079292,191.12260959616,194.243769353217,217.618390130553,200.233881695114,198.556019392409,178.927664520961,183.167411504459,206.232005929366,198.71437639649,203.638420845808,216.377603171192,206.304854862713,211.537933725347,168.155858809771,224.848523348931,180.395724150567,201.072175270307,189.574805219942,194.939066572492,201.784772872894,204.432995885872,223.879715206323,184.263252095447,175.271509728022,220.97895791829,193.595454690382,201.515044251987,207.055554458424,193.593853998418,247.156276824884,203.271343250871,188.80926907041,170.311102967065,178.936368370924,172.076419181902,214.81995717909,169.089276242601,205.867430734596,210.667207528255,186.965948718482,191.606279438904,173.027883787443,206.410381979292,198.666492557184,201.881139409155,172.005042801012,196.428170962567,205.021170256006,212.629744019738,153.590185079292,191.12260959616,194.243769353217,217.618390130553,200.233881695114,198.556019392409,178.927664520961,183.167411504459,206.232005929366,198.71437639649,203.638420845808,216.377603171192,206.304854862713,211.537933725347,168.155858809771,224.848523348931,180.395724150567,201.072175270307
196.866166882099,196.451221906932,199.41660908936,206.59769048468,220.250832979843,189.962647135265,179.589112072218,218.170075962576,192.07221699736,187.933606520455,221.728191369972,199.018318171319,203.271343250871,256.066356529788,208.418134860784,166.592307870041,191.745457853258,181.555010625287,210.072656940213,184.592702726936,199.239714551558,231.728565684147,211.928193498145,192.645367990161,191.373478267803,216.402313892322,207.682451375116,207.693207353442,185.454005730205,199.252232628926,217.880762694672,227.708025119994,153.416731924076,196.850225552307,193.857634746265,215.395281900141,224.206329520132,208.966890294777,180.910297513555,182.823319730136,208.947915087947,217.699411014161,215.797586042448,222.18147343874,208.361762067563,211.573704281268,180.809203027022,224.518466320154,192.931727502862,215.447759786205,196.866166882099,196.451221906932,199.41660908936,206.59769048468,220.250832979843,189.962647135265,179.589112072218,218.170075962576,192.07221699736,187.933606520455,221.728191369972,199.018318171319,203.271343250871,256.066356529788,208.418134860784,166.592307870041,191.745457853258,181.555010625287,210.072656940213,184.592702726936,199.239714551558,231.728565684147,211.928193498145,192.645367990161,191.373478267803,216.402313892322,207.682451375116,207.693207353442,185.454005730205,199.252232628926,217.880762694672,227.708025119994,153.416731924076,196.850225552307,193.857634746265,215.395281900141,224.206329520132,208.966890294777,180.910297513555,182.823319730136,208.947915087947,217.699411014161,215.797586042448,222.18147343874,208.361762067563,211.573704281268,180.809203027022,224.518466320154,192.931727502862,215.447759786205
181.853841921932,188.383826105812,191.684730474908,205.315195739088,218.2283050874,177.929671712708,172.834242803881,200.417696838163,177.412535067206,185.10768715021,203.000526249697,178.754673337323,188.80926907041,208.418134860784,228.464531294011,162.984247845476,182.853797550492,169.131469543775,199.423116447631,159.09813558917,188.293364652429,207.065860849656,190.127473012694,174.654375608213,186.547435971704,203.736191167077,192.843645846988,204.508936579301,176.259547193637,191.872711441149,211.166180113594,203.268303349595,140.01310477755,183.567429358466,178.823678911548,200.012289122284,212.681520275125,193.577941202612,179.249673393936,172.183580652061,211.964887092033,192.867532707694,206.575124443284,202.337491770266,208.131831346909,220.505396003586,169.669596949723,203.203618984016,181.484905060148,190.420556929508,181.853841921932,188.383826105812,191.684730474908,205.315195739088,218.2283050874,177.929671712708,172.834242803881,200.417696838163,177.412535067206,185.10768715021,203.000526249697,178.754673337323,188.80926907041,208.418134860784,228.464531294011,162.984247845476,182.853797550492,169.131469543775,199.423116447631,159.09813558917,188.293364652429,207.065860849656,190.127473012694,174.654375608213,186.547435971704,203.736191167077,192.843645846988,204.508936579301,176.259547193637,191.872711441149,211.166180113594,203.268303349595,140.01310477755,183.567429358466,178.823678911548,200.012289122284,212.681520275125,193.577941202612,179.249673393936,172.183580652061,211.964887092033,192.867532707694,206.575124443284,202.337491770266,208.131831346909,220.505396003586,169.669596949723,203.203618984016,181.484905060148,190.420556929508
167.820609622516,172.201077829562,181.456508712679,184.547736556665,190.93091425924,175.276771841849,161.400419657337,194.394987474725,162.771834063471,169.651814654759,176.325001255534,168.680136402916,170.311102967065,166.592307870041,162.984247845476,204.535499204146,153.026071400308,166.533318315849,178.708730969655,152.279782728208,168.782567483532,162.829369651527,169.329831067871,171.03215868765,194.973545955106,180.45177829991,156.439783457572,186.256874836624,163.126707421248,168.339302161037,181.889546566663,179.506595003713,151.995495728977,174.608052495517,169.923457933398,183.613030778428,171.550291560788,167.282174124784,148.488128612514,166.683726399738,181.287912125458,183.300707362924,171.650384813976,183.199951949935,177.343586171951,186.910329573369,150.720304148437,199.526947367888,176.851486368707,161.476494589072,167.820609622516,172.201077829562,181.456508712679,184.547736556665,190.93091425924,175.276771841849,161.400419657337,194.394987474725,162.771834063471,169.651814654759,176.325001255534,168.680136402916,170.311102967065,166.592307870041,162.984247845476,204.535499204146,153.026071400308,166.533318315849,178.708730969655,152.279782728208,168.782567483532,162.829369651527,169.329831067871,171.03215868765,194.973545955106,180.45177829991,156.439783457572,186.256874836624,163.126707421248,168.339302161037,181.889546566663,179.506595003713,151.995495728977,174.608052495517,169.923457933398,183.613030778428,171.550291560788,167.282174124784,148.488128612514,166.683726399738,181.287912125458,183.300707362924,171.650384813976,183.199951949935,177.343586171951,186.910329573369,150.720304148437,199.526947367888,176.851486368707,161.476494589072
181.113676505075,183.027676036769,176.065107007658,190.611486383635,205.904753855898,163.239964791766,169.537201032958,204.280262943286,178.028795433383,175.196190541881,194.66430583155,181.012675721231,178.936368370924,191.745457853258,182.853797550492,153.026071400308,206.974434970669,175.557781998644,196.758503682511,153.13952481988,193.924616755727,182.630847978164,188.743815936855,169.319536369173,178.966932191037,184.652616477208,178.921843172617,180.710893147167,173.428185426032,182.077925583953,201.578091577314,206.678159127493,137.496089768689,183.923048834116,180.897390881827,210.054011100505,200.148434972015,182.559999864158,168.324459000368,177.612044942025,190.666211251116,192.084727159174,184.47984822425,187.923391373447,180.478489217641,198.758811197359,170.375617773656,196.375468930958,182.141706634858,185.9390592252,181.113676505075,183.027676036769,176.065107007658,190.611486383635,205.904753855898,163.239964791766,169.537201032958,204.280262943286,178.028795433383,175.196190541881,194.66430583155,181.012675721231,178.936368370924,191.745457853258,182.853797550492,153.026071400308,206.974434970669,175.557781998644,196.758503682511,153.13952481988,193.924616755727,182.630847978164,188.743815936855,169.319536369173,178.966932191037,184.652616477208,178.921843172617,180.710893147167,173.428185426032,182.077925583953,201.578091577314,206.678159127493,137.496089768689,183.923048834116,180.897390881827,210.054011100505,200.148434972015,182.559999864158,168.324459000368,177.612044942025,190.666211251116,192.084727159174,184.47984822425,187.923391373447,180.478489217641,198.758811197359,170.375617773656,196.375468930958,182.141706634858,185.9390592252
189.602877308279,177.267351643897,168.726629838611,191.424409136189,204.793841691982,174.302750262862,164.98179461481,201.770270454884,171.805294077794,173.881368933914,179.629911276777,194.279860133034,172.076419181902,181.555010625287,169.131469543775,166.533318315849,175.557781998644,217.412606842727,196.56326895362,168.598015801822,191.558692966164,177.836357173567,180.370738970133,176.664584318179,183.838382275601,183.666682751978,172.021751186225,180.671557470977,180.664577620746,182.887247727346,191.355378284681,191.406057885133,151.245753902656,187.268125006748,178.135816568858,207.622253933926,191.814783236225,193.176889841865,169.278799809247,173.432276255454,197.491993611729,190.452155838389,191.6259592692,202.910771901085,177.625499660897,201.805931782631,168.766417910448,218.007140960972,175.95920421904,175.504195161543,189.602877308279,177.267351643897,168.726629838611,191.424409136189,204.793841691982,174.302750262862,164.98179461481,201.770270454884,171.805294077794,173.881368933914,179.629911276777,194.279860133034,172.076419181902,181.555010625287,169.131469543775,166.533318315849,175.557781998644,217.412606842727,196.56326895362,168.598015801822,191.558692966164,177.836357173567,180.370738970133,176.664584318179,183.838382275601,183.666682751978,172.021751186225,180.671557470977,180.664577620746,182.887247727346,191.355378284681,191.406057885133,151.245753902656,187.268125006748,178.135816568858,207.622253933926,191.814783236225,193.176889841865,169.278799809247,173.432276255454,197.491993611729,190.452155838389,191.6259592692,202.910771901085,177.625499660897,201.805931782631,168.766417910448,218.007140960972,175.95920421904,175.504195161543
217.198416800874,195.349621458454,205.30929836104,209.516052077135,226.527713680562,194.488014373511,184.875137132198,230.39144468874,205.59249353628,206.147616198734,222.863018135095,200.601231602671,214.81995717909,210.072656940213,199.423116447631,178.708730969655,196.758503682511,196.56326895362,262.489870255471,179.094843871052,206.234284045575,207.765342757688,210.390625609706,187.8106025233,198.791062506395,213.006581391891,208.443366805441,205.790937205967,192.504222528649,200.306945599791,215.753674681536,229.674635161248,151.817375638185,200.319526692028,200.889319723891,229.505158160053,212.265718182589,197.762953129785,191.441209828797,190.22412152803,223.525913392208,201.344699416234,222.005403720914,227.6689441106,216.00881826244,225.440144160011,178.274251629792,235.583002857,194.874176498401,200.860272599645,217.198416800874,195.349621458454,205.30929836104,209.516052077135,226.527713680562,194.488014373511,184.875137132198,230.39144468874,205.59249353628,206.147616198734,222.863018135095,200.601231602671,214.81995717909,210.072656940213,199.423116447631,178.708730969655,196.758503682511,196.56326895362,262.489870255471,179.094843871052,206.234284045575,207.765342757688,210.390625609706,187.8106025233,198.791062506395,213.006581391891,208.443366805441,205.790937205967,192.504222528649,200.306945599791,215.753674681536,229.674635161248,151.817375638185,200.319526692028,200.889319723891,229.505158160053,212.265718182589,197.762953129785,191.441209828797,190.22412152803,223.525913392208,201.344699416234,222.005403720914,227.6689441106,216.00881826244,225.440144160011,178.274251629792,235.583002857,194.874176498401,200.860272599645
181.707811013784,172.926889111698,173.143851604022,188.706247817429,194.078437995803,159.161787060942,150.901877817574,193.673466901387,166.757471212049,173.581047814806,175.772561978106,177.30846610199,169.089276242601,184.592702726936,159.09813558917,152.279782728208,153.13952481988,168.598015801822,179.094843871052,199.576407366777,173.757258227834,187.398405416372,184.123714973127,172.224235071722,172.218896298646,184.738705468027,178.586528175671,166.772950427899,168.704915627045,181.743648974001,176.688430911868,185.441986851773,140.276544182885,167.122746897132,176.630951481243,180.37255425631,182.389195492683,182.704838634119,151.89676274238,171.746181632697,175.321510864664,184.726904697413,192.468697388967,192.026561712584,177.502509545899,193.345891643213,153.545377708139,206.740352539975,154.922628275503,169.102983952033,181.707811013784,172.926889111698,173.143851604022,188.706247817429,194.078437995803,159.161787060942,150.901877817574,193.673466901387,166.757471212049,173.581047814806,175.772561978106,177.30846610199,169.089276242601,184.592702726936,159.09813558917,152.279782728208,153.13952481988,168.598015801822,179.094843871052,199.576407366777,173.757258227834,187.398405416372,184.123714973127,172.224235071722,172.218896298646,184.738705468027,178.586528175671,166.772950427899,168.704915627045,181.743648974001,176.688430911868,185.441986851773,140.276544182885,167.122746897132,176.630951481243,180.37255425631,182.389195492683,182.704838634119,151.89676274238,171.746181632697,175.321510864664,184.726904697413,192.468697388967,192.026561712584,177.502509545899,193.345891643213,153.545377708139,206.740352539975,154.922628275503,169.102983952033
193.188188204384,194.136567781195,186.033668750427,201.164418365893,222.591136835073,177.064064969553,179.627025876907,214.564748083816,190.418151926495,187.125857803796,207.101771785602,198.563279678339,205.867430734596,199.239714551558,188.293364652429,168.782567483532,193.924616755727,191.558692966164,206.234284045575,173.757258227834,250.214675613297,191.811176579584,191.30005734946,199.23376081081,182.630863208443,201.69035419574,201.725734273665,197.394999520133,186.469489988213,198.702567870552,223.790868041094,210.351914672731,157.199947202741,194.81962848098,197.250876722417,221.23558431931,205.236283487628,209.919468926749,177.998926625242,180.353317062948,211.540277545913,201.708882913454,197.468767476627,207.073218666705,197.625744000124,209.271726254085,183.226084278423,221.036077518518,196.558841982489,199.553915743767,193.188188204384,194.136567781195,186.033668750427,201.164418365893,222.591136835073,177.064064969553,179.627025876907,214.564748083816,190.418151926495,187.125857803796,207.101771785602,198.563279678339,205.867430734596,199.239714551558,188.293364652429,168.782567483532,193.924616755727,191.558692966164,206.234284045575,173.757258227834,250.214675613297,191.811176579584,191.30005734946,199.23376081081,182.630863208443,201.69035419574,201.725734273665,197.394999520133,186.469489988213,198.702567870552,223.790868041094,210.351914672731,157.199947202741,194.81962848098,197.250876722417,221.23558431931,205.236283487628,209.919468926749,177.998926625242,180.353317062948,211.540277545913,201.708882913454,197.468767476627,207.073218666705,197.625744000124,209.271726254085,183.226084278423,221.036077518518,196.558841982489,199.553915743767
193.662873571008,183.507044326386,200.927475317645,214.254860660719,215.816052879783,186.198510728449,190.398979806806,227.181553952684,196.595723958285,187.748278778145,224.790492188973,194.763218629254,210.667207528255,231.728565684147,207.065860849656,162.829369651527,182.630847978164,177.836357173567,207.765342757688,187.398405416372,191.811176579584,259.978186286125,203.172624112823,196.520041957257,180.619380571805,223.849243864451,207.41361842981,200.892675470178,171.641719308414,197.151702025846,212.718825231158,225.532940989654,150.487307018979,190.150473891606,197.560678721236,201.709326205601,222.475802755727,198.607909854542,189.786661550736,189.731370028827,204.467637907889,202.890331022484,208.018943455696,218.93110647174,209.820348316337,221.540264611382,179.149162059156,223.156058631009,184.879985936435,211.47841660502,193.662873571008,183.507044326386,200.927475317645,214.254860660719,215.816052879783,186.198510728449,190.398979806806,227.181553952684,196.595723958285,187.748278778145,224.790492188973,194.763218629254,210.667207528255,231.728565684147,207.065860849656,162.829369651527,182.630847978164,177.836357173567,207.765342757688,187.398405416372,191.811176579584,259.978186286125,203.172624112823,196.520041957257,180.619380571805,223.849243864451,207.41361842981,200.892675470178,171.641719308414,197.151702025846,212.718825231158,225.532940989654,150.487307018979,190.150473891606,197.560678721236,201.709326205601,222.475802755727,198.607909854542,189.786661550736,189.731370028827,204.467637907889,202.890331022484,208.018943455696,218.93110647174,209.820348316337,221.540264611382,179.149162059156,223.156058631009,184.879985936435,211.47841660502
194.964220567163,191.418855345134,192.915031754424,198.176726880634,218.033223104512,172.915607823933,175.80353287789,213.000651132443,185.202003412786,190.944558314729,204.057751461683,191.288908346921,186.965948718482,211.928193498145,190.127473012694,169.329831067871,188.743815936855,180.370738970133,210.390625609706,184.123714973127,191.30005734946,203.172624112823,228.032670392089,175.593226457185,190.437993702448,205.981408750911,194.131956681177,191.671324551342,172.887976626486,187.785442414556,216.18790262798,210.279389448518,150.595411571557,197.30807060668,190.928781287771,209.908465849844,200.952431532045,202.509060559608,176.67130933748,179.795975237781,189.999961453315,206.458947111737,207.453325220799,206.980006394808,191.395543492314,202.587388085763,162.612636900901,214.556512554869,189.465510705728,198.247490607252,194.964220567163,191.418855345134,192.915031754424,198.176726880634,218.033223104512,172.915607823933,175.80353287789,213.000651132443,185.202003412786,190.944558314729,204.057751461683,191.288908346921,186.965948718482,211.928193498145,190.127473012694,169.329831067871,188.743815936855,180.370738970133,210.390625609706,184.123714973127,191.30005734946,203.172624112823,228.032670392089,175.593226457185,190.437993702448,205.981408750911,194.131956681177,191.671324551342,172.887976626486,187.785442414556,216.18790262798,210.279389448518,150.595411571557,197.30807060668,190.928781287771,209.908465849844,200.952431532045,202.509060559608,176.67130933748,179.795975237781,189.999961453315,206.458947111737,207.453325220799,206.980006394808,191.395543492314,202.587388085763,162.612636900901,214.556512554869,189.465510705728,198.247490607252
